0 0.020231 0.455088 0.040461 0.169964
2 0.384639 0.3956 0.114726 0.196673
0 0.542387 0.398028 0.042339 0.065558
0 0.494584 0.396567 0.039608 0.067491
0 0.448831 0.410169 0.03551 0.080126
0 0.47478 0.38346 0.021853 0.031565
2 0.498682 0.347039 0.031413 0.055845
2 0.474098 0.354323 0.017755 0.036421
0 0.46044 0.372534 0.015024 0.019424
5 0.141529 0.390744 0.013658 0.046133
5 0.121043 0.394386 0.019121 0.058273
5 0.615456 0.423523 0.019121 0.092266
5 0.594969 0.415025 0.021853 0.089838
5 0.653698 0.398028 0.016389 0.070414
5 0.988315 0.451446 0.021853 0.16268
5 0.166113 0.394386 0.016389 0.06313
5 0.686477 0.411383 0.016389 0.077698
5 0.777984 0.410169 0.027316 0.089838
5 0.807349 0.421095 0.020487 0.097122
5 0.831933 0.417453 0.023218 0.114119
5 0.866077 0.429593 0.02595 0.138399
5 0.85242 0.428379 0.020487 0.111691
0 0.321861 0.386953 0.010547 0.035156
