0 0.488633 0.537187 0.019775 0.028125
0 0.516319 0.537187 0.032959 0.070312
0 0.593443 0.525468 0.010547 0.028125
0 0.599375 0.531328 0.011865 0.025781
0 0.607285 0.533672 0.011865 0.035156
0 0.617173 0.533672 0.01582 0.044531
0 0.708799 0.571171 0.077783 0.133594
0 0.436558 0.55125 0.100195 0.145312
0 0.557847 0.554765 0.065918 0.091406
0 0.637608 0.536015 0.046143 0.058594
0 0.805039 0.585234 0.188525 0.232031
0 0.180137 0.591093 0.154248 0.13125
5 0.240782 0.544218 0.009229 0.023437
0 0.027776 0.778593 0.055552 0.271875
0 0.971811 0.75164 0.055371 0.377343
