0 0.483069 0.247038 0.007198 0.019194
0 0.465074 0.24064 0.021594 0.027725
0 0.457877 0.2609 0.028791 0.042654
0 0.432084 0.24917 0.017995 0.02346
0 0.396695 0.245971 0.045586 0.034123
0 0.415889 0.283294 0.057583 0.074645
0 0.237742 0.305687 0.116365 0.132227
0 0.333114 0.309952 0.115166 0.149289
0 0.533211 0.239184 0.016308 0.033344
0 0.510661 0.245971 0.031191 0.05545
0 0.631225 0.273696 0.03479 0.076777
0 0.574242 0.317417 0.103169 0.198341
0 0.034596 0.464573 0.069192 0.437204
5 0.68341 0.27263 0.014396 0.074644
0 0.906486 0.507227 0.187029 0.415877
