0 0.667147 0.520031 0.010531 0.016641
0 0.661882 0.527312 0.009361 0.014561
0 0.661882 0.534592 0.009361 0.016641
0 0.654276 0.539792 0.012871 0.014561
0 0.668902 0.544993 0.018721 0.024961
0 0.663052 0.564754 0.014041 0.022881
0 0.702249 0.539792 0.00819 0.018721
0 0.732086 0.528352 0.009361 0.016641
0 0.729746 0.547073 0.018721 0.029122
0 0.731501 0.565794 0.029252 0.062404
0 0.704589 0.565794 0.010531 0.024961
0 0.686453 0.562674 0.030422 0.039522
0 0.62912 0.555393 0.051483 0.079045
0 0.500997 0.554353 0.024571 0.043683
0 0.463555 0.538752 0.052653 0.074884
0 0.386915 0.547073 0.049143 0.062404
0 0.327827 0.539792 0.080735 0.089445
0 0.229541 0.542913 0.132218 0.095686
0 0.558331 0.584515 0.104136 0.153929
0 0.815161 0.610517 0.189551 0.218413
