0 0.432327 0.442259 0.008773 0.013864
0 0.424041 0.441393 0.009748 0.015597
0 0.413319 0.445725 0.011698 0.020796
0 0.402596 0.442259 0.017547 0.027728
0 0.377251 0.446592 0.038992 0.043325
0 0.341183 0.447458 0.038992 0.045058
0 0.296342 0.449191 0.019496 0.045058
0 0.273434 0.460456 0.057514 0.060655
0 0.218844 0.463922 0.057514 0.067587
0 0.195936 0.430995 0.046791 0.032927
0 0.577574 0.45439 0.028269 0.041592
0 0.541993 0.463922 0.054589 0.064121
1 0.516161 0.436194 0.039967 0.067587
0 0.763762 0.483851 0.063363 0.100514
0 0.467908 0.472587 0.081884 0.129974
0 0.679441 0.497715 0.165717 0.176765
0 0.121851 0.484718 0.216407 0.147304
