1 0.555822 0.385122 0.165604 0.247119
1 0.2924 0.420969 0.117553 0.16322
1 0.392792 0.437749 0.067786 0.129661
0 0.442559 0.4408 0.028316 0.041186
1 0.353322 0.431647 0.011155 0.065593
1 0.045711 0.475122 0.03947 0.051864
0 0.101484 0.475884 0.027458 0.022881
0 0.188164 0.408003 0.022343 0.021356
0 0.168841 0.467495 0.016303 0.012203
0 0.16026 0.462918 0.014587 0.021356
0 0.182141 0.453766 0.015445 0.015254
0 0.191579 0.4408 0.013729 0.01678
0 0.208301 0.4408 0.01793 0.01678
0 0.127655 0.478173 0.018019 0.012203
0 0.148248 0.434698 0.011155 0.013729
0 0.162406 0.436986 0.020593 0.024407
