2 0.679127 0.436013 0.073885 0.05473
0 0.569326 0.477061 0.012314 0.016419
0 0.551881 0.477973 0.018471 0.018243
0 0.541106 0.487095 0.017445 0.032838
0 0.477996 0.508986 0.018471 0.040135
0 0.718635 0.456993 0.025655 0.038311
0 0.738133 0.454257 0.029759 0.047432
0 0.759683 0.45152 0.042073 0.052905
0 0.798678 0.444223 0.083121 0.063851
0 0.862814 0.423243 0.055414 0.021892
0 0.812018 0.455169 0.052335 0.049257
0 0.597033 0.4725 0.010262 0.014595
0 0.583179 0.477061 0.01334 0.016419
0 0.613965 0.468851 0.01334 0.014595
0 0.514938 0.528142 0.067728 0.114932
0 0.430278 0.532703 0.060545 0.076622
0 0.854605 0.450608 0.094409 0.047432
0 0.980071 0.43054 0.037487 0.051081
2 0.240434 0.534527 0.076964 0.05473
