0 0.601969 0.365423 0.00956 0.019424
0 0.61631 0.366637 0.013658 0.021853
0 0.637479 0.4067 0.020487 0.024281
0 0.608115 0.378777 0.013658 0.021853
0 0.619724 0.375135 0.015024 0.019424
0 0.58558 0.407914 0.020487 0.021853
0 0.548704 0.409128 0.02595 0.019424
0 0.512784 0.395465 0.010378 0.016379
0 0.461293 0.405486 0.031413 0.026709
0 0.417588 0.421268 0.031413 0.038849
2 0.565093 0.395774 0.020487 0.036421
2 0.740596 0.41277 0.030047 0.021853
0 0.04251 0.404098 0.083313 0.06313
0 0.12036 0.40167 0.053266 0.058273
0 0.506964 0.405897 0.011353 0.01794
