0 0.428915 0.466175 0.019496 0.038126
0 0.412831 0.469641 0.020471 0.05199
0 0.393335 0.47224 0.028269 0.071053
0 0.372377 0.486104 0.038992 0.102247
0 0.346544 0.49217 0.051665 0.117843
0 0.312426 0.499968 0.059463 0.157702
0 0.259786 0.503434 0.092607 0.195828
0 0.190575 0.546759 0.197886 0.223556
0 0.510799 0.480905 0.035093 0.071053
0 0.538094 0.484371 0.029244 0.077985
0 0.554666 0.49217 0.037043 0.090116
0 0.566851 0.498235 0.039967 0.091849
0 0.602919 0.505167 0.094556 0.119576
0 0.799342 0.530295 0.347032 0.363928
0 0.077985 0.564955 0.155969 0.381258
0 0.913882 0.600482 0.170591 0.493903
