5 0.466221 0.585234 0.009229 0.039844
5 0.448423 0.581718 0.010547 0.042187
5 0.428648 0.580546 0.013184 0.039844
5 0.530821 0.593437 0.009229 0.0375
0 0.414146 0.586406 0.010547 0.01875
0 0.473472 0.587578 0.010547 0.021094
0 0.456992 0.586406 0.014502 0.028125
2 0.422715 0.580546 0.014502 0.025781
0 0.4827 0.585234 0.010547 0.021094
0 0.492588 0.58875 0.009229 0.023437
0 0.559165 0.60164 0.029004 0.053906
0 0.586192 0.606328 0.048779 0.053906
0 0.356797 0.58289 0.019775 0.039844
0 0.34691 0.589921 0.01582 0.030469
0 0.335044 0.591093 0.018457 0.028125
0 0.317906 0.58875 0.026367 0.042187
0 0.401621 0.586406 0.019775 0.023437
0 0.508408 0.589921 0.022412 0.035156
0 0.292198 0.593437 0.043506 0.05625
0 0.11281 0.718828 0.225621 0.377343
