2 0.704358 0.574331 0.091527 0.150199
0 0.581651 0.569861 0.033191 0.044702
0 0.542928 0.54304 0.014081 0.019669
0 0.547454 0.566285 0.023133 0.03755
0 0.499176 0.545722 0.009052 0.021457
0 0.472019 0.536781 0.011064 0.017881
0 0.562038 0.527841 0.010058 0.017881
0 0.573102 0.525159 0.010058 0.023245
0 0.512754 0.546616 0.018104 0.026821
0 0.527841 0.590424 0.040232 0.060795
0 0.316624 0.618139 0.096556 0.098344
0 0.92865 0.583271 0.073423 0.085828
5 0.795382 0.599364 0.022127 0.09298
5 0.84869 0.585954 0.018104 0.094768
5 0.87132 0.599364 0.01911 0.085828
5 0.781804 0.560921 0.011064 0.05543
