0 0.880883 0.770312 0.009229 0.028125
0 0.781347 0.763281 0.026367 0.023437
0 0.758276 0.760937 0.019775 0.014062
0 0.744433 0.758593 0.01582 0.023437
0 0.720703 0.756249 0.039551 0.01875
0 0.688403 0.755078 0.011865 0.016406
0 0.672583 0.752734 0.030322 0.016406
0 0.628418 0.753906 0.034277 0.014062
0 0.60205 0.753906 0.02373 0.014062
0 0.565796 0.749218 0.046143 0.023437
0 0.151792 0.743437 0.02373 0.01875
0 0.120152 0.738749 0.039551 0.01875
0 0.083897 0.742265 0.011865 0.021094
0 0.095762 0.744609 0.011865 0.016406
0 0.068077 0.742265 0.017139 0.039844
0 0.887437 0.785624 0.036914 0.084375
0 0.894687 0.898124 0.043506 0.192187
5 0.317906 0.80789 0.031641 0.049219
2 0.352842 0.70125 0.378369 0.248437
0 0.21771 0.855937 0.174023 0.239062
