0 0.88805 0.563222 0.222256 0.263415
0 0.787157 0.519031 0.193987 0.199294
0 0.639474 0.519898 0.076035 0.08665
1 0.551741 0.473107 0.046791 0.076252
0 0.529808 0.477439 0.012673 0.032927
0 0.524934 0.475706 0.010723 0.032927
0 0.516648 0.477439 0.013647 0.022529
0 0.243215 0.488704 0.036068 0.045058
0 0.269534 0.487837 0.020471 0.032927
0 0.287568 0.486104 0.019496 0.032927
0 0.299753 0.487837 0.012673 0.029461
0 0.35678 0.482638 0.029244 0.039859
0 0.3173 0.479172 0.018521 0.025995
0 0.333384 0.481772 0.015597 0.027728
0 0.382125 0.477439 0.019496 0.022529
0 0.455723 0.473973 0.018521 0.022529
0 0.486819 0.473107 0.009748 0.010398
