0 0.249795 0.440028 0.011569 0.014958
0 0.290288 0.448442 0.014725 0.024307
0 0.327099 0.449377 0.012621 0.014958
0 0.27977 0.439093 0.008414 0.016828
0 0.2682 0.453117 0.031553 0.044875
0 0.313426 0.462466 0.03576 0.048615
0 0.369696 0.458726 0.024191 0.033657
0 0.173541 0.422265 0.016828 0.013089
0 0.198258 0.450312 0.041019 0.046745
0 0.133048 0.449065 0.072572 0.076662
0 0.030501 0.449065 0.061002 0.121537
0 0.683793 0.309827 0.132523 0.402009
0 0.814212 0.469696 0.096763 0.112188
0 0.565469 0.528033 0.148299 0.168283
