0 0.358116 0.561796 0.056689 0.105469
0 0.468199 0.490312 0.013184 0.023437
0 0.453697 0.495 0.018457 0.023437
0 0.501157 0.496172 0.013184 0.025781
0 0.515 0.497343 0.030322 0.0375
0 0.480723 0.498515 0.019775 0.025781
0 0.429307 0.512578 0.030322 0.044531
0 0.534116 0.514922 0.034277 0.039844
0 0.302745 0.567656 0.101514 0.16875
0 0.184092 0.595781 0.220166 0.225
0 0.589488 0.546562 0.036914 0.107812
0 0.631016 0.553593 0.109424 0.16875
0 0.698911 0.58289 0.116016 0.199219
0 0.072691 0.640312 0.145019 0.309375
0 0.859751 0.578203 0.279492 0.639843
