0 0.398801 0.370102 0.012398 0.016531
0 0.388469 0.371939 0.012398 0.020204
0 0.376588 0.374694 0.015497 0.022041
0 0.36264 0.376531 0.02273 0.036735
0 0.408099 0.371939 0.010332 0.016531
0 0.418948 0.370102 0.017564 0.027551
0 0.42308 0.37102 0.015497 0.029388
0 0.433928 0.372857 0.018597 0.029388
0 0.445293 0.382959 0.018597 0.045918
0 0.465957 0.386633 0.035128 0.060612
0 0.489203 0.403163 0.036161 0.067959
0 0.339911 0.389388 0.035128 0.055102
0 0.314598 0.397653 0.044426 0.067959
0 0.290835 0.414184 0.038227 0.09
0 0.530603 0.434125 0.070255 0.112041
0 0.601375 0.461676 0.116747 0.152449
0 0.736974 0.52049 0.257258 0.242449
0 0.248804 0.426065 0.086786 0.119388
0 0.086598 0.514228 0.171505 0.273673
