0 0.396762 0.527387 0.035084 0.056827
0 0.309207 0.529466 0.018711 0.030493
0 0.257361 0.535703 0.02105 0.026335
0 0.228566 0.534779 0.017932 0.029107
0 0.210036 0.535149 0.02183 0.034651
0 0.189766 0.519209 0.02183 0.01386
0 0.220952 0.534456 0.015593 0.027721
0 0.192494 0.539307 0.02105 0.034651
0 0.34634 0.749802 0.008576 0.00693
0 0.174641 0.542633 0.028067 0.037423
0 0.1532 0.546098 0.024169 0.044353
0 0.135658 0.547484 0.032745 0.047125
0 0.056914 0.562038 0.037423 0.062372
0 0.093869 0.555801 0.06549 0.072074
0 0.342264 0.546791 0.068609 0.101181
0 0.287299 0.538475 0.041321 0.054055
0 0.438161 0.54194 0.06549 0.074846
0 0.412822 0.543326 0.016373 0.069302
2 0.7362 0.59953 0.448335 0.457253
