0 0.494264 0.542211 0.022953 0.056108
0 0.565515 0.524358 0.016259 0.017003
0 0.565515 0.53711 0.012433 0.018703
0 0.364672 0.556663 0.016259 0.027204
0 0.350326 0.560063 0.027735 0.030605
0 0.330242 0.541361 0.025823 0.020403
0 0.322591 0.569415 0.046863 0.045907
0 0.29476 0.563464 0.031752 0.044207
0 0.221979 0.566864 0.035387 0.034005
2 0.176167 0.581486 0.109411 0.088413
0 0.129591 0.581486 0.048776 0.071411
2 0.408953 0.563634 0.080337 0.093514
0 0.258704 0.569925 0.05834 0.061209
0 0.600423 0.547821 0.051645 0.078212
0 0.53185 0.563974 0.083206 0.144521
0 0.905512 0.504465 0.024866 0.025504
1 0.080337 0.560233 0.160674 0.124118
0 0.097074 0.751852 0.194148 0.397859
