0 0.15767 0.36148 0.053956 0.037303
0 0.237105 0.366809 0.038968 0.037303
0 0.289562 0.374803 0.037969 0.039079
0 0.365 0.376579 0.024979 0.028421
0 0.382485 0.397895 0.019984 0.060395
0 0.496391 0.384572 0.007993 0.015987
0 0.508382 0.399671 0.01199 0.024868
0 0.491895 0.403224 0.016986 0.039079
0 0.520372 0.398783 0.015987 0.030197
0 0.553844 0.400559 0.010991 0.026645
0 0.625285 0.413882 0.019984 0.024868
0 0.098319 0.523125 0.196638 0.364145
0 0.438439 0.421875 0.117903 0.165197
0 0.537358 0.411217 0.033972 0.037303
0 0.584319 0.431645 0.071941 0.120789
0 0.702222 0.458289 0.081933 0.092368
