0 0.493858 0.286345 0.014037 0.023706
0 0.472102 0.290088 0.009826 0.018715
0 0.461574 0.288216 0.014037 0.022458
0 0.433852 0.286969 0.016142 0.024954
0 0.385075 0.295078 0.012633 0.01622
0 0.351388 0.294455 0.018247 0.024954
1 0.291733 0.28073 0.092641 0.087338
0 0.110311 0.317537 0.076499 0.046164
0 0.235236 0.36183 0.173351 0.204621
0 0.020828 0.328142 0.039302 0.047412
0 0.735002 0.265013 0.026175 0.092266
2 0.541395 0.276898 0.047022 0.051155
0 0.416042 0.286345 0.016844 0.023706
1 0.69082 0.275312 0.078047 0.080625
