0 0.276789 0.537878 0.092741 0.112636
0 0.206544 0.537878 0.053257 0.089782
0 0.414247 0.50523 0.020201 0.031016
0 0.439958 0.4987 0.023874 0.044075
0 0.473473 0.51358 0.033974 0.041186
0 0.500102 0.506862 0.017446 0.034281
0 0.520303 0.511759 0.008264 0.021221
0 0.53224 0.512576 0.017446 0.029383
0 0.551063 0.512576 0.011019 0.026119
0 0.56851 0.520738 0.020201 0.039178
0 0.583201 0.519105 0.014692 0.039178
0 0.613503 0.519921 0.018365 0.024486
4 0.59422 0.519105 0.012855 0.058767
0 0.694307 0.532164 0.11386 0.143652
0 0.970235 0.732134 0.057848 0.318319
