0 0.422802 0.455384 0.014835 0.015824
0 0.435165 0.454505 0.00989 0.017582
0 0.447033 0.457143 0.00989 0.022857
0 0.394121 0.51956 0.010879 0.021099
0 0.405989 0.518681 0.012857 0.019341
0 0.421318 0.518681 0.007912 0.022857
0 0.453461 0.515165 0.012857 0.026374
0 0.463351 0.487033 0.010879 0.019341
0 0.466813 0.506373 0.00989 0.022857
0 0.473241 0.518681 0.010879 0.033407
0 0.489535 0.520649 0.017753 0.037342
0 0.406753 0.47495 0.00989 0.022857
0 0.394885 0.487257 0.011868 0.019341
0 0.375599 0.513631 0.008901 0.02989
0 0.372632 0.532093 0.016813 0.031648
0 0.357302 0.53473 0.01978 0.04044
0 0.206973 0.645499 0.344176 0.434285
0 0.027962 0.593631 0.055385 0.126593
