0 0.405126 0.580133 0.024584 0.021853
0 0.420149 0.598343 0.019121 0.043705
0 0.347763 0.578919 0.027316 0.024281
0 0.289034 0.605627 0.032779 0.082554
0 0.247378 0.617768 0.094239 0.131115
0 0.209136 0.648118 0.066923 0.148112
2 0.461806 0.587417 0.07785 0.123831
0 0.508925 0.638406 0.090142 0.133543
6 0.326593 0.577705 0.012292 0.041277
3 0.322496 0.605627 0.012292 0.048561
0 0.368932 0.671185 0.110628 0.17482
0 0.692623 0.748883 0.222623 0.218525
0 0.108324 0.711248 0.216647 0.352069
0 0.964201 0.846287 0.069228 0.300515
