0 0.143065 0.706879 0.28613 0.327105
0 0.300553 0.669456 0.095896 0.152464
0 0.336807 0.636191 0.091998 0.138604
0 0.391382 0.632726 0.026508 0.079004
0 0.41711 0.626488 0.02183 0.052669
0 0.432703 0.611242 0.024949 0.060986
0 0.599685 0.6154 0.033525 0.044353
0 0.568889 0.613321 0.024949 0.042967
0 0.548619 0.6154 0.015593 0.038809
0 0.531077 0.62233 0.019491 0.030493
0 0.513145 0.62233 0.014813 0.024949
0 0.496382 0.628568 0.018711 0.029107
0 0.650362 0.610549 0.064711 0.084548
0 0.476112 0.623023 0.020271 0.026335
0 0.460909 0.620251 0.008576 0.026335
0 0.450383 0.623023 0.012474 0.031879
