6 0.553691 0.54156 0.019496 0.064121
6 0.627776 0.545026 0.023395 0.071053
4 0.553691 0.569288 0.017547 0.060655
4 0.627776 0.57362 0.019496 0.065854
0 0.929639 0.596149 0.139716 0.194095
0 0.83541 0.577086 0.113078 0.135173
0 0.769611 0.575353 0.059463 0.093582
0 0.724282 0.563222 0.056539 0.065854
0 0.693576 0.559756 0.020471 0.041592
0 0.678466 0.55629 0.031194 0.045058
0 0.661407 0.555424 0.014622 0.036393
0 0.653121 0.550225 0.017547 0.039859
0 0.005849 0.583152 0.011698 0.102247
0 0.122826 0.558023 0.116977 0.079718
0 0.209096 0.546759 0.067262 0.074519
0 0.267097 0.547625 0.060438 0.058922
0 0.332897 0.545026 0.036068 0.053723
0 0.362629 0.545892 0.025345 0.045058
0 0.380662 0.54156 0.022421 0.032927
0 0.421117 0.547625 0.027295 0.03466
0 0.458647 0.535494 0.02437 0.031194
0 0.57075 0.533761 0.012673 0.020796
0 0.588784 0.536361 0.011698 0.015597
0 0.611692 0.538094 0.018521 0.022529
