0 0.429996 0.53625 0.007383 0.015
0 0.408902 0.535312 0.009492 0.016875
0 0.396773 0.534375 0.010547 0.015
0 0.387281 0.531562 0.008437 0.016875
0 0.370406 0.533437 0.010547 0.016875
0 0.359859 0.531562 0.010547 0.020625
0 0.331172 0.532031 0.021094 0.024375
0 0.309551 0.532969 0.01793 0.03
0 0.286875 0.532969 0.029531 0.04125
0 0.25998 0.540469 0.028477 0.06
0 0.229922 0.547031 0.03375 0.080625
2 0.125841 0.516189 0.173636 0.224254
0 0.565985 0.5775 0.08332 0.1125
2 0.487582 0.519375 0.079102 0.1275
0 0.348363 0.530062 0.011602 0.024375
0 0.42082 0.530062 0.008437 0.016875
