0 0.125133 0.643121 0.248707 0.255031
0 0.515346 0.592531 0.081083 0.08732
0 0.617869 0.580056 0.052236 0.045739
0 0.720782 0.588372 0.050677 0.056827
0 0.865796 0.610549 0.150472 0.187115
0 0.79095 0.582828 0.028847 0.079004
0 0.761324 0.57174 0.038203 0.048511
5 0.458432 0.582828 0.015593 0.0596
5 0.43933 0.582828 0.013254 0.065144
5 0.400348 0.584214 0.011695 0.065144
5 0.412822 0.5856 0.014813 0.0596
5 0.72468 0.544019 0.010135 0.023563
5 0.958574 0.584907 0.016373 0.074846
5 0.975726 0.5856 0.017932 0.081776
5 0.990929 0.580749 0.014034 0.077618
