0 0.489851 0.37637 0.010091 0.015698
0 0.501835 0.380855 0.013876 0.024668
0 0.510034 0.388704 0.012614 0.022425
0 0.516972 0.392068 0.013876 0.020183
0 0.481021 0.374501 0.010091 0.01794
0 0.380108 0.381229 0.015137 0.013455
0 0.39146 0.389078 0.01766 0.024668
0 0.376323 0.40029 0.01766 0.020183
0 0.454531 0.387957 0.01766 0.02691
0 0.602118 0.408139 0.045411 0.058306
0 0.618516 0.418231 0.037843 0.060548
0 0.646267 0.410382 0.042888 0.080731
0 0.894767 0.423837 0.18669 0.197342
0 0.116471 0.457475 0.083254 0.067276
0 0.077367 0.460839 0.040365 0.060548
0 0.324605 0.409261 0.025228 0.033638
0 0.291808 0.414493 0.01766 0.029153
0 0.729521 0.427948 0.16903 0.177159
0 0.531478 0.396553 0.025228 0.029153
0 0.450116 0.401038 0.016398 0.033638
0 0.272256 0.416736 0.036581 0.033638
