0 0.208121 0.467041 0.084808 0.084917
0 0.671155 0.512966 0.117952 0.138639
0 0.262711 0.458376 0.02437 0.060655
0 0.288056 0.455777 0.02632 0.058922
0 0.314863 0.447112 0.027295 0.05199
0 0.335821 0.445379 0.016572 0.048524
0 0.349469 0.444512 0.012673 0.039859
0 0.364773 0.444512 0.013647 0.025995
0 0.37842 0.443646 0.011698 0.024262
0 0.390118 0.444512 0.009748 0.019063
0 0.400841 0.445379 0.009748 0.01733
0 0.44227 0.441913 0.008773 0.01733
0 0.453968 0.445379 0.014622 0.020796
0 0.472977 0.449711 0.019496 0.025995
0 0.493448 0.456643 0.019496 0.029461
0 0.514406 0.460109 0.018521 0.036393
0 0.540239 0.473973 0.033143 0.067587
0 0.56958 0.480039 0.038018 0.090116
0 0.602236 0.486971 0.037043 0.121309
0 0.431742 0.441046 0.008773 0.015597
0 0.421312 0.442779 0.011698 0.019063
0 0.411564 0.441913 0.005849 0.013864
