5 0.333726 0.415312 0.010547 0.028125
5 0.692319 0.422343 0.013184 0.046875
5 0.783945 0.439922 0.043506 0.119531
5 0.86041 0.435234 0.019775 0.077344
5 0.986313 0.477422 0.026367 0.152344
0 0.495225 0.428203 0.022412 0.035156
0 0.479405 0.421172 0.011865 0.021094
0 0.384483 0.421172 0.025049 0.021094
0 0.350865 0.412968 0.031641 0.042187
0 0.31461 0.427031 0.040869 0.046875
0 0.207164 0.449297 0.065918 0.067969
2 0.259239 0.424687 0.077783 0.103125
0 0.414805 0.446953 0.061963 0.067969
0 0.554551 0.458672 0.11206 0.189844
2 0.131267 0.52664 0.262535 0.428906
