0 0.379176 0.519431 0.016389 0.021853
0 0.426978 0.541284 0.032779 0.060701
0 0.449513 0.549782 0.036876 0.082554
0 0.482292 0.554638 0.069655 0.15054
0 0.556045 0.561922 0.151602 0.223381
0 0.719256 0.663901 0.352372 0.38849
0 0.235085 0.536428 0.075118 0.070414
0 0.206404 0.569207 0.105165 0.111691
5 0.80052 0.474512 0.034145 0.077698
5 0.83603 0.498793 0.042339 0.116547
5 0.872906 0.510933 0.039608 0.17482
5 0.893393 0.450232 0.017755 0.048561
5 0.908417 0.514575 0.034145 0.186961
6 0.956902 0.536428 0.084679 0.342356
4 0.945293 0.780448 0.107897 0.344784
0 0.390102 0.527062 0.027316 0.036421
0 0.323178 0.594701 0.150236 0.206385
0 0.08852 0.654189 0.17704 0.592447
