0 0.047546 0.425951 0.095093 0.101978
0 0.896808 0.413811 0.204868 0.23795
0 0.670087 0.427165 0.122921 0.143256
0 0.589506 0.374962 0.049168 0.058273
0 0.335471 0.376176 0.062826 0.055845
0 0.448831 0.362821 0.032779 0.038849
0 0.532826 0.350681 0.017755 0.024281
0 0.499365 0.356751 0.021853 0.026709
0 0.390102 0.367678 0.016389 0.024281
0 0.144261 0.406527 0.060094 0.077698
0 0.192063 0.38953 0.0519 0.067986
2 0.306106 0.337327 0.135213 0.133543
2 0.409906 0.350681 0.023218 0.053417
0 0.431075 0.355537 0.019121 0.033993
0 0.564239 0.355537 0.028681 0.043705
