0 0.566115 0.266356 0.007808 0.015617
0 0.592468 0.294987 0.031234 0.048586
0 0.545617 0.255077 0.011713 0.017352
0 0.523656 0.284576 0.028306 0.041645
0 0.392376 0.276767 0.015617 0.026028
0 0.375783 0.278502 0.015617 0.032969
0 0.35675 0.285443 0.020497 0.022558
0 0.330396 0.28284 0.014641 0.024293
0 0.68129 0.289781 0.011713 0.024293
0 0.697395 0.292384 0.010737 0.022558
0 0.732045 0.29759 0.021473 0.029499
0 0.778896 0.303663 0.019521 0.038175
0 0.756934 0.294987 0.018545 0.038175
0 0.808178 0.301928 0.02733 0.027763
0 0.861373 0.307133 0.045875 0.045116
0 0.953122 0.31581 0.057588 0.055527
0 0.988754 0.324486 0.021485 0.052057
0 0.29721 0.284576 0.03221 0.031234
0 0.26744 0.281973 0.046851 0.03991
0 0.19814 0.284576 0.050755 0.048586
0 0.118591 0.277635 0.030258 0.048586
0 0.150313 0.284576 0.062468 0.052057
0 0.050267 0.283708 0.082965 0.074614
2 0.901279 0.304922 0.040869 0.058594
