0 0.503794 0.315703 0.010547 0.016406
0 0.497202 0.316875 0.013184 0.01875
0 0.458311 0.336797 0.022412 0.030469
0 0.432603 0.333281 0.042187 0.051562
0 0.404917 0.341484 0.026367 0.058594
0 0.379869 0.343828 0.036914 0.077344
0 0.351524 0.348515 0.046143 0.086719
0 0.304722 0.355547 0.065918 0.100781
0 0.230894 0.383672 0.102832 0.119531
0 0.562461 0.328594 0.019775 0.032812
0 0.575645 0.330937 0.025049 0.05625
0 0.58751 0.340312 0.027686 0.060937
0 0.489951 0.323906 0.017139 0.028125
0 0.521592 0.329765 0.022412 0.030469
0 0.638267 0.343828 0.089648 0.133594
0 0.118174 0.422343 0.180615 0.13125
0 0.857114 0.463308 0.284765 0.302446
