5 0.37317 0.616694 0.021444 0.071761
5 0.865123 0.618936 0.021444 0.112126
5 0.841156 0.61333 0.02649 0.118854
5 0.824127 0.605481 0.020183 0.094186
5 0.785654 0.616694 0.021444 0.085216
5 0.766733 0.608845 0.013876 0.078488
5 0.756641 0.605481 0.013876 0.071761
6 0.937655 0.630149 0.055502 0.179402
3 0.937655 0.677242 0.070639 0.130066
0 0.88846 0.608845 0.042888 0.056063
0 0.484175 0.609966 0.016398 0.031395
0 0.470299 0.612209 0.016398 0.02691
0 0.32839 0.616694 0.047934 0.053821
0 0.283609 0.629028 0.054241 0.065033
0 0.250182 0.606603 0.01766 0.029153
0 0.087458 0.655938 0.065594 0.069518
5 0.110164 0.6223 0.010091 0.024668
0 0.047724 0.654817 0.04415 0.031395
0 0.044877 0.815561 0.085164 0.360238
0 0.199725 0.643604 0.174076 0.130066
1 0.192787 0.57745 0.132449 0.060548
0 0.442548 0.624543 0.069378 0.087458
0 0.504988 0.609966 0.037843 0.058306
0 0.59518 0.609966 0.04415 0.058306
0 0.393983 0.60436 0.01766 0.029153
