0 0.12575 0.526829 0.2515 0.332734
0 0.278795 0.448845 0.089682 0.128241
0 0.387486 0.445379 0.051665 0.055456
0 0.418193 0.441046 0.011698 0.039859
0 0.43184 0.441913 0.011698 0.041592
0 0.894874 0.513832 0.208609 0.251284
0 0.741341 0.481772 0.106254 0.124775
0 0.60633 0.455777 0.040942 0.045058
0 0.58196 0.45751 0.013647 0.03466
0 0.573674 0.450578 0.018521 0.03466
0 0.561489 0.447112 0.011698 0.03466
0 0.549792 0.443646 0.011698 0.027728
0 0.523959 0.442779 0.030219 0.036393
0 0.451823 0.441913 0.02632 0.031194
0 0.468883 0.439313 0.009748 0.019063
0 0.479605 0.439313 0.009748 0.015597
0 0.496543 0.433828 0.017139 0.021094
