0 0.02957 0.620464 0.059141 0.078675
0 0.055721 0.579338 0.111442 0.103709
0 0.09032 0.571291 0.114661 0.080464
0 0.149159 0.559669 0.075435 0.064371
0 0.181848 0.550728 0.058336 0.057219
0 0.204478 0.541788 0.061353 0.050066
0 0.216548 0.541788 0.071411 0.050066
0 0.258791 0.526589 0.089516 0.044702
0 0.310687 0.508725 0.054117 0.044736
0 0.337243 0.49798 0.041238 0.023245
0 0.357862 0.499768 0.026151 0.023245
0 0.37496 0.498874 0.024139 0.017881
0 0.389041 0.496192 0.016093 0.016093
0 0.400608 0.48904 0.017099 0.00894
0 0.413439 0.488146 0.014598 0.021457
0 0.495307 0.501128 0.069709 0.113506
0 0.439834 0.480993 0.013075 0.021457
0 0.46699 0.48457 0.015087 0.057219
0 0.457435 0.486358 0.01207 0.032185
0 0.452406 0.483675 0.010058 0.030397
5 0.609813 0.488146 0.029168 0.135894
