5 0.8053 0.55828 0.027316 0.138399
5 0.859249 0.541284 0.02595 0.133543
5 0.886564 0.535214 0.028681 0.135971
5 0.911148 0.567992 0.02595 0.157824
5 0.773204 0.55221 0.028681 0.17482
5 0.953488 0.55828 0.02595 0.157824
5 0.97534 0.520645 0.015024 0.058273
5 0.97534 0.605627 0.042339 0.184533
5 0.039096 0.491509 0.013658 0.033993
5 0.053436 0.559494 0.02595 0.15054
5 0.015194 0.542498 0.015024 0.116547
5 0.035681 0.576491 0.028681 0.17482
5 0.654381 0.493937 0.015024 0.038849
5 0.637309 0.498793 0.013658 0.053417
5 0.592238 0.500007 0.008195 0.026709
3 0.603847 0.536428 0.031413 0.046133
3 0.620919 0.544926 0.040974 0.06313
0 0.318228 0.505643 0.03551 0.082554
0 0.405638 0.495931 0.010926 0.019424
0 0.402906 0.506857 0.008195 0.026709
0 0.389931 0.506857 0.023218 0.055845
0 0.424759 0.502001 0.024584 0.026709
0 0.425442 0.5105 0.02595 0.033993
0 0.481439 0.504429 0.00956 0.026709
0 0.497145 0.51657 0.030047 0.050989
0 0.510803 0.520212 0.038242 0.053417
0 0.53607 0.529924 0.042339 0.06313
0 0.559288 0.538422 0.066923 0.07527
0 0.457537 0.523854 0.054631 0.084982
0 0.356469 0.533566 0.071021 0.104407
0 0.170723 0.584555 0.215794 0.206385
5 0.288863 0.518998 0.015024 0.060701
5 0.109946 0.512928 0.015024 0.029137
5 0.745888 0.500007 0.017755 0.031565
