5 0.633291 0.514529 0.008597 0.043302
5 0.623978 0.511982 0.012895 0.048396
5 0.585292 0.509434 0.010029 0.048396
0 0.502191 0.492878 0.012895 0.020377
0 0.664096 0.529812 0.055879 0.058585
0 0.73072 0.527265 0.10316 0.09934
0 0.846776 0.537453 0.157606 0.135
1 0.482848 0.475048 0.031521 0.08151
2 0.574547 0.491604 0.037252 0.068774
0 0.833164 0.584576 0.16477 0.147736
0 0.44273 0.475048 0.008597 0.020377
0 0.436283 0.482689 0.015761 0.025472
0 0.414075 0.475048 0.020059 0.025472
0 0.39115 0.483963 0.014328 0.033113
0 0.381121 0.48651 0.011462 0.028019
0 0.369658 0.483963 0.017193 0.038208
0 0.231395 0.523444 0.070206 0.071321
2 0.097429 0.466132 0.194859 0.450849
0 0.458491 0.490331 0.031521 0.061132
0 0.328824 0.528538 0.095997 0.132453
0 0.0874 0.759057 0.1748 0.354057
