0 0.537308 0.519572 0.014988 0.017763
0 0.52282 0.528454 0.013988 0.021316
0 0.508332 0.529342 0.018984 0.026645
0 0.412411 0.561316 0.04896 0.069276
0 0.374941 0.569309 0.053956 0.081711
0 0.305499 0.574638 0.10891 0.135
0 0.174481 0.612321 0.209827 0.184737
0 0.490496 0.534671 0.026978 0.031974
0 0.590414 0.522237 0.010991 0.021316
0 0.600406 0.527566 0.018984 0.024868
0 0.61262 0.531118 0.022534 0.024868
0 0.633379 0.542664 0.018984 0.065724
0 0.646368 0.535559 0.032973 0.069276
0 0.68034 0.545329 0.074938 0.117237
0 0.705544 0.570578 0.074938 0.097697
0 0.804015 0.595066 0.177854 0.184737
0 0.037807 0.609276 0.075615 0.3375
