5 0.567106 0.373382 0.025742 0.122727
5 0.779474 0.355701 0.026912 0.120647
5 0.756073 0.349461 0.015211 0.091525
5 0.735011 0.361942 0.026912 0.120647
0 0.418507 0.270416 0.009361 0.016641
0 0.432548 0.268336 0.009361 0.020801
0 0.454779 0.257935 0.00702 0.016641
0 0.454194 0.271456 0.00819 0.018721
0 0.424358 0.301618 0.011701 0.020801
0 0.405637 0.306818 0.021061 0.014561
0 0.421432 0.321379 0.019891 0.018721
0 0.436058 0.313059 0.014041 0.027042
0 0.411487 0.33698 0.023401 0.041602
0 0.407977 0.33698 0.021061 0.033282
0 0.38633 0.345301 0.045633 0.049923
0 0.46999 0.33074 0.009361 0.045763
0 0.453609 0.33802 0.032762 0.047843
2 0.460045 0.296418 0.017551 0.027042
0 0.32645 0.303178 0.014041 0.014561
0 0.312994 0.302138 0.012871 0.016641
0 0.289592 0.312539 0.019891 0.020801
1 0.24747 0.305258 0.031592 0.031202
0 0.128708 0.320859 0.023401 0.037442
0 0.326596 0.286909 0.010531 0.014561
