0 0.090021 0.474421 0.178441 0.271707
0 0.452504 0.431744 0.056813 0.086776
0 0.21565 0.443836 0.162438 0.176396
5 0.384089 0.423209 0.017604 0.07824
5 0.505317 0.431744 0.015204 0.046944
6 0.596138 0.443125 0.019204 0.075395
3 0.595738 0.459484 0.016804 0.073973
0 0.356482 0.431744 0.031207 0.06117
0 0.398092 0.431033 0.023205 0.062592
0 0.412895 0.418941 0.016004 0.035564
0 0.782581 0.45166 0.104024 0.08393
0 0.8654 0.449526 0.079218 0.085353
5 0.815388 0.428899 0.019204 0.058325
2 0.506117 0.395469 0.053612 0.119494
5 0.57632 0.424423 0.01251 0.077842
5 0.337999 0.427759 0.013761 0.053377
