0 0.296056 0.81977 0.014988 0.019539
0 0.284566 0.822434 0.009992 0.021316
0 0.280569 0.829539 0.01199 0.021316
0 0.2431 0.839309 0.012989 0.037303
0 0.233608 0.839309 0.013988 0.040855
0 0.221618 0.840197 0.017985 0.049737
0 0.197637 0.841974 0.041965 0.063947
0 0.18165 0.856184 0.029975 0.0675
0 0.165164 0.857961 0.026978 0.0675
0 0.124697 0.857072 0.071941 0.097697
0 0.401969 0.833092 0.020983 0.060395
0 0.415958 0.841086 0.034971 0.069276
0 0.439938 0.842862 0.054955 0.079934
0 0.457424 0.854408 0.049959 0.085263
0 0.493394 0.865066 0.067944 0.103026
0 0.545351 0.878388 0.097919 0.133224
0 0.636276 0.899704 0.159868 0.197171
0 0.066245 0.882829 0.112907 0.120789
0 0.339521 0.886382 0.129893 0.181184
