0 0.406808 0.452296 0.017219 0.022959
0 0.389589 0.456123 0.020663 0.02449
0 0.372369 0.457653 0.012054 0.027551
0 0.359885 0.456123 0.019802 0.030612
0 0.34611 0.46148 0.019802 0.035204
0 0.328029 0.466837 0.021524 0.036735
0 0.297035 0.466072 0.040466 0.053571
0 0.225144 0.482495 0.082653 0.086418
0 0.50625 0.465306 0.007749 0.039796
0 0.5239 0.466072 0.030995 0.056633
0 0.53294 0.47449 0.028412 0.04898
0 0.553604 0.469898 0.028412 0.067347
0 0.595361 0.479847 0.072321 0.090306
0 0.695233 0.509694 0.154975 0.19898
0 0.851474 0.580165 0.290098 0.315431
0 0.044473 0.520872 0.086322 0.1722
0 0.482806 0.459991 0.038744 0.055102
0 0.432207 0.459184 0.021524 0.033673
0 0.121078 0.496559 0.14558 0.146891
0 0.455494 0.453497 0.01705 0.034974
