0 0.43137 0.41246 0.012895 0.01783
0 0.43352 0.413552 0.014328 0.028019
0 0.439967 0.418646 0.021492 0.038208
0 0.464324 0.427561 0.038685 0.056038
0 0.490115 0.439023 0.03582 0.073868
0 0.401998 0.408457 0.014328 0.022925
0 0.383372 0.407184 0.017193 0.015283
0 0.368328 0.40591 0.018626 0.01783
0 0.351851 0.412278 0.017193 0.020377
0 0.343254 0.411004 0.017193 0.01783
0 0.32033 0.418646 0.040118 0.053491
0 0.3103 0.421193 0.034387 0.048396
0 0.301703 0.430108 0.022925 0.045849
0 0.27663 0.427561 0.044416 0.066226
0 0.223617 0.436476 0.078803 0.094245
0 0.532382 0.442844 0.088833 0.122264
1 0.414893 0.412278 0.022925 0.045849
0 0.773806 0.544731 0.265065 0.315849
0 0.95362 0.47341 0.091698 0.163019
5 0.098964 0.433929 0.015761 0.063679
0 0.646117 0.411368 0.03043 0.033113
0 0.387958 0.422949 0.012889 0.021004
0 0.366476 0.423904 0.027926 0.030552
0 0.341773 0.430587 0.017185 0.024823
