5 0.651931 0.370936 0.009941 0.029909
0 0.339794 0.397432 0.010706 0.024471
0 0.327941 0.394713 0.020648 0.029909
2 0.32297 0.376359 0.026001 0.031269
0 0.308058 0.393807 0.017589 0.032628
0 0.294293 0.394486 0.022177 0.033988
0 0.275175 0.393127 0.026765 0.036707
0 0.213741 0.3929 0.02906 0.051662
0 0.019883 0.403776 0.039001 0.081571
1 0.790266 0.360989 0.243948 0.114199
0 0.611199 0.395891 0.109356 0.062538
0 0.48196 0.393852 0.020648 0.025831
0 0.503191 0.400785 0.015295 0.016314
0 0.513897 0.398066 0.012236 0.019033
0 0.523839 0.398746 0.013765 0.020393
1 0.535692 0.398066 0.013 0.019033
0 0.547163 0.397387 0.022177 0.023112
0 0.416831 0.396202 0.019118 0.02719
