0 0.448649 0.546732 0.015546 0.019134
0 0.435893 0.542126 0.015546 0.025512
0 0.423935 0.544252 0.017938 0.025512
0 0.403007 0.549567 0.026309 0.027638
0 0.3761 0.547441 0.027505 0.048898
0 0.340822 0.543189 0.050226 0.065906
0 0.306142 0.504921 0.071752 0.040394
0 0.285812 0.549567 0.066969 0.091417
0 0.211868 0.547441 0.094473 0.121181
0 0.523192 0.551693 0.015546 0.03189
0 0.532759 0.554882 0.017938 0.04252
0 0.539336 0.56126 0.016742 0.038268
0 0.548903 0.563386 0.023917 0.06378
0 0.593548 0.555945 0.090886 0.108425
0 0.615672 0.586772 0.094473 0.136063
0 0.089491 0.532914 0.178981 0.23811
