5 0.847319 0.363671 0.017589 0.123716
5 0.826671 0.362991 0.019118 0.114199
5 0.802964 0.36503 0.022177 0.110121
5 0.783082 0.363671 0.017589 0.134592
0 0.96891 0.386782 0.060414 0.08565
0 0.038619 0.376586 0.073414 0.070695
0 0.276067 0.363671 0.080296 0.088369
0 0.502426 0.318127 0.008412 0.009517
0 0.489044 0.321526 0.010706 0.010876
0 0.476426 0.322205 0.011471 0.012236
0 0.469161 0.321526 0.010706 0.016314
0 0.459984 0.321526 0.007647 0.016314
0 0.446984 0.323565 0.019883 0.025831
0 0.429395 0.327643 0.015295 0.031269
0 0.417159 0.329003 0.012236 0.031269
0 0.39957 0.329683 0.030589 0.043505
0 0.390776 0.33648 0.016059 0.046224
0 0.374334 0.33852 0.024471 0.061178
0 0.354834 0.342598 0.032883 0.074773
0 0.322715 0.350755 0.051237 0.080211
0 0.515044 0.314048 0.007647 0.023112
0 0.51925 0.316088 0.009941 0.02719
0 0.523074 0.318127 0.008412 0.023112
0 0.531868 0.318127 0.012236 0.031269
0 0.542192 0.331042 0.01453 0.054381
0 0.571252 0.331042 0.052766 0.081571
