0 0.385142 0.6075 0.01582 0.028125
0 0.29022 0.613359 0.068555 0.072656
0 0.515659 0.58289 0.013184 0.016406
0 0.50709 0.600468 0.014502 0.028125
0 0.524888 0.60164 0.021094 0.035156
0 0.537412 0.611015 0.027686 0.039844
0 0.553233 0.616875 0.017139 0.042187
0 0.562461 0.623906 0.019775 0.060937
0 0.582237 0.633281 0.048779 0.079687
0 0.623106 0.653203 0.056689 0.110156
0 0.690342 0.653203 0.122607 0.161719
0 0.427329 0.589921 0.042187 0.030469
0 0.368662 0.612187 0.035596 0.0375
0 0.337681 0.611015 0.036914 0.049219
0 0.148732 0.64676 0.117804 0.132416
0 0.833384 0.708281 0.276855 0.3
0 0.025832 0.662003 0.051665 0.166367
0 0.229567 0.633408 0.051665 0.084917
0 0.263198 0.623011 0.04874 0.084917
