0 0.039528 0.539106 0.077446 0.191324
0 0.983466 0.636556 0.030174 0.107285
0 0.372949 0.526589 0.060348 0.08404
0 0.243201 0.538212 0.082475 0.078675
0 0.802423 0.550728 0.12673 0.118013
0 0.703855 0.536424 0.062359 0.071523
0 0.523818 0.516755 0.026151 0.042914
2 0.449389 0.506921 0.024139 0.041126
1 0.596738 0.492616 0.077446 0.134106
0 0.5555 0.507815 0.015087 0.035762
0 0.540413 0.512285 0.015087 0.026821
0 0.673178 0.522119 0.041238 0.067947
0 0.646525 0.521225 0.030174 0.051854
0 0.500182 0.506921 0.011064 0.016093
0 0.487106 0.513179 0.011064 0.014305
0 0.303549 0.539106 0.046267 0.051854
0 0.419215 0.513179 0.008046 0.025033
