0 0.483332 0.42331 0.010332 0.018367
0 0.471451 0.430657 0.017564 0.022041
0 0.460603 0.437085 0.018597 0.034898
0 0.445622 0.43984 0.021696 0.051429
0 0.234857 0.470147 0.106416 0.130408
0 0.510195 0.426065 0.012398 0.027551
0 0.519493 0.430657 0.010332 0.033061
0 0.530858 0.43433 0.024796 0.044082
0 0.544806 0.436167 0.025829 0.069796
0 0.56082 0.437085 0.028929 0.07898
0 0.574251 0.449024 0.030995 0.110204
0 0.599047 0.445351 0.057857 0.139592
0 0.662586 0.453616 0.151875 0.192857
0 0.768485 0.501371 0.231429 0.277347
0 0.886783 0.572085 0.217997 0.503265
0 0.137739 0.577596 0.273788 0.293877
0 0.359353 0.501371 0.181837 0.295714
0 0.494713 0.428877 0.015497 0.027551
