0 0.562278 0.245922 0.010915 0.016632
0 0.549803 0.245922 0.012474 0.016632
0 0.542397 0.250774 0.013254 0.009702
0 0.531871 0.25216 0.009356 0.012474
0 0.521346 0.250081 0.016373 0.016632
0 0.501855 0.254932 0.013254 0.015246
0 0.49055 0.257011 0.010915 0.019405
0 0.481194 0.25909 0.012474 0.018018
0 0.473008 0.258397 0.011695 0.019405
0 0.466381 0.259783 0.009356 0.022177
0 0.459364 0.260476 0.014034 0.018018
0 0.448449 0.261862 0.015593 0.020791
0 0.436365 0.262555 0.016373 0.019405
0 0.356841 0.268297 0.067829 0.08039
0 0.101978 0.391694 0.202708 0.335421
