0 0.420161 0.574455 0.009366 0.021774
0 0.413317 0.575735 0.011528 0.026898
0 0.405032 0.577016 0.009366 0.029459
0 0.399268 0.575735 0.012248 0.034583
0 0.391343 0.574455 0.01513 0.034583
0 0.382697 0.573174 0.016571 0.037144
0 0.37153 0.574455 0.021614 0.047391
0 0.348835 0.576376 0.041067 0.048672
0 0.300924 0.58278 0.047551 0.069165
0 0.266701 0.589184 0.046831 0.081973
0 0.192853 0.593667 0.118157 0.131926
0 0.523549 0.547557 0.01585 0.026898
0 0.547324 0.566129 0.043228 0.064042
0 0.474197 0.600071 0.118878 0.183159
