0 0.343018 0.460954 0.020983 0.030197
0 0.323534 0.461842 0.01199 0.021316
0 0.308046 0.468059 0.016986 0.037303
0 0.29206 0.466283 0.010991 0.026645
0 0.275573 0.466283 0.013988 0.026645
0 0.187146 0.48227 0.032973 0.055066
0 0.399971 0.457401 0.018984 0.026645
0 0.410962 0.461842 0.014988 0.035526
0 0.229611 0.470724 0.039967 0.049737
0 0.136687 0.499145 0.095921 0.085263
0 0.438439 0.468947 0.03597 0.060395
0 0.256589 0.473388 0.015987 0.037303
0 0.804138 0.577303 0.335724 0.273553
1 0.929035 0.46273 0.139885 0.097697
5 0.070242 0.48227 0.022981 0.090592
5 0.465417 0.461842 0.01199 0.042632
0 0.366498 0.458289 0.01199 0.014211
