0 0.602773 0.350464 0.01911 0.035762
0 0.589195 0.346887 0.010058 0.028609
0 0.505211 0.395166 0.115666 0.153775
0 0.011466 0.413046 0.022932 0.085828
0 0.202466 0.374603 0.039226 0.073311
1 0.803429 0.271788 0.350017 0.536424
4 0.334728 0.521225 0.185066 0.377285
6 0.353839 0.421987 0.144834 0.339735
5 0.242195 0.412152 0.028162 0.169868
5 0.177322 0.401424 0.027156 0.112649
5 0.120494 0.430033 0.060348 0.219934
0 0.090823 0.377285 0.037214 0.060795
5 0.025447 0.379073 0.023133 0.078675
3 0.148154 0.399636 0.017099 0.048278
5 0.397088 0.366556 0.01207 0.053642
5 0.971438 0.370072 0.010915 0.116427
5 0.982743 0.35829 0.014813 0.095637
