0 0.376246 0.493699 0.012189 0.019502
0 0.364667 0.492616 0.013408 0.021669
0 0.353087 0.490449 0.019502 0.034671
0 0.336023 0.492616 0.024378 0.047673
0 0.314692 0.501284 0.035348 0.039005
0 0.296408 0.511035 0.018283 0.032504
0 0.281172 0.505618 0.031691 0.060674
0 0.23973 0.508868 0.070696 0.067175
0 0.203163 0.524036 0.048756 0.062841
0 0.131857 0.52837 0.096293 0.101846
0 0.392092 0.493699 0.014627 0.019502
0 0.402453 0.492616 0.015846 0.026003
0 0.410985 0.494783 0.013408 0.026003
0 0.418908 0.498033 0.019502 0.045506
0 0.44999 0.501284 0.042661 0.065008
0 0.936819 0.478716 0.124086 0.167223
