0 0.440332 0.548046 0.021094 0.025781
0 0.419238 0.553906 0.01582 0.0375
0 0.394848 0.548046 0.030322 0.053906
0 0.367163 0.555078 0.032959 0.058594
0 0.317724 0.563281 0.081738 0.117187
0 0.461425 0.546875 0.01582 0.032812
0 0.479223 0.546875 0.017139 0.028125
0 0.495044 0.546875 0.014502 0.028125
0 0.511523 0.548046 0.021094 0.035156
0 0.531958 0.557421 0.022412 0.039844
0 0.5458 0.575 0.034277 0.065625
0 0.58601 0.589062 0.093603 0.117187
5 0.030322 0.578515 0.044824 0.175781
5 0.934057 0.607812 0.056689 0.229687
