0 0.462546 0.532895 0.02437 0.036393
0 0.487891 0.542426 0.039967 0.038126
0 0.497152 0.577086 0.064337 0.079718
0 0.584885 0.565822 0.042892 0.057189
0 0.704299 0.550225 0.022421 0.025995
0 0.656046 0.543293 0.037043 0.025995
0 0.802754 0.568421 0.030219 0.038126
0 0.865142 0.57362 0.053614 0.045058
0 0.918269 0.577086 0.083833 0.031194
0 0.763762 0.610013 0.180339 0.187163
0 0.117464 0.532028 0.051665 0.05199
0 0.112103 0.510366 0.058488 0.046791
0 0.549792 0.628209 0.124775 0.154236
5 0.833461 0.563222 0.025345 0.072786
5 0.915345 0.571887 0.019496 0.041592
0 0.968472 0.560623 0.045816 0.029461
0 0.975783 0.572754 0.046791 0.053723
0 0.296342 0.64034 0.409419 0.400321
0 0.866604 0.738254 0.265148 0.31887
5 0.440126 0.324069 0.014622 0.024262
5 0.919731 0.3362 0.010723 0.027728
