5 0.190786 0.485125 0.035954 0.169072
5 0.158892 0.479971 0.062629 0.208247
5 0.413467 0.420619 0.008119 0.047423
5 0.403608 0.424742 0.009278 0.043299
5 0.495812 0.404124 0.010438 0.014433
5 0.50625 0.408247 0.010438 0.039175
5 0.515528 0.412371 0.008119 0.043299
5 0.524227 0.412371 0.011598 0.043299
5 0.532345 0.412371 0.006959 0.039175
5 0.539884 0.412371 0.008119 0.039175
5 0.552062 0.415464 0.011598 0.03299
5 0.56366 0.41134 0.011598 0.037113
5 0.482474 0.478808 0.069588 0.205038
5 0.595838 0.467233 0.04812 0.219003
5 0.905219 0.489691 0.05567 0.235052
5 0.439562 0.417526 0.009278 0.041237
5 0.367075 0.42268 0.012758 0.043299
5 0.075967 0.438144 0.015077 0.078351
3 0.326482 0.451546 0.052191 0.05567
0 0.974807 0.348454 0.013918 0.039175
0 0.926096 0.416495 0.109021 0.204124
0 0.651224 0.435052 0.084665 0.113402
1 0.818235 0.37732 0.264433 0.253608
