0 0.477996 0.514459 0.092356 0.131351
0 0.799704 0.56098 0.237048 0.231689
0 0.95665 0.574662 0.085693 0.156892
0 0.656551 0.510811 0.080042 0.083919
0 0.607808 0.509899 0.035916 0.056554
0 0.579588 0.505338 0.032838 0.05473
0 0.547021 0.495697 0.019014 0.055769
0 0.532383 0.491655 0.024628 0.049257
0 0.381021 0.495304 0.027707 0.034662
0 0.335489 0.49348 0.022841 0.031014
0 0.143611 0.487075 0.065375 0.069286
0 0.561802 0.500625 0.021094 0.046875
0 0.287583 0.49125 0.021094 0.028125
0 0.230894 0.479531 0.021094 0.0375
0 0.211778 0.48539 0.030322 0.035156
0 0.184092 0.484218 0.035596 0.046875
0 0.259898 0.48539 0.039551 0.035156
0 0.408213 0.48539 0.011865 0.016406
0 0.352842 0.486562 0.014502 0.023437
