0 0.446615 0.569364 0.009439 0.018305
0 0.435461 0.566313 0.011155 0.024407
0 0.410577 0.567839 0.019735 0.021356
0 0.383978 0.577754 0.019735 0.044237
0 0.420016 0.575466 0.018019 0.024407
0 0.36081 0.583093 0.024883 0.042712
0 0.513114 0.572415 0.010297 0.018305
0 0.525127 0.571652 0.006864 0.01678
0 0.531991 0.576991 0.006864 0.021356
0 0.539714 0.57928 0.006864 0.01678
0 0.590339 0.603686 0.015445 0.038136
0 0.643967 0.599873 0.060922 0.079322
0 0.325201 0.585763 0.044619 0.064068
0 0.248835 0.592627 0.106398 0.108305
0 0.870921 0.655474 0.255699 0.273051
5 0.72634 0.639915 0.030032 0.187627
5 0.69116 0.642966 0.038612 0.178475
