0 0.290028 0.538475 0.073287 0.070688
0 0.474414 0.539168 0.074066 0.099795
0 0.521193 0.525308 0.02105 0.044353
0 0.533278 0.512833 0.045219 0.044353
0 0.542243 0.485113 0.02261 0.019405
5 0.32979 0.53501 0.018711 0.088706
0 0.3524 0.526694 0.037423 0.055441
0 0.386704 0.523922 0.035864 0.044353
0 0.413992 0.519071 0.029627 0.051283
0 0.437381 0.51214 0.024949 0.042967
0 0.452194 0.507982 0.012474 0.029107
4 0.621377 0.511447 0.026508 0.047125
4 0.603835 0.530852 0.039762 0.06653
0 0.560565 0.49135 0.024949 0.040195
0 0.589802 0.494122 0.02261 0.042967
0 0.658021 0.498973 0.031186 0.041581
