0 0.302678 0.42285 0.014622 0.03466
0 0.284644 0.425449 0.019496 0.029461
2 0.326505 0.413092 0.036931 0.078437
2 0.222744 0.454044 0.129649 0.166367
5 0.149146 0.408986 0.017547 0.038126
0 0.193499 0.5095 0.088708 0.183697
0 0.340695 0.44018 0.061413 0.10398
0 0.41868 0.480905 0.110153 0.195828
0 0.096506 0.562996 0.193012 0.378245
5 0.481068 0.458376 0.008773 0.060655
5 0.54638 0.450578 0.010723 0.03466
5 0.561489 0.449711 0.011698 0.043325
5 0.572212 0.47224 0.011698 0.067587
5 0.606818 0.480905 0.014622 0.084917
5 0.589271 0.483505 0.012673 0.090116
5 0.627776 0.48957 0.019496 0.095315
5 0.642398 0.473107 0.017547 0.083184
5 0.666769 0.467908 0.019496 0.065854
4 0.526396 0.512099 0.027295 0.081451
6 0.53127 0.488704 0.025345 0.097048
4 0.635202 0.574927 0.098226 0.241767
0 0.804704 0.60828 0.388948 0.460976
