0 0.503291 0.478328 0.015024 0.024281
0 0.449343 0.473472 0.019121 0.024281
0 0.484853 0.472258 0.010926 0.021853
0 0.407003 0.471044 0.021853 0.029137
0 0.42749 0.468615 0.010926 0.019424
0 0.361933 0.473472 0.0519 0.043705
0 0.303204 0.454047 0.049168 0.043705
0 0.203502 0.451619 0.117457 0.072842
0 0.083313 0.447977 0.106531 0.080126
0 0.589336 0.495324 0.012292 0.046133
0 0.622114 0.496538 0.031413 0.043705
0 0.661039 0.505036 0.032779 0.036421
0 0.725231 0.524461 0.076484 0.080126
0 0.54563 0.530531 0.105165 0.155396
0 0.874272 0.567992 0.249938 0.3375
