0 0.40945 0.374329 0.007912 0.012308
0 0.41934 0.376967 0.011868 0.021099
0 0.466318 0.371692 0.006923 0.017582
0 0.474231 0.372571 0.008901 0.012308
0 0.481154 0.377846 0.004945 0.026374
0 0.538022 0.376967 0.00989 0.021099
0 0.031154 0.381978 0.040549 0.058022
0 0.278901 0.375824 0.025714 0.028132
0 0.367912 0.365275 0.01978 0.028132
0 0.394615 0.387692 0.037582 0.047473
0 0.447033 0.38945 0.047473 0.072088
0 0.497472 0.383296 0.027692 0.038681
6 0.527143 0.372307 0.007912 0.015824
6 0.548406 0.382857 0.022747 0.054505
4 0.53011 0.388571 0.00989 0.017582
4 0.549395 0.404395 0.014835 0.052747
0 0.158242 0.384176 0.221538 0.327033
0 0.301682 0.37178 0.015776 0.024307
