0 0.866953 0.704062 0.263672 0.403125
0 0.121289 0.560625 0.240469 0.3825
0 0.255762 0.531428 0.095977 0.16875
0 0.300058 0.507991 0.093867 0.140625
0 0.348574 0.499553 0.045352 0.10875
0 0.387598 0.495536 0.039023 0.04875
0 0.458789 0.495536 0.008437 0.01875
0 0.468281 0.503036 0.016875 0.03
0 0.491484 0.502098 0.03375 0.061875
0 0.534199 0.528348 0.070664 0.103125
0 0.613828 0.555803 0.139219 0.18
2 0.398672 0.481741 0.040078 0.076875
0 0.43875 0.497678 0.021094 0.03375
0 0.424512 0.488303 0.013711 0.0225
