5 0.024779 0.429199 0.029252 0.149769
5 0.785909 0.458321 0.032762 0.137288
5 0.087962 0.4396 0.033932 0.137288
5 0.502752 0.433359 0.014041 0.049923
0 0.46531 0.427119 0.009361 0.020801
0 0.45829 0.429199 0.014041 0.024961
0 0.448929 0.431279 0.018721 0.037442
0 0.434888 0.429199 0.028082 0.058243
2 0.396861 0.422959 0.066694 0.104006
0 0.491637 0.431279 0.015211 0.020801
0 0.511528 0.428159 0.010531 0.031202
0 0.517963 0.432319 0.014041 0.035362
0 0.526154 0.434399 0.018721 0.043683
0 0.542535 0.43752 0.032762 0.058243
0 0.557161 0.44584 0.040952 0.058243
0 0.367609 0.44376 0.073714 0.104006
0 0.981896 0.499923 0.033932 0.083205
