0 0.172886 0.559453 0.031641 0.021094
0 0.123448 0.558281 0.035596 0.0375
0 0.081919 0.562968 0.063281 0.042187
0 0.053575 0.536015 0.040869 0.021094
0 0.088511 0.5325 0.036914 0.023437
0 0.022593 0.568828 0.044824 0.035156
0 0.547959 0.555937 0.035596 0.051562
0 0.391075 0.546562 0.017139 0.023437
0 0.37064 0.547734 0.018457 0.030469
0 0.416123 0.562968 0.048779 0.075
0 0.580918 0.555937 0.0646 0.065625
0 0.679136 0.557109 0.108105 0.105469
0 0.298789 0.598125 0.122607 0.159375
4 0.766148 0.573515 0.058008 0.086719
