0 0.692111 0.628867 0.094239 0.111691
0 0.551435 0.582734 0.039608 0.058273
0 0.500218 0.577878 0.03551 0.053417
0 0.650454 0.603373 0.046437 0.07527
0 0.626553 0.588804 0.028681 0.055845
0 0.606749 0.57545 0.027316 0.043705
0 0.527534 0.566952 0.024584 0.050989
0 0.461976 0.583948 0.030047 0.016996
0 0.410759 0.582734 0.017755 0.029137
1 0.339739 0.579092 0.127018 0.186961
0 0.272132 0.597303 0.019121 0.101978
0 0.257109 0.58759 0.021853 0.038849
0 0.153992 0.609443 0.050534 0.072842
0 0.207258 0.624011 0.11336 0.121403
0 0.076825 0.654362 0.13931 0.118975
0 0.54997 0.014568 0.071021 0.029137
0 0.584397 0.571021 0.016572 0.032927
