0 0.484155 0.462203 0.020593 0.022881
0 0.46442 0.462203 0.015445 0.01678
0 0.449833 0.452288 0.013729 0.015254
0 0.469997 0.482797 0.028316 0.03661
0 0.435246 0.496525 0.053199 0.085424
0 0.539928 0.472881 0.022309 0.035085
0 0.559235 0.472119 0.0266 0.03661
0 0.628308 0.472881 0.025742 0.050339
0 0.497155 0.468305 0.022309 0.027458
0 0.576095 0.47822 0.034322 0.032034
0 0.361583 0.508729 0.111547 0.114407
0 0.698367 0.512542 0.134714 0.189153
0 0.117231 0.562881 0.234462 0.230339
0 0.646407 0.45 0.018877 0.045763
