5 0.553677 0.256223 0.008581 0.032034
5 0.162406 0.37063 0.013729 0.071695
5 0.015679 0.372918 0.018877 0.076271
6 0.043137 0.356901 0.027458 0.074746
3 0.040991 0.393512 0.048909 0.056441
5 0.294974 0.369868 0.018019 0.067119
5 0.841982 0.421732 0.042903 0.256271
5 0.778057 0.414105 0.043761 0.225763
5 0.803798 0.421732 0.038612 0.204407
5 0.741191 0.424425 0.050686 0.264709
5 0.67981 0.416393 0.027458 0.205932
5 0.698687 0.419444 0.049767 0.245593
5 0.656214 0.433935 0.036896 0.21661
5 0.981415 0.463681 0.016303 0.099153
5 0.969885 0.404952 0.041293 0.231864
5 0.917061 0.350037 0.014587 0.07322
5 0.782347 0.418681 0.036896 0.228814
3 0.627021 0.377924 0.027458 0.044237
6 0.622945 0.362669 0.013729 0.062542
0 0.349656 0.348178 0.019735 0.03661
5 0.354241 0.361525 0.012871 0.051864
0 0.485094 0.423305 0.327775 0.504915
5 0.684161 0.414915 0.025742 0.201356
