0 0.464062 0.423984 0.021094 0.039844
0 0.475927 0.416953 0.00791 0.021094
0 0.489111 0.441562 0.039551 0.060937
0 0.511523 0.42164 0.010547 0.025781
0 0.448901 0.420468 0.011865 0.028125
0 0.544482 0.468515 0.092285 0.133594
2 0.640063 0.443906 0.098877 0.117187
0 0.757924 0.491953 0.172705 0.194531
0 0.290566 0.415781 0.029004 0.028125
0 0.297817 0.439218 0.056689 0.065625
0 0.075146 0.441562 0.113379 0.09375
0 0.382983 0.475547 0.151611 0.227344
2 0.320155 0.403125 0.036914 0.079687
5 0.157148 0.408515 0.010547 0.039844
