0 0.508242 0.377216 0.012292 0.016996
0 0.523266 0.377216 0.015024 0.016996
0 0.532826 0.385715 0.017755 0.019424
0 0.548533 0.383287 0.021853 0.029137
0 0.553996 0.391785 0.024584 0.041277
0 0.577214 0.400283 0.0519 0.077698
0 0.625017 0.425778 0.076484 0.128687
0 0.673502 0.439132 0.110628 0.169964
0 0.744523 0.486479 0.14887 0.22581
0 0.482292 0.383287 0.012292 0.019424
0 0.493901 0.380858 0.010926 0.014568
0 0.47478 0.384501 0.016389 0.021853
0 0.463171 0.390571 0.015024 0.014568
0 0.446782 0.391785 0.02595 0.046133
2 0.433807 0.369932 0.021853 0.026709
2 0.365518 0.380858 0.062826 0.092266
2 0.209818 0.376002 0.125652 0.184533
1 0.070765 0.377216 0.141529 0.220953
0 0.263084 0.407567 0.024584 0.06313
0 0.331373 0.405139 0.057363 0.082554
0 0.415369 0.419707 0.083313 0.101978
0 0.883833 0.537468 0.228086 0.604587
