0 0.73108 0.426888 0.019118 0.016314
0 0.708521 0.435045 0.018353 0.021752
0 0.687873 0.439804 0.026001 0.020393
0 0.661872 0.443202 0.030589 0.029909
0 0.642372 0.443882 0.019118 0.025831
0 0.622106 0.446601 0.018353 0.033988
0 0.5984 0.44932 0.033648 0.053021
0 0.580811 0.455438 0.032119 0.0571
0 0.558634 0.454079 0.042825 0.070695
0 0.530721 0.465634 0.037472 0.061178
2 0.774996 0.43935 0.035066 0.051208
0 0.354834 0.464955 0.054296 0.081571
0 0.477573 0.469713 0.087179 0.093807
0 0.154635 0.528199 0.268136 0.199849
2 0.852973 0.396326 0.12771 0.164502
0 0.88318 0.464981 0.102474 0.11148
