0 0.164034 0.488406 0.089473 0.053021
0 0.225977 0.489018 0.09865 0.053021
0 0.334951 0.4829 0.064237 0.053021
0 0.489235 0.502273 0.067678 0.104003
0 0.285052 0.480861 0.047031 0.0571
1 0.343554 0.445174 0.044737 0.026511
0 0.557372 0.490038 0.021795 0.034668
0 0.415247 0.548274 0.135357 0.187613
0 0.634342 0.539097 0.135357 0.16926
0 0.058502 0.48494 0.117003 0.069335
0 0.015486 0.468625 0.030971 0.032628
5 0.746548 0.519951 0.057355 0.189653
6 0.743681 0.569914 0.051619 0.142749
5 0.824551 0.509755 0.02753 0.128474
