5 0.244737 0.57 0.011865 0.032812
5 0.225621 0.571171 0.013184 0.030469
5 0.208482 0.572343 0.010547 0.01875
5 0.029185 0.613359 0.031641 0.128906
5 0.061485 0.615703 0.035596 0.171094
3 0.005364 0.662578 0.010728 0.152344
0 0.544004 0.548906 0.069873 0.0375
0 0.478745 0.565312 0.018457 0.032812
0 0.67584 0.611015 0.109424 0.157031
0 0.364048 0.656718 0.158203 0.178125
2 0.300108 0.559453 0.08833 0.194531
2 0.401621 0.537187 0.119971 0.239062
2 0.631675 0.541875 0.050098 0.060937
2 0.725278 0.552421 0.137109 0.232031
2 0.870298 0.55125 0.195117 0.182812
0 0.199913 0.655546 0.162158 0.152344
0 0.550596 0.746953 0.251806 0.353906
0 0.896665 0.640312 0.205664 0.220312
