0 0.533801 0.36199 0.006888 0.007653
0 0.517873 0.36199 0.007749 0.007653
0 0.44053 0.370408 0.015497 0.021429
0 0.40566 0.366582 0.012915 0.013776
0 0.424602 0.369643 0.023246 0.019898
0 0.422019 0.385714 0.028412 0.033673
0 0.297178 0.39949 0.023246 0.061225
0 0.32559 0.368112 0.016358 0.007653
0 0.356155 0.384949 0.034439 0.044388
0 0.276371 0.375765 0.018941 0.029082
0 0.253986 0.382653 0.029273 0.02449
0 0.186113 0.384949 0.055963 0.044388
0 0.089541 0.389541 0.077487 0.075
0 0.328747 0.42398 0.085236 0.10102
0 0.391598 0.388776 0.040466 0.058163
0 0.46478 0.42398 0.078348 0.122449
0 0.492762 0.366072 0.006888 0.010714
0 0.50051 0.367602 0.006888 0.013776
0 0.510412 0.366072 0.007749 0.010714
