0 0.355175 0.281206 0.008004 0.012451
0 0.36468 0.285652 0.011005 0.014229
0 0.355175 0.290988 0.010005 0.010672
0 0.371183 0.295435 0.010005 0.012451
0 0.38419 0.306107 0.012006 0.019565
0 0.373184 0.306107 0.010005 0.012451
0 0.36518 0.305217 0.012006 0.017787
0 0.362179 0.311443 0.016008 0.019565
0 0.396696 0.316779 0.011005 0.016008
0 0.386191 0.324783 0.010005 0.014229
0 0.391694 0.329229 0.013006 0.012451
0 0.373184 0.32834 0.012006 0.017787
0 0.381689 0.329229 0.013006 0.012451
0 0.372184 0.336344 0.012006 0.012451
0 0.383189 0.335455 0.016008 0.014229
0 0.369182 0.348795 0.016008 0.023123
0 0.380688 0.354131 0.02101 0.037352
0 0.427711 0.355909 0.009004 0.037352
0 0.408702 0.355909 0.039019 0.058696
0 0.346671 0.352352 0.031015 0.044466
0 0.355676 0.336344 0.013006 0.016008
0 0.448221 0.351463 0.016008 0.035573
0 0.293645 0.354131 0.027013 0.037352
0 0.267132 0.356799 0.032016 0.035573
0 0.211104 0.355909 0.036018 0.02668
0 0.164081 0.351463 0.068034 0.046245
0 0.100049 0.350573 0.062031 0.030237
0 0.041521 0.367737 0.083041 0.09249
0 0.473734 0.359733 0.055027 0.097826
0 0.637815 0.356176 0.04102 0.030237
0 0.610802 0.376631 0.045022 0.056917
0 0.665829 0.378409 0.085042 0.067589
0 0.541267 0.393528 0.114056 0.183202
5 0.897211 0.372501 0.016008 0.09249
5 0.920723 0.378727 0.019009 0.094269
5 0.871198 0.378727 0.02001 0.06581
5 0.211839 0.355526 0.005616 0.025514
