0 0.405607 0.628921 0.021016 0.022417
1 0.442035 0.637639 0.029422 0.034871
0 0.443436 0.638884 0.018214 0.027399
0 0.42242 0.638884 0.023818 0.03238
0 0.341859 0.622694 0.016813 0.019926
0 0.325046 0.622694 0.014011 0.019926
0 0.36988 0.646356 0.061647 0.09714
0 0.271105 0.633902 0.074256 0.09714
2 0.29072 0.590314 0.037829 0.059779
5 0.414714 0.638884 0.008406 0.027399
5 0.428725 0.64262 0.008406 0.029889
5 0.498077 0.647602 0.009807 0.044834
5 0.503682 0.650092 0.009807 0.044834
5 0.518393 0.65798 0.016813 0.072232
5 0.533104 0.653829 0.009807 0.082196
5 0.642387 0.661301 0.021016 0.136993
5 0.62067 0.663792 0.025219 0.141974
5 0.587745 0.615222 0.018214 0.019926
5 0.598253 0.672509 0.030823 0.139483
5 0.571633 0.667528 0.028021 0.119557
5 0.553886 0.651753 0.020549 0.097971
5 0.658032 0.685794 0.033625 0.179336
5 0.688855 0.685794 0.030823 0.164391
5 0.723882 0.694511 0.044834 0.216697
5 0.77502 0.709456 0.054641 0.251568
5 0.820555 0.713192 0.061647 0.254059
5 0.964981 0.734779 0.046235 0.25655
5 0.974788 0.75595 0.049037 0.318819
5 0.919446 0.717343 0.061647 0.281458
