0 0.03556 0.262047 0.069973 0.075453
0 0.860893 0.364011 0.277596 0.675
0 0.2168 0.236556 0.051619 0.044864
0 0.518486 0.213104 0.030971 0.042825
0 0.100371 0.243693 0.067678 0.063218
0 0.25064 0.231458 0.030971 0.042825
0 0.49325 0.206986 0.029824 0.030589
0 0.45941 0.198829 0.024089 0.030589
0 0.391732 0.216163 0.033266 0.048943
0 0.354451 0.219222 0.041295 0.050982
0 0.423851 0.212085 0.028677 0.024471
0 0.439336 0.19781 0.016059 0.024471
0 0.59362 0.214124 0.019501 0.024471
0 0.616036 0.214087 0.028701 0.040394
6 0.431307 0.206986 0.009177 0.022432
3 0.431307 0.222281 0.009177 0.016314
