0 0.13357 0.501556 0.199147 0.194901
0 0.384012 0.40947 0.034197 0.053642
0 0.281421 0.441656 0.078452 0.100132
2 0.653062 0.385331 0.242397 0.445232
0 0.110939 0.421987 0.103597 0.096556
0 0.203472 0.449702 0.077446 0.123377
0 0.176819 0.381755 0.034197 0.012517
0 0.041539 0.377285 0.071411 0.053642
0 0.024541 0.417517 0.049083 0.05543
5 0.0521 0.401424 0.016093 0.073311
5 0.081268 0.392483 0.016093 0.044702
0 0.322659 0.404106 0.040232 0.064371
0 0.343781 0.403212 0.01207 0.033974
0 0.350821 0.398742 0.01207 0.028609
0 0.404631 0.40053 0.015087 0.025033
1 0.397088 0.378179 0.010058 0.016093
2 0.451904 0.393377 0.053307 0.096556
5 0.435308 0.457748 0.040232 0.13947
2 0.283433 0.374603 0.018104 0.026821
0 0.272369 0.388013 0.018104 0.017881
0 0.237669 0.412152 0.025145 0.044702
2 0.498614 0.397722 0.080909 0.192362
