0 0.04531 0.399178 0.090258 0.060986
0 0.442059 0.426899 0.059253 0.083162
0 0.577327 0.460164 0.028847 0.058214
2 0.375009 0.392248 0.023389 0.049897
2 0.348891 0.39502 0.030406 0.058214
0 0.203487 0.371458 0.017152 0.027721
0 0.258452 0.38116 0.042881 0.024949
0 0.393331 0.407495 0.025728 0.041581
0 0.511058 0.47541 0.120845 0.158008
0 0.626055 0.472638 0.08888 0.091478
2 0.885673 0.538113 0.227648 0.212788
5 0.740273 0.465708 0.014813 0.06653
5 0.763273 0.446304 0.020271 0.038809
5 0.783934 0.467094 0.013254 0.06653
5 0.797967 0.456006 0.011695 0.038809
