0 0.234316 0.417412 0.024866 0.037406
0 0.22523 0.428464 0.020084 0.028904
0 0.202755 0.431014 0.026779 0.030605
0 0.178367 0.431864 0.025823 0.039106
0 0.139633 0.428464 0.042081 0.042506
0 0.363907 0.417412 0.008608 0.017003
0 0.516452 0.438665 0.022953 0.062909
0 0.77506 0.422513 0.05241 0.047607
0 0.103769 0.438665 0.043038 0.039106
0 0.154457 0.435265 0.037299 0.039106
0 0.442331 0.476071 0.155892 0.249937
0 0.610656 0.462469 0.136764 0.171726
0 0.872708 0.586587 0.2544 0.501575
3 0.055949 0.442916 0.014346 0.032305
3 0.040168 0.434415 0.015302 0.022103
6 0.041125 0.413161 0.009564 0.027204
6 0.055949 0.428464 0.014346 0.037406
5 0.009564 0.426423 0.009564 0.044207
5 0.071251 0.423873 0.006695 0.028904
5 0.81322 0.427614 0.025823 0.045907
