0 0.087245 0.636008 0.174491 0.488704
0 0.851654 0.62561 0.295686 0.315404
0 0.170591 0.587484 0.113078 0.259949
0 0.212021 0.534628 0.098456 0.171566
0 0.263198 0.525963 0.031194 0.074519
0 0.290493 0.517298 0.025345 0.050257
0 0.641911 0.587484 0.143297 0.149037
0 0.558565 0.564089 0.107229 0.140372
0 0.490328 0.561489 0.05069 0.083184
0 0.456697 0.558023 0.036068 0.062388
0 0.435252 0.547625 0.039967 0.062388
0 0.40747 0.537227 0.042892 0.048524
0 0.381637 0.535494 0.02632 0.038126
0 0.365553 0.530295 0.021446 0.031194
0 0.342645 0.523364 0.041917 0.041592
