0 0.516614 0.531496 0.004783 0.017008
0 0.512429 0.535748 0.005979 0.025512
0 0.504058 0.534685 0.008371 0.027638
0 0.495089 0.533622 0.01435 0.034016
0 0.491501 0.536811 0.01435 0.027638
0 0.478347 0.536811 0.023917 0.040394
0 0.474161 0.538937 0.025113 0.036142
0 0.458615 0.542126 0.027505 0.046772
0 0.437687 0.546378 0.038268 0.055276
0 0.411976 0.551693 0.039464 0.065906
0 0.383873 0.557008 0.047835 0.085039
0 0.313317 0.558071 0.114803 0.138189
0 0.190741 0.60378 0.180576 0.182835
0 0.053814 0.598465 0.107628 0.325276
5 0.545315 0.533622 0.007175 0.02126
0 0.551892 0.534685 0.010763 0.019134
0 0.57581 0.532559 0.005979 0.023386
0 0.58717 0.534685 0.01435 0.036142
0 0.587768 0.54 0.010763 0.029764
0 0.600325 0.545315 0.016742 0.036142
0 0.612882 0.551693 0.02033 0.057402
0 0.618263 0.554882 0.016742 0.051024
0 0.635603 0.558071 0.032288 0.082913
0 0.68284 0.575079 0.090886 0.116929
0 0.71752 0.60378 0.100453 0.140315
0 0.811395 0.640984 0.209277 0.214724
0 0.907543 0.754512 0.180576 0.389906
5 0.913243 0.540709 0.016742 0.072283
5 0.932975 0.555591 0.03468 0.06378
5 0.989181 0.549213 0.017938 0.025512
