0 0.460902 0.428866 0.006959 0.024742
0 0.47018 0.430928 0.013918 0.024742
0 0.414742 0.423711 0.013918 0.02268
0 0.403724 0.417526 0.012758 0.026804
0 0.389227 0.418557 0.020876 0.045361
0 0.366031 0.425773 0.030155 0.047423
0 0.330657 0.427835 0.033634 0.051546
0 0.288325 0.437113 0.034794 0.057732
0 0.252835 0.435052 0.044072 0.070103
0 0.177333 0.44433 0.103222 0.105155
0 0.431211 0.428866 0.018557 0.028866
0 0.510077 0.413402 0.05567 0.109278
0 0.526315 0.440206 0.027835 0.084536
0 0.540812 0.445361 0.033634 0.098969
0 0.572706 0.459794 0.064948 0.103093
0 0.66607 0.496083 0.133376 0.181443
0 0.842358 0.588866 0.288789 0.391753
0 0.450739 0.427217 0.012758 0.03299
