5 0.920559 0.352926 0.014725 0.028047
5 0.406508 0.36508 0.015776 0.063573
5 0.508529 0.280004 0.007362 0.020568
5 0.495382 0.36321 0.012621 0.022438
5 0.482761 0.314595 0.008414 0.029917
5 0.598455 0.373494 0.031553 0.114058
5 0.645785 0.377234 0.03576 0.114058
5 0.760953 0.36695 0.011569 0.056094
5 0.78304 0.388452 0.024191 0.09536
5 0.846146 0.399671 0.030501 0.106579
0 0.526146 0.383778 0.075727 0.052355
0 0.40493 0.382843 0.027346 0.039266
0 0.345505 0.395932 0.114643 0.177632
0 0.612654 0.276264 0.026294 0.024307
0 0.580049 0.277199 0.013673 0.014958
0 0.563221 0.279069 0.011569 0.011219
0 0.565324 0.268785 0.009466 0.016828
0 0.933092 0.425693 0.131471 0.145845
0 0.208425 0.427563 0.2682 0.306648
5 0.498187 0.299792 0.006311 0.026177
