0 0.511982 0.443632 0.017193 0.033113
0 0.501236 0.444906 0.018626 0.050943
0 0.489773 0.45 0.021492 0.071321
0 0.568577 0.448727 0.021492 0.038208
1 0.529175 0.430897 0.028656 0.063679
0 0.543503 0.45 0.040118 0.056038
2 0.610844 0.443208 0.060177 0.091698
5 0.270557 0.452548 0.012895 0.106981
5 0.256946 0.453821 0.020059 0.109528
5 0.243335 0.457642 0.015761 0.101887
5 0.229723 0.430897 0.020059 0.053491
5 0.211097 0.457642 0.034387 0.106981
5 0.054923 0.438538 0.020059 0.094245
5 0.067102 0.466557 0.021492 0.140094
5 0.087877 0.462736 0.031521 0.137547
5 0.120831 0.463161 0.031521 0.128208
5 0.155218 0.469953 0.02579 0.104434
5 0.219694 0.465283 0.020059 0.106981
5 0.021014 0.467831 0.042028 0.168113
5 0.648812 0.435566 0.010029 0.045849
5 0.657409 0.430472 0.015761 0.050943
5 0.652394 0.450849 0.017193 0.056038
5 0.666006 0.452123 0.018626 0.089151
5 0.679617 0.424104 0.014328 0.043302
5 0.692512 0.440661 0.017193 0.045849
5 0.708989 0.413915 0.012895 0.022925
5 0.729765 0.422831 0.011462 0.030566
5 0.745525 0.41901 0.020059 0.022925
5 0.782778 0.417736 0.017193 0.030566
5 0.805702 0.41901 0.02579 0.038208
5 0.838656 0.425378 0.017193 0.03566
5 0.854417 0.424104 0.02579 0.043302
5 0.934653 0.469953 0.054446 0.135
5 0.960443 0.462312 0.037252 0.114623
2 0.938951 0.458491 0.120354 0.178302
1 0.3773 0.359151 0.229245 0.382076
0 0.779045 0.584407 0.32187 0.340134
5 0.033294 0.417736 0.024357 0.112076
5 0.009125 0.421557 0.01825 0.109528
