5 0.064237 0.419769 0.033932 0.149769
5 0.273094 0.420809 0.009361 0.085285
5 0.19938 0.408328 0.009361 0.064484
5 0.188849 0.420809 0.009361 0.081125
5 0.266074 0.423929 0.009361 0.112327
5 0.139121 0.412697 0.026912 0.131464
5 0.214591 0.417689 0.023401 0.116487
5 0.239162 0.417689 0.021061 0.120647
5 0.255543 0.418729 0.016381 0.118567
2 0.366115 0.397096 0.186041 0.264176
2 0.497163 0.413737 0.052653 0.106086
2 0.770959 0.451179 0.073714 0.101926
1 0.633476 0.428506 0.049143 0.083205
0 0.587258 0.440876 0.017551 0.025182
0 0.655707 0.442027 0.044463 0.068644
0 0.700638 0.468444 0.069268 0.084037
5 0.734102 0.457627 0.016381 0.058243
2 0.532265 0.424345 0.019891 0.066564
0 0.60165 0.435578 0.011701 0.029122
0 0.559528 0.433498 0.049143 0.091525
0 0.879191 0.575987 0.241034 0.488829
