0 0.038432 0.328465 0.074144 0.104173
0 0.181936 0.51874 0.363543 0.569764
0 0.315908 0.446102 0.094473 0.150945
0 0.424697 0.433701 0.141112 0.178583
0 0.497047 0.431575 0.037072 0.072283
0 0.555644 0.462402 0.099257 0.159449
2 0.627994 0.42626 0.066969 0.108425
0 0.620819 0.448583 0.026309 0.059528
0 0.647128 0.457087 0.066969 0.089291
0 0.717684 0.465591 0.129154 0.191339
2 0.746983 0.409252 0.147092 0.235984
5 0.947889 0.45815 0.017938 0.057402
5 0.965827 0.462402 0.015546 0.082913
5 0.98496 0.475158 0.017938 0.078661
5 0.982569 0.467717 0.017938 0.076535
