6 0.024376 0.382874 0.048178 0.153965
3 0.026096 0.442523 0.048178 0.118278
6 0.278743 0.39358 0.033839 0.08361
3 0.280177 0.412953 0.05506 0.067296
3 0.208484 0.42111 0.061943 0.053021
5 0.206763 0.387462 0.019501 0.099924
5 0.303406 0.373187 0.013192 0.065257
5 0.29681 0.372168 0.011471 0.05506
5 0.63807 0.395619 0.018353 0.091767
0 0.505007 0.380835 0.025236 0.047923
0 0.490669 0.380835 0.006883 0.02753
0 0.572972 0.378285 0.018927 0.034668
0 0.576987 0.387462 0.021221 0.040785
0 0.58301 0.390011 0.019501 0.039766
0 0.590752 0.390521 0.020074 0.059139
0 0.62029 0.39358 0.053913 0.073414
0 0.710337 0.392051 0.100944 0.217183
0 0.07198 0.613312 0.141092 0.215143
0 0.865194 0.416012 0.269567 0.53429
0 0.370511 0.411934 0.139372 0.146828
0 0.533685 0.400717 0.06309 0.089728
0 0.477764 0.383893 0.029251 0.035687
