0 0.579036 0.629076 0.023395 0.045058
0 0.64581 0.631675 0.012673 0.019063
0 0.632163 0.631675 0.010723 0.015597
0 0.691626 0.623877 0.02437 0.03466
0 0.662382 0.626477 0.010723 0.019063
0 0.673592 0.639474 0.027295 0.031194
0 0.764737 0.623877 0.012673 0.03466
0 0.739879 0.629942 0.037043 0.046791
0 0.807628 0.622144 0.053614 0.065854
0 0.947513 0.629942 0.058488 0.046791
0 0.9894 0.636874 0.019435 0.050257
0 0.445487 0.623011 0.037043 0.036393
0 0.05264 0.668068 0.10333 0.154236
0 0.110641 0.656804 0.022421 0.093582
0 0.181314 0.644673 0.060438 0.076252
0 0.538581 0.650738 0.073111 0.112644
