0 0.491895 0.500921 0.016986 0.028421
0 0.479405 0.502697 0.021982 0.046184
0 0.446932 0.508914 0.066945 0.115461
2 0.389718 0.538581 0.101438 0.155601
0 0.541854 0.503586 0.010991 0.030197
0 0.553844 0.507138 0.014988 0.051513
0 0.582321 0.511579 0.043964 0.081711
0 0.593312 0.529342 0.045962 0.0675
0 0.628782 0.542664 0.064947 0.097697
0 0.689732 0.578191 0.124897 0.158092
5 0.964007 0.50625 0.031974 0.120789
5 0.913548 0.491151 0.026978 0.051513
5 0.867086 0.486711 0.015987 0.042632
5 0.8501 0.480493 0.015987 0.044408
5 0.830117 0.48227 0.01199 0.03375
5 0.817127 0.485822 0.015987 0.030197
5 0.803139 0.481382 0.017985 0.039079
5 0.791648 0.486711 0.008993 0.028421
5 0.773663 0.485822 0.016986 0.037303
5 0.757676 0.491151 0.012989 0.026645
5 0.732697 0.483158 0.016986 0.024868
5 0.721706 0.48227 0.012989 0.030197
5 0.700224 0.48227 0.01199 0.019539
5 0.690232 0.485822 0.01199 0.019539
5 0.674745 0.483158 0.012989 0.028421
5 0.664253 0.483158 0.009992 0.021316
5 0.645768 0.478717 0.008993 0.015987
0 0.837611 0.643914 0.296756 0.278882
0 0.959011 0.762928 0.081933 0.335724
2 0.185248 0.532007 0.370495 0.932566
0 0.518873 0.500921 0.032973 0.056842
