0 0.489736 0.596221 0.007014 0.013602
0 0.495156 0.597922 0.008926 0.017003
0 0.455625 0.596788 0.010202 0.017003
0 0.449568 0.597922 0.010839 0.021537
0 0.439047 0.600189 0.014027 0.023804
0 0.425658 0.601889 0.019128 0.029471
0 0.410674 0.603589 0.027417 0.04194
0 0.503126 0.597922 0.010839 0.026071
0 0.513008 0.599055 0.014027 0.026071
0 0.527546 0.600755 0.019128 0.034005
0 0.541254 0.604723 0.014665 0.030605
0 0.552412 0.60699 0.019128 0.04194
0 0.575684 0.602456 0.038893 0.075945
0 0.610624 0.616058 0.070773 0.085013
0 0.660994 0.620592 0.068223 0.123552
0 0.770426 0.625693 0.168325 0.192695
0 0.052822 0.611271 0.104793 0.089042
0 0.471246 0.597922 0.014665 0.017003
0 0.375224 0.614924 0.056746 0.057809
0 0.171655 0.660371 0.170875 0.18136
0 0.7321 0.783922 0.001275 0.020403
0 0.900106 0.65697 0.195741 0.238035
