0 0.444982 0.437022 0.020059 0.030566
0 0.44928 0.4443 0.022925 0.03566
0 0.455728 0.449394 0.032954 0.056038
0 0.461459 0.457035 0.032954 0.061132
0 0.490831 0.471045 0.071639 0.09934
0 0.503726 0.478686 0.05158 0.09934
0 0.411311 0.440479 0.015761 0.022925
0 0.395551 0.443026 0.018626 0.028019
0 0.354 0.4443 0.018626 0.03566
0 0.339672 0.446847 0.030088 0.045849
0 0.318897 0.450668 0.031521 0.048396
0 0.298838 0.451941 0.031521 0.050943
0 0.280928 0.454488 0.030088 0.050943
0 0.268749 0.460856 0.034387 0.058585
0 0.374059 0.441752 0.030088 0.040755
0 0.237228 0.468316 0.063043 0.066226
0 0.424923 0.445391 0.02579 0.040755
0 0.550292 0.501429 0.110324 0.132453
