0 0.311263 0.870227 0.027274 0.03828
0 0.294754 0.875331 0.018661 0.045936
0 0.281476 0.876607 0.023686 0.048488
0 0.26425 0.881711 0.032299 0.053592
0 0.252407 0.890005 0.024403 0.052316
0 0.234464 0.930837 0.017226 0.04466
0 0.432083 0.828119 0.010048 0.01276
0 0.423111 0.828119 0.009331 0.01276
0 0.401938 0.830033 0.017226 0.014036
0 0.374663 0.856829 0.025839 0.021692
0 0.350978 0.859381 0.024403 0.024244
0 0.424547 0.845983 0.017944 0.020416
2 0.465817 0.847259 0.030145 0.053592
0 0.419403 0.868951 0.031581 0.048488
0 0.495245 0.861933 0.031581 0.042108
5 0.68449 0.908033 0.025839 0.111011
5 0.730067 0.894635 0.02225 0.107183
5 0.742987 0.892083 0.029428 0.107183
0 0.969333 0.912385 0.059573 0.104631
