0 0.244189 0.292009 0.010723 0.012131
0 0.231517 0.293742 0.012673 0.012131
0 0.21592 0.298941 0.010723 0.008665
0 0.203247 0.298941 0.010723 0.015597
0 0.193499 0.301541 0.008773 0.010398
0 0.181314 0.301541 0.015597 0.010398
0 0.153532 0.301541 0.012673 0.013864
0 0.139885 0.302407 0.010723 0.015597
0 0.085783 0.313671 0.013647 0.020796
0 0.058488 0.315404 0.011698 0.01733
0 0.038505 0.32147 0.008773 0.015597
0 0.006824 0.332908 0.013647 0.015597
0 0.610327 0.269654 0.014622 0.031194
0 0.571822 0.265321 0.011698 0.025995
0 0.626412 0.273119 0.023395 0.03466
0 0.750212 0.243659 0.05264 0.03466
0 0.797978 0.267921 0.035093 0.048524
0 0.594958 0.285944 0.038992 0.065854
0 0.763031 0.28941 0.070186 0.093582
0 0.541343 0.332446 0.10138 0.154236
0 0.680741 0.296919 0.107229 0.145571
0 0.899553 0.345732 0.198861 0.434981
0 0.452798 0.270347 0.012673 0.01733
0 0.441588 0.277279 0.011698 0.01733
0 0.453286 0.283344 0.011698 0.015597
0 0.441101 0.292876 0.012673 0.013864
0 0.42989 0.279012 0.011698 0.01733
0 0.425016 0.288543 0.013647 0.022529
0 0.402596 0.280745 0.011698 0.020796
0 0.409419 0.297208 0.015597 0.019063
0 0.383099 0.305873 0.015597 0.029461
0 0.39236 0.307606 0.018521 0.022529
0 0.349144 0.299808 0.014622 0.024262
0 0.335984 0.312805 0.031194 0.032927
0 0.31795 0.324936 0.047766 0.039859
0 0.246626 0.331868 0.044841 0.053723
0 0.164743 0.3362 0.038992 0.020796
0 0.212996 0.347465 0.057514 0.043325
0 0.149146 0.37346 0.113078 0.064121
