0 0.163236 0.464528 0.029897 0.040394
0 0.1447 0.467717 0.026309 0.034016
0 0.103442 0.466654 0.060989 0.036142
0 0.056206 0.450709 0.035876 0.008504
0 0.049628 0.477284 0.046639 0.040394
0 0.710345 0.453898 0.028701 0.03189
0 0.756983 0.460276 0.043051 0.036142
0 0.793457 0.449646 0.044247 0.027638
0 0.82754 0.464528 0.031093 0.040394
0 0.851457 0.443268 0.023917 0.040394
0 0.888409 0.437953 0.056206 0.055276
0 0.88243 0.44752 0.051422 0.036142
0 0.958367 0.448583 0.038268 0.04252
0 0.672675 0.456024 0.02033 0.019134
0 0.539216 0.457087 0.025113 0.038268
0 0.477629 0.465591 0.023917 0.038268
0 0.255198 0.47941 0.157854 0.180709
0 0.504656 0.466654 0.052618 0.078661
0 0.593748 0.49004 0.101649 0.155197
0 0.403007 0.476221 0.157854 0.212598
