0 0.512831 0.47702 0.007749 0.029489
0 0.50336 0.492529 0.016358 0.065816
0 0.483127 0.497887 0.039605 0.070408
0 0.619591 0.490561 0.043909 0.056633
0 0.728503 0.49898 0.025829 0.055102
0 0.775426 0.505868 0.090402 0.093367
0 0.83225 0.52347 0.095568 0.104082
0 0.898545 0.535715 0.100733 0.12551
0 0.463325 0.507617 0.034439 0.105612
0 0.388297 0.505102 0.149809 0.17449
0 0.227931 0.59097 0.308227 0.301531
0 0.554034 0.503572 0.08007 0.127041
0 0.671987 0.503572 0.081792 0.108674
0 0.940842 0.626816 0.114509 0.375
