0 0.479223 0.404297 0.009229 0.023437
0 0.463403 0.413672 0.017139 0.0375
0 0.451538 0.414843 0.011865 0.030469
0 0.433081 0.418359 0.035596 0.05625
0 0.416601 0.427734 0.021094 0.060937
0 0.534594 0.400781 0.009229 0.021094
0 0.551733 0.4125 0.019775 0.035156
0 0.552392 0.421875 0.010547 0.030469
0 0.56228 0.421875 0.014502 0.039844
0 0.587329 0.416015 0.048779 0.084375
0 0.600512 0.432422 0.035596 0.098437
0 0.63413 0.441797 0.081738 0.1125
0 0.72246 0.465234 0.155566 0.220312
0 0.485156 0.403125 0.013184 0.021094
0 0.500976 0.401953 0.01582 0.023437
0 0.52207 0.40664 0.021094 0.032812
2 0.38646 0.423515 0.060644 0.086719
5 0.323838 0.492656 0.106787 0.389062
5 0.153111 0.514922 0.100195 0.386718
5 0.981699 0.350859 0.035596 0.067969
0 0.866343 0.519609 0.266308 0.321094
4 0.967197 0.709453 0.0646 0.180469
