0 0.040179 0.581395 0.080357 0.122727
0 0.094398 0.560594 0.109987 0.118567
0 0.240657 0.551233 0.060844 0.062404
0 0.644916 0.615717 0.186041 0.274576
0 0.37697 0.534592 0.040952 0.045763
0 0.474671 0.529392 0.028082 0.043683
0 0.425528 0.528352 0.023401 0.024961
6 0.828617 0.566834 0.059674 0.201772
3 0.831542 0.625077 0.072544 0.151849
0 0.437957 0.525231 0.010531 0.022881
0 0.448488 0.525231 0.015211 0.027042
0 0.500556 0.531472 0.018721 0.031202
0 0.505236 0.540832 0.018721 0.033282
0 0.529808 0.538752 0.042123 0.049923
0 0.56023 0.549153 0.037442 0.091525
0 0.40227 0.528352 0.011701 0.016641
5 0.158691 0.551084 0.016381 0.068644
5 0.184432 0.534443 0.011701 0.052003
5 0.203592 0.531992 0.00702 0.043683
5 0.603522 0.364854 0.009361 0.020801
5 0.716083 0.336772 0.00702 0.022881
5 0.74475 0.317011 0.00585 0.024961
5 0.67162 0.348213 0.00702 0.020801
