0 0.97156 0.554689 0.054742 0.122274
2 0.041993 0.449259 0.082114 0.11853
0 0.0834 0.469222 0.011931 0.01622
0 0.14481 0.467351 0.039302 0.037431
0 0.903132 0.526616 0.166333 0.128512
0 0.793647 0.514763 0.121416 0.107301
0 0.719254 0.5079 0.075095 0.076109
0 0.670126 0.496671 0.06527 0.071118
0 0.634684 0.492304 0.040706 0.054898
0 0.608365 0.487314 0.040004 0.054898
0 0.588012 0.482947 0.028775 0.046164
0 0.47186 0.472965 0.01544 0.028697
0 0.485195 0.482323 0.022458 0.042421
0 0.509057 0.489809 0.050531 0.062384
0 0.432207 0.520377 0.108783 0.148475
0 0.196284 0.457278 0.028073 0.041174
0 0.211725 0.477241 0.035091 0.031192
0 0.393497 0.466636 0.007018 0.014972
