0 0.517422 0.637999 0.010101 0.011427
0 0.50273 0.639631 0.006428 0.017956
0 0.498598 0.64208 0.009182 0.016324
0 0.488957 0.642896 0.019283 0.027751
0 0.464165 0.650242 0.039484 0.065296
0 0.444882 0.65922 0.039484 0.060399
0 0.525227 0.637999 0.009182 0.014692
0 0.531654 0.638815 0.009182 0.016324
0 0.539918 0.641264 0.011019 0.021221
0 0.547723 0.642896 0.013773 0.027751
0 0.561038 0.646977 0.023874 0.032648
0 0.579861 0.647793 0.01561 0.044075
0 0.587207 0.651058 0.019283 0.04734
0 0.600062 0.651058 0.030302 0.053869
0 0.607408 0.65922 0.022956 0.053869
0 0.625773 0.658404 0.030302 0.075091
0 0.643219 0.662485 0.044993 0.079988
0 0.663879 0.669015 0.049584 0.093047
0 0.71882 0.672824 0.096414 0.13549
3 0.764731 0.704655 0.087232 0.095768
3 0.799777 0.719075 0.107433 0.109371
0 0.393461 0.671735 0.089986 0.138755
0 0.218998 0.754988 0.273632 0.275877
0 0.089757 0.82763 0.179514 0.342805
0 0.927003 0.752386 0.143244 0.277509
