0 0.655659 0.481375 0.015473 0.025215
0 0.635673 0.477937 0.011605 0.027507
0 0.625358 0.480229 0.014183 0.022923
0 0.605372 0.495129 0.033524 0.048138
0 0.577006 0.487106 0.02063 0.032092
0 0.549928 0.48596 0.028367 0.034384
0 0.534455 0.489398 0.023209 0.036676
0 0.510602 0.495129 0.024499 0.048138
0 0.494484 0.493983 0.023209 0.055014
0 0.466117 0.491658 0.048997 0.064248
0 0.435771 0.509873 0.052774 0.057966
0 0.323639 0.502579 0.02063 0.027507
0 0.882501 0.500532 0.06447 0.07106
0 0.685868 0.484742 0.024499 0.041261
0 0.008857 0.546483 0.016608 0.042712
0 0.374968 0.499195 0.010297 0.024407
0 0.290021 0.503771 0.008581 0.021356
