0 0.498127 0.526829 0.013647 0.031194
0 0.506413 0.533761 0.018521 0.038126
0 0.519085 0.548492 0.032169 0.050257
0 0.538581 0.543293 0.012673 0.067587
0 0.55759 0.54156 0.027295 0.088383
0 0.414293 0.523364 0.009748 0.020796
0 0.403083 0.526829 0.016572 0.020796
0 0.265635 0.542426 0.036068 0.045058
0 0.220307 0.528562 0.038992 0.020796
0 0.224693 0.549358 0.047766 0.045058
0 0.154507 0.530295 0.094556 0.083184
0 0.073598 0.531162 0.067262 0.095315
0 0.316325 0.525096 0.069211 0.076252
0 0.381637 0.525963 0.028269 0.032927
0 0.358242 0.525963 0.014622 0.032927
0 0.020471 0.512099 0.040942 0.15077
0 0.617053 0.539827 0.118927 0.129974
