0 0.080069 0.752525 0.144773 0.138399
0 0.849688 0.805942 0.299107 0.381205
0 0.570385 0.8023 0.147505 0.160252
0 0.452928 0.752525 0.054631 0.084982
0 0.355957 0.741599 0.032779 0.048561
0 0.198209 0.750097 0.066923 0.065558
0 0.25967 0.739171 0.036876 0.043705
0 0.278108 0.744027 0.013658 0.043705
0 0.288351 0.740385 0.015024 0.036421
0 0.297229 0.744027 0.010926 0.033993
0 0.306106 0.741599 0.00956 0.024281
0 0.310886 0.739171 0.013658 0.014568
0 0.319081 0.739171 0.013658 0.014568
0 0.420832 0.753739 0.02595 0.038849
0 0.415369 0.746455 0.023218 0.038849
0 0.397614 0.744027 0.017755 0.038849
0 0.380541 0.744027 0.013658 0.024281
0 0.642772 0.774378 0.068289 0.089838
