0 0.438184 0.474031 0.042347 0.07018
0 0.434595 0.485515 0.025121 0.052316
0 0.401579 0.484877 0.059573 0.094423
0 0.389377 0.497637 0.059573 0.099527
0 0.357438 0.505931 0.070339 0.116115
0 0.47766 0.41406 0.007895 0.01914
0 0.472995 0.426182 0.010048 0.022968
0 0.49991 0.41725 0.007895 0.015312
0 0.506011 0.42044 0.012919 0.011484
0 0.51283 0.465099 0.010766 0.037004
0 0.523955 0.468289 0.020097 0.056144
0 0.524313 0.476583 0.015073 0.054868
0 0.536515 0.479135 0.017944 0.065076
0 0.569531 0.479773 0.071057 0.132703
0 0.464023 0.434476 0.02225 0.021692
0 0.509959 0.433455 0.02225 0.023733
0 0.268293 0.546253 0.19092 0.215643
0 0.629463 0.491576 0.127759 0.165879
0 0.854237 0.444046 0.287816 0.877032
