0 0.567619 0.533879 0.035387 0.052708
0 0.571923 0.546631 0.021041 0.034005
0 0.587225 0.550032 0.028692 0.061209
0 0.594398 0.561083 0.025823 0.06631
0 0.637435 0.555133 0.081293 0.139421
0 0.650347 0.579786 0.061209 0.141121
0 0.720163 0.609541 0.15111 0.214232
0 0.859318 0.731959 0.279267 0.510076
0 0.531276 0.561083 0.053558 0.073111
0 0.502584 0.531329 0.022953 0.034005
0 0.49828 0.545781 0.012433 0.022103
0 0.490629 0.548332 0.014346 0.034005
0 0.477718 0.552582 0.026779 0.035705
0 0.452374 0.556833 0.031561 0.051008
0 0.426551 0.557683 0.035387 0.06971
0 0.361516 0.599339 0.138677 0.159824
0 0.296482 0.582337 0.071729 0.112217
0 0.033256 0.635938 0.065991 0.309446
5 0.449186 0.551449 0.017215 0.088413
5 0.276557 0.53643 0.02391 0.062909
5 0.215666 0.554282 0.02391 0.081612
