0 0.545886 0.476793 0.009494 0.018565
0 0.554905 0.474824 0.012342 0.043882
0 0.574842 0.46301 0.038924 0.033755
0 0.504588 0.472292 0.010443 0.025316
0 0.497468 0.473136 0.011392 0.027004
0 0.484652 0.475668 0.014241 0.035443
0 0.471835 0.477356 0.007595 0.025316
0 0.46519 0.47398 0.011392 0.035443
0 0.454747 0.479887 0.017089 0.040506
0 0.440031 0.485794 0.018038 0.048945
0 0.426266 0.484951 0.024684 0.064135
0 0.404905 0.491702 0.023734 0.070886
0 0.381645 0.498453 0.037975 0.087764
0 0.580063 0.491702 0.039873 0.050633
0 0.321835 0.497046 0.096835 0.119831
0 0.65626 0.484046 0.059951 0.062171
