0 0.129318 0.532559 0.251132 0.27
0 0.687347 0.581032 0.238291 0.235134
0 0.576886 0.527882 0.081319 0.133087
0 0.287008 0.527457 0.098061 0.095669
0 0.352183 0.494504 0.049031 0.072283
0 0.388657 0.483874 0.033484 0.038268
0 0.410182 0.482811 0.026309 0.03189
0 0.426326 0.477496 0.02033 0.029764
0 0.458017 0.483874 0.009567 0.012756
0 0.46579 0.482811 0.010763 0.019134
0 0.477151 0.482811 0.019134 0.023386
0 0.489707 0.486 0.025113 0.038268
0 0.512827 0.490323 0.033086 0.085181
0 0.53535 0.510591 0.064577 0.121181
