0 0.475955 0.314646 0.023917 0.025512
0 0.461604 0.317835 0.009567 0.019134
0 0.444264 0.315709 0.025113 0.027638
0 0.43111 0.315709 0.017938 0.027638
0 0.42812 0.321024 0.011959 0.02126
0 0.417955 0.321024 0.017938 0.04252
0 0.401213 0.325276 0.039464 0.059528
0 0.379688 0.335906 0.063381 0.06378
0 0.285812 0.353976 0.105236 0.138189
0 0.166225 0.375945 0.208081 0.223228
0 0.07534 0.470551 0.150679 0.293386
0 0.524627 0.321874 0.013155 0.02126
0 0.552729 0.325063 0.009567 0.019134
0 0.568874 0.328252 0.017938 0.02126
0 0.58741 0.331441 0.011959 0.03189
0 0.604152 0.332504 0.028701 0.046772
0 0.626275 0.339945 0.025113 0.05315
0 0.646007 0.339945 0.038268 0.065906
0 0.6771 0.34526 0.057402 0.076535
0 0.705202 0.35589 0.063381 0.076535
0 0.788873 0.358937 0.136329 0.146693
0 0.883745 0.567638 0.230802 0.414567
0 0.484326 0.503858 0.249936 0.363543
5 0.947291 0.334205 0.033484 0.072283
5 0.983765 0.331016 0.029897 0.074409
