0 0.366665 0.482325 0.030302 0.029383
0 0.336364 0.488855 0.026629 0.029383
0 0.315704 0.490487 0.027547 0.042443
0 0.283566 0.490487 0.051421 0.048972
0 0.248214 0.491303 0.043157 0.060399
0 0.20368 0.488038 0.064276 0.083253
0 0.114153 0.512159 0.144162 0.129691
0 0.455274 0.477428 0.018365 0.029383
0 0.469048 0.482325 0.020201 0.032648
0 0.48879 0.486406 0.033974 0.04734
0 0.526437 0.511708 0.059685 0.065296
0 0.574185 0.545173 0.065194 0.099577
0 0.696309 0.565578 0.208438 0.192624
0 0.408904 0.489671 0.044993 0.066929
