0 0.401711 0.48301 0.015024 0.016996
0 0.386005 0.503649 0.038242 0.06313
0 0.307472 0.484224 0.02595 0.043705
0 0.269913 0.496365 0.040974 0.048561
0 0.114897 0.47694 0.050534 0.033993
0 0.058217 0.473298 0.046437 0.041277
0 0.08963 0.493937 0.054631 0.038849
0 0.707647 0.513361 0.034145 0.038849
0 0.680331 0.512147 0.020487 0.036421
0 0.660527 0.512147 0.016389 0.021853
0 0.618871 0.506077 0.06146 0.101978
0 0.433124 0.501221 0.050534 0.121403
0 0.185917 0.442947 0.066923 0.024281
0 0.144944 0.45266 0.028681 0.033993
0 0.114214 0.444161 0.027316 0.036421
0 0.240549 0.45873 0.042339 0.031565
0 0.227574 0.486652 0.079215 0.06313
0 0.044815 0.509719 0.08963 0.114119
0 0.181137 0.500007 0.133847 0.080126
0 0.337519 0.501221 0.075118 0.121403
0 0.514388 0.554638 0.161162 0.23795
0 0.859931 0.529144 0.27862 0.269515
