0 0.318633 0.381327 0.030231 0.025592
0 0.348372 0.376209 0.024018 0.030711
0 0.372617 0.369171 0.020154 0.039668
0 0.400689 0.364692 0.038868 0.063981
0 0.406807 0.37237 0.025193 0.043507
0 0.423722 0.373649 0.024473 0.06654
0 0.440997 0.380047 0.035989 0.071659
0 0.46475 0.394763 0.03455 0.093412
0 0.508641 0.403025 0.094069 0.148325
0 0.563593 0.433791 0.142518 0.184265
0 0.793445 0.506668 0.411718 0.520806
0 0.292449 0.373649 0.020874 0.043507
0 0.272655 0.388365 0.048945 0.065261
0 0.266897 0.410118 0.043187 0.057583
0 0.22191 0.384526 0.065501 0.085735
0 0.142878 0.635972 0.284316 0.621896
