0 0.377153 0.465705 0.021524 0.036735
0 0.349602 0.472593 0.0353 0.062755
0 0.324633 0.47948 0.023246 0.067347
0 0.47229 0.451164 0.013776 0.019898
0 0.493814 0.458817 0.015497 0.032143
0 0.501993 0.460348 0.016358 0.032143
0 0.512755 0.468766 0.032717 0.04898
0 0.536862 0.470297 0.022385 0.042857
0 0.61478 0.46494 0.031856 0.053571
0 0.677631 0.47795 0.061129 0.052041
0 0.744835 0.458052 0.105804 0.146939
0 0.853795 0.539174 0.285842 0.428572
0 0.278141 0.478715 0.069739 0.090306
0 0.427089 0.482542 0.08868 0.143878
0 0.568718 0.471062 0.055102 0.062755
5 0.056264 0.482843 0.014544 0.087097
