0 0.441964 0.579082 0.017219 0.021429
0 0.428189 0.586735 0.027551 0.033673
0 0.47339 0.579847 0.024968 0.035204
0 0.362755 0.595919 0.025829 0.04898
0 0.101799 0.615459 0.038744 0.02602
0 0.066499 0.626939 0.042188 0.030612
0 0.017106 0.622347 0.034213 0.027551
0 0.130054 0.651557 0.128284 0.12551
0 0.255482 0.638419 0.136033 0.139286
0 0.393668 0.5925 0.047353 0.068878
0 0.512051 0.594796 0.060268 0.085714
0 0.609771 0.582551 0.081792 0.107143
5 0.811438 0.548095 0.022368 0.088708
5 0.832659 0.540957 0.016633 0.078512
5 0.757811 0.545036 0.018353 0.052002
0 0.727987 0.542487 0.05506 0.053021
