0 0.383824 0.56414 0.013184 0.025781
0 0.373936 0.565312 0.017139 0.032812
0 0.366026 0.567656 0.017139 0.051562
0 0.344932 0.573515 0.032959 0.058594
0 0.44315 0.562968 0.01582 0.046875
0 0.485996 0.571171 0.030322 0.086719
0 0.524888 0.572343 0.073828 0.121875
0 0.557847 0.592265 0.068555 0.128906
0 0.654746 0.578203 0.183252 0.255469
0 0.282969 0.584062 0.07251 0.1125
0 0.268467 0.603984 0.067236 0.128906
0 0.170909 0.606328 0.185889 0.222656
2 0.471494 0.55125 0.051416 0.107812
0 0.074669 0.694218 0.148975 0.328125
0 0.825474 0.649687 0.348047 0.323437
1 0.397007 0.565312 0.018457 0.032812
0 0.422824 0.560355 0.016303 0.035085
