0 0.16498 0.519511 0.08483 0.090485
0 0.223776 0.516911 0.050313 0.064484
0 0.266776 0.515351 0.042708 0.057203
0 0.298953 0.516391 0.027497 0.040562
0 0.325864 0.51171 0.033347 0.037442
0 0.350436 0.51223 0.025156 0.028082
0 0.39401 0.506659 0.00585 0.014561
0 0.38933 0.507699 0.00585 0.016641
0 0.38465 0.508739 0.00819 0.020801
0 0.372364 0.507699 0.015211 0.027042
0 0.403371 0.506659 0.014041 0.020801
0 0.604456 0.520179 0.057333 0.074884
0 0.413275 0.50495 0.005265 0.013521
0 0.41971 0.50287 0.007605 0.017681
0 0.429071 0.49923 0.007605 0.00832
0 0.436969 0.497669 0.00585 0.009361
0 0.444282 0.494549 0.004095 0.009361
0 0.453057 0.487789 0.005265 0.010401
0 0.565969 0.51379 0.035687 0.037442
0 0.518581 0.518471 0.014626 0.036402
0 0.516241 0.51379 0.018136 0.037442
0 0.507758 0.51327 0.010531 0.034322
0 0.495472 0.50547 0.019891 0.029122
0 0.67888 0.522111 0.059088 0.072804
0 0.727438 0.528351 0.071959 0.076965
0 0.804329 0.535112 0.111742 0.102966
0 0.921921 0.536152 0.153864 0.16537
0 0.536257 0.523151 0.037442 0.049923
0 0.46911 0.483722 0.008608 0.011902
