2 0.860729 0.657674 0.274435 0.256417
0 0.453754 0.635498 0.082642 0.101181
2 0.060423 0.630647 0.116167 0.088706
0 0.140726 0.636191 0.035084 0.033265
0 0.21908 0.620944 0.046779 0.047125
0 0.516125 0.599461 0.053016 0.062372
0 0.732477 0.586293 0.0881 0.099795
0 0.168403 0.621637 0.032745 0.023563
0 0.252215 0.614014 0.011695 0.022177
2 0.275995 0.59461 0.032745 0.060986
0 0.409704 0.589065 0.014813 0.022177
0 0.397229 0.586986 0.010135 0.015246
0 0.388263 0.587679 0.007796 0.01386
0 0.344213 0.586986 0.007017 0.012474
