0 0.451374 0.642939 0.012248 0.019213
0 0.435452 0.646822 0.005764 0.01537
0 0.431489 0.647462 0.006484 0.016651
0 0.426806 0.650024 0.008646 0.019213
0 0.420322 0.648743 0.012968 0.032021
0 0.406273 0.653226 0.029539 0.051233
0 0.376734 0.664113 0.046831 0.067884
0 0.363045 0.686528 0.046831 0.081973
0 0.308649 0.702538 0.102307 0.126803
0 0.46319 0.64426 0.006484 0.020493
0 0.467153 0.64362 0.005764 0.021774
0 0.469314 0.64362 0.007205 0.021774
0 0.471475 0.646181 0.007205 0.024336
0 0.476158 0.649383 0.009366 0.03074
0 0.482643 0.653866 0.012248 0.037144
0 0.483363 0.656428 0.009366 0.032021
0 0.49345 0.656428 0.016571 0.047391
0 0.513983 0.661551 0.038905 0.057638
0 0.519747 0.675641 0.037464 0.060199
0 0.537038 0.692932 0.027378 0.079412
0 0.58358 0.707021 0.102307 0.133207
0 0.667155 0.671798 0.073488 0.083254
