0 0.590649 0.391078 0.011439 0.026593
0 0.578771 0.381692 0.012319 0.014079
0 0.578771 0.392642 0.014079 0.014079
0 0.566452 0.37387 0.010559 0.014079
0 0.568651 0.381692 0.013199 0.01095
0 0.569091 0.392642 0.008799 0.017207
0 0.560292 0.387167 0.015839 0.018772
0 0.547973 0.388731 0.015839 0.0219
0 0.533014 0.406721 0.015839 0.017207
0 0.533014 0.42471 0.012319 0.018772
0 0.563812 0.463036 0.082713 0.145481
0 0.508377 0.448957 0.052795 0.089166
0 0.480219 0.458343 0.021118 0.045365
0 0.46746 0.465382 0.021998 0.046929
0 0.405425 0.4646 0.065114 0.107937
0 0.338111 0.479461 0.11527 0.134531
0 0.247479 0.517787 0.146068 0.154867
0 0.097892 0.515831 0.195343 0.344931
0 0.762675 0.534994 0.424124 0.494322
0 0.93294 0.499797 0.132869 0.183024
6 0.447706 0.464287 0.035197 0.106373
4 0.446386 0.494791 0.032557 0.092294
