0 0.418948 0.279184 0.013431 0.023878
0 0.408616 0.281939 0.017564 0.029388
0 0.4019 0.281939 0.018597 0.040408
0 0.391052 0.285612 0.025829 0.040408
0 0.361988 0.285153 0.063294 0.043163
0 0.47405 0.271531 0.009298 0.020204
0 0.478699 0.279796 0.014464 0.029388
0 0.487481 0.281633 0.015497 0.029388
0 0.500912 0.283469 0.021696 0.040408
0 0.515893 0.281633 0.033061 0.051429
0 0.549643 0.299082 0.049592 0.104694
0 0.583085 0.309796 0.067427 0.137143
0 0.619381 0.322347 0.066122 0.187347
0 0.226799 0.330245 0.105344 0.15502
0 0.110032 0.390306 0.144643 0.163469
0 0.018597 0.422449 0.036161 0.154286
0 0.445539 0.296633 0.050625 0.086327
0 0.750838 0.345306 0.278954 0.363673
