0 0.499839 0.449297 0.018457 0.049219
0 0.403599 0.462187 0.044824 0.051562
0 0.366026 0.464531 0.046143 0.05625
0 0.329771 0.466875 0.055371 0.079687
0 0.275718 0.469218 0.081738 0.084375
0 0.197935 0.482109 0.094922 0.105469
0 0.636289 0.439922 0.022412 0.025781
0 0.654087 0.43875 0.026367 0.046875
0 0.66002 0.449297 0.027686 0.044531
0 0.675181 0.455156 0.026367 0.05625
0 0.687705 0.462187 0.030322 0.079687
0 0.726597 0.468047 0.087012 0.119531
0 0.520933 0.445781 0.034277 0.0375
0 0.59542 0.441093 0.014502 0.023437
0 0.570371 0.436406 0.038232 0.075
0 0.766148 0.503203 0.113379 0.147656
0 0.462266 0.484453 0.09624 0.114844
0 0.083238 0.512578 0.155566 0.119531
