0 0.07506 0.929705 0.15012 0.140283
0 0.162793 0.916753 0.126725 0.128241
0 0.375788 0.929705 0.117952 0.140283
6 0.518598 0.891624 0.019496 0.060655
3 0.521035 0.92975 0.012673 0.036393
5 0.935816 0.930398 0.05069 0.134737
5 0.859293 0.929705 0.034118 0.140283
5 0.817864 0.925418 0.031194 0.110911
5 0.590246 0.901156 0.014622 0.062388
5 0.648735 0.898556 0.012673 0.057189
5 0.636062 0.89769 0.010723 0.055456
5 0.565876 0.898556 0.010723 0.057189
5 0.717946 0.92975 0.020471 0.091849
5 0.669693 0.89509 0.009748 0.050257
0 0.446949 0.904622 0.061413 0.114377
0 0.478143 0.892491 0.014622 0.05199
0 0.484479 0.894224 0.017547 0.05199
0 0.495202 0.885559 0.015597 0.031194
0 0.492765 0.857831 0.016572 0.027728
1 0.537119 0.86303 0.05264 0.124775
0 0.505925 0.861297 0.009748 0.024262
