0 0.485954 0.466274 0.011598 0.028866
0 0.472616 0.473491 0.022036 0.043299
0 0.446521 0.452872 0.011598 0.014433
0 0.455799 0.482769 0.030155 0.041237
0 0.409407 0.455965 0.009278 0.020619
0 0.400709 0.458027 0.012758 0.016495
0 0.323583 0.461119 0.016237 0.026804
0 0.603673 0.467305 0.012758 0.030928
0 0.757925 0.497202 0.05683 0.082474
2 0.636727 0.4838 0.05567 0.105155
0 0.689521 0.508956 0.102062 0.127835
0 0.419289 0.495554 0.064948 0.068041
0 0.545706 0.554317 0.153093 0.226804
0 0.12992 0.621327 0.258634 0.381443
0 0.876247 0.570812 0.243557 0.259794
