5 0.611015 0.682187 0.006328 0.028125
5 0.601523 0.68125 0.008437 0.02625
5 0.589922 0.68125 0.006328 0.0225
5 0.573574 0.674687 0.005273 0.028125
0 0.604863 0.678937 0.020039 0.016875
0 0.583242 0.678 0.014766 0.0225
0 0.618047 0.68175 0.008437 0.02625
0 0.623847 0.68175 0.011602 0.03
0 0.629648 0.684562 0.010547 0.043125
0 0.63914 0.686437 0.021094 0.050625
0 0.53209 0.684562 0.026367 0.043125
0 0.528398 0.690187 0.016875 0.035625
0 0.723344 0.72975 0.064336 0.13875
0 0.807719 0.745687 0.167695 0.241875
0 0.512051 0.69 0.032695 0.045
0 0.657597 0.690937 0.041133 0.061875
0 0.37916 0.695625 0.129727 0.16125
0 0.910195 0.792187 0.177187 0.410625
