0 0.080422 0.411586 0.160843 0.251284
0 0.173516 0.424583 0.037043 0.083184
0 0.144272 0.363928 0.206659 0.110911
0 0.236878 0.354397 0.077985 0.071053
0 0.261249 0.347465 0.074085 0.053723
0 0.305115 0.348331 0.025345 0.024262
0 0.324611 0.347465 0.015597 0.019063
0 0.340695 0.334467 0.016572 0.027728
0 0.35288 0.325802 0.019496 0.020796
0 0.365553 0.31887 0.007798 0.020796
0 0.388461 0.349198 0.02437 0.032927
0 0.496177 0.375193 0.077985 0.091849
0 0.438664 0.355263 0.038992 0.045058
0 0.604381 0.362195 0.093582 0.100514
0 0.705761 0.343999 0.05069 0.032927
2 0.886588 0.322336 0.225181 0.644673
0 0.544918 0.351797 0.037043 0.038126
0 0.41868 0.337933 0.016572 0.020796
0 0.47132 0.327535 0.018521 0.01733
0 0.409907 0.324069 0.012673 0.013864
0 0.386024 0.314538 0.009748 0.012131
0 0.425504 0.32147 0.010723 0.015597
