0 0.045444 0.721803 0.090888 0.17057
0 0.116629 0.701002 0.088925 0.120647
0 0.185663 0.66148 0.063184 0.058243
0 0.237146 0.656279 0.049143 0.064484
0 0.302085 0.644839 0.031592 0.033282
0 0.282194 0.641718 0.015211 0.022881
0 0.498657 0.655239 0.047973 0.116487
0 0.581732 0.67292 0.136898 0.235054
0 0.397446 0.578275 0.063184 0.024961
0 0.79527 0.706202 0.369742 0.468028
0 0.407392 0.789407 0.242205 0.401464
5 0.100833 0.621957 0.015211 0.033282
5 0.114289 0.622997 0.014041 0.031202
5 0.144711 0.628198 0.011701 0.029122
5 0.03882 0.621957 0.017551 0.029122
