0 0.018663 0.293305 0.036896 0.051186
0 0.131925 0.42178 0.263422 0.311186
0 0.32769 0.273051 0.014587 0.027458
0 0.830164 0.255508 0.031748 0.065593
2 0.421707 0.259118 0.03468 0.067527
0 0.398479 0.256271 0.008581 0.018305
0 0.391614 0.263898 0.008581 0.015254
0 0.347854 0.273051 0.03089 0.039661
0 0.458542 0.294407 0.053199 0.079322
0 0.380889 0.264661 0.016303 0.025932
5 0.23502 0.276102 0.012871 0.064068
5 0.805281 0.301271 0.038612 0.138814
5 0.754656 0.299746 0.024883 0.135763
3 0.752425 0.33178 0.040328 0.077797
5 0.965736 0.293644 0.045477 0.157119
5 0.605247 0.291951 0.021578 0.104918
5 0.587164 0.265748 0.012871 0.046772
5 0.550263 0.266811 0.01435 0.070158
0 0.803787 0.24874 0.081319 0.080787
