0 0.413827 0.475309 0.009361 0.014561
0 0.419677 0.480509 0.011701 0.020801
0 0.430208 0.482589 0.023401 0.041602
0 0.437228 0.485709 0.018721 0.047843
0 0.445419 0.489869 0.018721 0.064484
0 0.400956 0.464908 0.014041 0.010401
0 0.390426 0.476349 0.009361 0.012481
0 0.385745 0.477389 0.009361 0.018721
0 0.365854 0.475309 0.00702 0.018721
0 0.358834 0.483629 0.011701 0.039522
0 0.337187 0.483629 0.036272 0.060324
0 0.319636 0.49299 0.033932 0.062404
0 0.293895 0.50651 0.054993 0.068644
0 0.472331 0.49715 0.051483 0.087365
0 0.403881 0.486749 0.024571 0.033282
0 0.375215 0.487789 0.021061 0.035362
0 0.14607 0.572034 0.29214 0.262096
0 0.89759 0.492247 0.090095 0.081125
