0 0.346471 0.684249 0.031015 0.062253
0 0.299948 0.712708 0.082041 0.094269
0 0.252925 0.715376 0.048024 0.099605
0 0.200399 0.740277 0.085042 0.120949
0 0.110855 0.77585 0.148073 0.160079
5 0.086843 0.708261 0.010005 0.028459
5 0.073836 0.718044 0.014007 0.044466
5 0.053827 0.726937 0.018009 0.062253
1 0.395996 0.65668 0.084042 0.167194
0 0.499547 0.734941 0.2031 0.227668
5 0.683138 0.663795 0.028014 0.131621
5 0.744668 0.619328 0.023011 0.099605
5 0.900745 0.647787 0.047023 0.177866
5 0.940265 0.634601 0.032016 0.158609
5 0.857724 0.631779 0.029014 0.081818
5 0.835713 0.629111 0.027013 0.087154
5 0.804698 0.614882 0.031015 0.044466
5 0.642617 0.638004 0.02101 0.069368
5 0.592093 0.677135 0.018009 0.08004
5 0.975107 0.658828 0.048779 0.208594
