2 0.43184 0.453177 0.038992 0.071053
0 0.383099 0.485238 0.037043 0.062388
0 0.193987 0.493036 0.107229 0.129974
0 0.07506 0.506241 0.15012 0.197146
0 0.317787 0.510366 0.144272 0.161168
0 0.541633 0.479172 0.014877 0.039859
0 0.52201 0.473107 0.034118 0.05199
0 0.559052 0.473973 0.012673 0.015597
0 0.578548 0.477439 0.022421 0.036393
0 0.605356 0.479172 0.037043 0.064121
0 0.645323 0.493036 0.054589 0.064121
0 0.686752 0.508633 0.071161 0.088383
0 0.792031 0.518165 0.172541 0.183697
0 0.919789 0.53276 0.159009 0.303543
