0 0.551126 0.573563 0.008414 0.016828
0 0.561643 0.573563 0.010518 0.016828
0 0.571635 0.569824 0.009466 0.013089
0 0.583204 0.573563 0.011569 0.024307
0 0.575842 0.577303 0.013673 0.020568
0 0.596424 0.579874 0.012477 0.044408
0 0.596424 0.578004 0.020891 0.029449
0 0.513788 0.566084 0.013673 0.024307
0 0.516943 0.576368 0.013673 0.022438
0 0.536401 0.588522 0.029449 0.046745
0 0.498011 0.585717 0.015776 0.044875
0 0.478028 0.595066 0.047329 0.071053
0 0.628956 0.582445 0.022087 0.048615
0 0.69364 0.645083 0.1788 0.200069
2 0.781462 0.506718 0.240855 0.379571
