0 0.356484 0.479062 0.016875 0.039375
0 0.316933 0.5025 0.079102 0.12
0 0.281074 0.519375 0.079102 0.15375
0 0.168223 0.545054 0.207773 0.242607
0 0.492539 0.47625 0.012656 0.01875
0 0.502031 0.477187 0.012656 0.024375
0 0.510996 0.480937 0.011602 0.024375
0 0.518906 0.482812 0.012656 0.028125
0 0.529453 0.48375 0.016875 0.03375
0 0.54 0.485625 0.014766 0.03
0 0.556875 0.48 0.029531 0.0375
0 0.57164 0.503437 0.03375 0.050625
0 0.594844 0.499375 0.029531 0.0825
0 0.624375 0.506875 0.050625 0.09
0 0.641777 0.511562 0.047461 0.103125
0 0.698203 0.5125 0.092812 0.13125
0 0.820547 0.529687 0.232031 0.226875
0 0.422402 0.5025 0.129727 0.22875
0 0.061699 0.571875 0.123398 0.2775
0 0.93709 0.567187 0.123398 0.260625
