1 0.603609 0.469482 0.125684 0.0875
2 0.414205 0.481201 0.019336 0.039062
0 0.419917 0.503857 0.020215 0.028125
2 0.393111 0.485889 0.017578 0.032813
0 0.386519 0.514014 0.020215 0.070312
0 0.351363 0.528857 0.060645 0.1
0 0.326314 0.571826 0.100195 0.157812
0 0.204585 0.63667 0.254004 0.303125
0 0.49023 0.506982 0.078223 0.025
0 0.557466 0.508545 0.063281 0.059375
0 0.625142 0.556201 0.094922 0.120312
1 0.815425 0.494482 0.227637 0.140625
0 0.492427 0.683545 0.295312 0.346875
0 0.781587 0.616357 0.305859 0.28125
5 0.933199 0.579639 0.009668 0.092187
5 0.950337 0.582764 0.029883 0.107812
5 0.981099 0.570264 0.017578 0.098437
0 0.115816 0.74917 0.231152 0.421875
