0 0.481336 0.462402 0.008371 0.019134
0 0.473563 0.459213 0.009567 0.017008
0 0.46579 0.45815 0.010763 0.027638
0 0.458615 0.460276 0.015546 0.036142
0 0.447852 0.461339 0.02033 0.034016
0 0.424533 0.463465 0.031093 0.046772
0 0.394636 0.469843 0.035876 0.059528
0 0.362348 0.475158 0.05501 0.082913
0 0.502264 0.463465 0.009567 0.017008
0 0.534552 0.461339 0.01435 0.017008
0 0.544717 0.462402 0.015546 0.023386
0 0.551892 0.464528 0.013155 0.027638
0 0.690613 0.502795 0.084907 0.121181
0 0.520202 0.464528 0.019134 0.023386
0 0.492099 0.461339 0.013155 0.02126
0 0.310925 0.486851 0.098061 0.106299
0 0.596139 0.517677 0.118391 0.155197
