0 0.377494 0.494769 0.029244 0.031194
0 0.452555 0.469641 0.033143 0.022529
0 0.446706 0.477439 0.015597 0.024262
0 0.486185 0.480039 0.051665 0.053723
0 0.540287 0.464442 0.017547 0.008665
0 0.574406 0.486104 0.04874 0.06932
0 0.600238 0.473973 0.020471 0.031194
0 0.639718 0.473973 0.015597 0.024262
0 0.687971 0.478306 0.010723 0.012131
0 0.677248 0.473973 0.008773 0.013864
0 0.658239 0.466175 0.023395 0.039859
0 0.619247 0.494769 0.044841 0.05199
0 0.302922 0.480039 0.038018 0.039859
0 0.098768 0.511622 0.097618 0.082229
0 0.754745 0.473107 0.028269 0.029461
0 0.778628 0.475706 0.044841 0.027728
0 0.797149 0.487837 0.031194 0.027728
0 0.831267 0.450578 0.054589 0.043325
0 0.854175 0.455777 0.057514 0.029461
0 0.849789 0.481772 0.068237 0.067587
0 0.199857 0.531835 0.22498 0.17935
0 0.523874 0.574532 0.167253 0.21622
0 0.414903 0.486352 0.046791 0.050257
5 0.729626 0.474221 0.007798 0.025995
5 0.762282 0.483752 0.014622 0.048524
5 0.647742 0.484619 0.007798 0.043325
5 0.667726 0.485485 0.010723 0.048524
