0 0.095669 0.545847 0.083711 0.074409
0 0.22841 0.450177 0.009567 0.014882
0 0.322884 0.439547 0.011959 0.01063
0 0.291791 0.495886 0.01435 0.008504
0 0.27206 0.494823 0.010763 0.014882
0 0.292987 0.482067 0.011959 0.01063
0 0.534552 0.412973 0.011959 0.012756
0 0.517212 0.416162 0.010763 0.01063
0 0.550099 0.412973 0.009567 0.017008
0 0.554882 0.421476 0.01435 0.02126
0 0.563851 0.442736 0.022721 0.034016
0 0.582387 0.422539 0.01435 0.023386
0 0.620057 0.449114 0.029897 0.038268
0 0.527377 0.484193 0.081319 0.125433
