0 0.436577 0.495598 0.013876 0.022425
0 0.428378 0.49784 0.012614 0.022425
0 0.417656 0.500083 0.013876 0.02691
0 0.410718 0.502325 0.025228 0.03588
0 0.392428 0.504568 0.023967 0.04485
0 0.384985 0.507932 0.032797 0.042608
0 0.370479 0.512417 0.021444 0.038123
0 0.25405 0.539327 0.065594 0.078488
0 0.190979 0.548297 0.095868 0.105399
0 0.097219 0.575367 0.125962 0.143521
0 0.502549 0.485282 0.010091 0.022425
0 0.508226 0.487525 0.011353 0.02691
0 0.513902 0.488646 0.015137 0.033638
0 0.521471 0.494252 0.01766 0.04485
0 0.527778 0.498737 0.01766 0.053821
0 0.830434 0.458596 0.095868 0.047093
0 0.978411 0.405737 0.041627 0.087458
0 0.025318 0.57761 0.046673 0.210797
0 0.348656 0.518471 0.047934 0.053821
0 0.449444 0.492682 0.016398 0.024668
0 0.469626 0.489319 0.013876 0.013455
0 0.55288 0.50838 0.049195 0.069518
0 0.701559 0.529983 0.182906 0.233222
