0 0.0658 0.578819 0.131599 0.128241
0 0.16718 0.536361 0.114053 0.129974
0 0.243215 0.540693 0.055564 0.076252
0 0.278795 0.517298 0.064337 0.081451
0 0.31925 0.521631 0.022421 0.045058
0 0.338746 0.52423 0.012673 0.043325
0 0.387974 0.5095 0.023395 0.03466
0 0.406982 0.508633 0.014622 0.029461
0 0.422092 0.504301 0.017547 0.031194
0 0.46937 0.503434 0.010723 0.025995
0 0.479605 0.502568 0.009748 0.027728
0 0.489354 0.506034 0.013647 0.038126
0 0.49374 0.512099 0.014622 0.036393
0 0.855898 0.512013 0.099463 0.150597
0 0.519573 0.512966 0.040942 0.062388
0 0.45621 0.497369 0.021446 0.038126
0 0.365066 0.513832 0.030219 0.046791
0 0.438664 0.506034 0.013647 0.024262
