0 0.087245 0.563222 0.055564 0.038126
0 0.676209 0.629076 0.17608 0.183697
0 0.437689 0.545892 0.038992 0.058922
0 0.338746 0.53896 0.018521 0.031194
0 0.376276 0.536361 0.013647 0.019063
0 0.356292 0.538094 0.012673 0.025995
0 0.012673 0.550225 0.025345 0.025995
0 0.03558 0.547625 0.020471 0.024262
0 0.116002 0.555424 0.021446 0.046791
0 0.139398 0.553691 0.021446 0.043325
0 0.142322 0.543293 0.023395 0.025995
0 0.173516 0.551958 0.025345 0.032927
0 0.22713 0.540693 0.027295 0.020796
0 0.382125 0.52423 0.011698 0.015597
0 0.380662 0.507767 0.012673 0.01733
0 0.463034 0.542426 0.011698 0.031194
0 0.473269 0.535494 0.014622 0.027728
0 0.816889 0.615212 0.146221 0.149037
0 0.663616 0.510063 0.08234 0.075126
0 0.721572 0.536916 0.026865 0.049146
0 0.460109 0.517298 0.011698 0.015597
0 0.010814 0.52423 0.021265 0.019063
0 0.984228 0.695825 0.030538 0.188838
