2 0.179228 0.343221 0.356871 0.686441
4 0.888875 0.586595 0.219973 0.374422
4 0.768943 0.539792 0.155619 0.222573
0 0.688208 0.475309 0.179021 0.185131
0 0.596943 0.445147 0.083075 0.124807
0 0.566521 0.437866 0.040952 0.110247
0 0.55131 0.427466 0.024571 0.093606
0 0.547215 0.422265 0.023401 0.091525
0 0.358834 0.420185 0.016381 0.074884
0 0.371119 0.411865 0.024571 0.066564
0 0.38399 0.410825 0.026912 0.060324
0 0.399201 0.408745 0.019891 0.047843
0 0.408562 0.407704 0.017551 0.045763
0 0.419677 0.404584 0.016381 0.039522
0 0.429038 0.400424 0.016381 0.035362
0 0.440154 0.399384 0.019891 0.024961
0 0.448929 0.397304 0.009361 0.020801
0 0.45829 0.396264 0.009361 0.018721
2 0.46882 0.388983 0.016381 0.045763
0 0.505092 0.405624 0.070204 0.128968
5 0.744372 0.397304 0.019891 0.070724
5 0.800535 0.409785 0.029252 0.095686
