5 0.107613 0.501662 0.047724 0.233318
5 0.157443 0.488561 0.04632 0.174676
5 0.744637 0.448505 0.025266 0.124769
5 0.666383 0.439771 0.018949 0.104806
5 0.650362 0.439063 0.016383 0.068454
5 0.633638 0.429621 0.018949 0.062384
5 0.614689 0.425878 0.018949 0.06488
5 0.303079 0.463309 0.010527 0.062384
5 0.295008 0.465804 0.011229 0.069871
5 0.249038 0.500739 0.014738 0.122274
5 0.234651 0.500739 0.011229 0.117283
5 0.223773 0.492005 0.014738 0.107301
5 0.212192 0.508849 0.019651 0.11853
5 0.329397 0.455822 0.01544 0.067375
5 0.339574 0.458318 0.00772 0.047412
5 0.352324 0.460397 0.012633 0.057394
5 0.275123 0.46726 0.012633 0.091081
5 0.286001 0.464764 0.009124 0.0811
5 0.421102 0.463517 0.012633 0.066128
0 0.480875 0.467675 0.013335 0.038678
2 0.39455 0.432324 0.062462 0.123521
0 0.465785 0.466012 0.028073 0.041174
0 0.507895 0.457902 0.043513 0.067375
