0 0.455015 0.498515 0.013184 0.016406
0 0.446446 0.500859 0.011865 0.021094
0 0.437217 0.497343 0.014502 0.023437
0 0.421397 0.497343 0.019775 0.028125
0 0.406895 0.496172 0.014502 0.025781
0 0.39437 0.496172 0.021094 0.039844
0 0.558506 0.478593 0.014502 0.028125
0 0.567735 0.487968 0.022412 0.032812
0 0.580918 0.485625 0.019775 0.042187
0 0.600034 0.487968 0.034277 0.046875
0 0.623765 0.490312 0.039551 0.05625
0 0.240782 0.534843 0.09624 0.121875
0 0.122129 0.574687 0.162158 0.16875
0 0.382505 0.503203 0.031641 0.039844
0 0.657383 0.487968 0.08042 0.084375
0 0.02523 0.618046 0.050098 0.175781
