0 0.105999 0.526181 0.127958 0.112677
5 0.172369 0.51874 0.023917 0.144567
5 0.193297 0.525118 0.02033 0.123307
5 0.226183 0.49004 0.021526 0.065906
0 0.359522 0.581165 0.302554 0.461923
0 0.512593 0.503858 0.037072 0.06378
0 0.546077 0.49004 0.015546 0.027638
0 0.559232 0.496417 0.022721 0.03189
0 0.576572 0.501732 0.026309 0.076535
0 0.616634 0.502795 0.063381 0.095669
5 0.800797 0.466654 0.02033 0.065906
5 0.785849 0.483662 0.011959 0.061654
5 0.73921 0.483662 0.011959 0.116929
5 0.75356 0.456024 0.009567 0.05315
0 0.870157 0.615473 0.257111 0.478347
