5 0.277383 0.396562 0.016875 0.084375
5 0.164531 0.404062 0.018984 0.088125
5 0.213574 0.40125 0.01582 0.07875
5 0.233086 0.44625 0.03375 0.13125
5 0.944472 0.391616 0.030586 0.186982
5 0.241523 0.443437 0.037969 0.125625
5 0.878554 0.425625 0.023203 0.08625
5 0.961875 0.384375 0.027422 0.18375
5 0.908613 0.374062 0.047461 0.163125
5 0.890156 0.385312 0.025312 0.140625
5 0.805781 0.394687 0.029531 0.140625
5 0.133418 0.421875 0.028477 0.06
0 0.610664 0.4875 0.149766 0.18
0 0.109687 0.569062 0.217266 0.470625
