5 0.657508 0.393389 0.022421 0.038126
0 0.071648 0.539827 0.141347 0.209692
0 0.171566 0.490437 0.124775 0.142105
0 0.241265 0.456643 0.080909 0.119576
0 0.293905 0.444512 0.047766 0.084917
0 0.319737 0.44018 0.025345 0.058922
0 0.332897 0.430648 0.041917 0.060655
0 0.3792 0.430648 0.056539 0.077985
0 0.414293 0.426316 0.013647 0.041592
0 0.425504 0.424583 0.008773 0.031194
0 0.73598 0.520764 0.235903 0.282478
0 0.613642 0.491303 0.094556 0.157702
0 0.543455 0.447112 0.071161 0.083184
0 0.503001 0.424583 0.040942 0.058922
0 0.478631 0.427182 0.009748 0.032927
0 0.470832 0.416785 0.011698 0.022529
0 0.460109 0.413319 0.009748 0.015597
0 0.432815 0.414185 0.007798 0.020796
0 0.442563 0.411586 0.007798 0.015597
