0 0.084397 0.668734 0.074528 0.055504
0 0.251077 0.665153 0.095677 0.04118
1 0.113604 0.639191 0.048342 0.017905
0 0.334165 0.664257 0.100713 0.050133
0 0.462071 0.659781 0.032228 0.016114
0 0.506888 0.651724 0.059421 0.042971
0 0.550194 0.669629 0.121863 0.057294
0 0.738528 0.65441 0.105749 0.073409
0 0.607601 0.65441 0.027192 0.012533
0 0.78687 0.643667 0.031221 0.019695
0 0.828162 0.647248 0.047335 0.019695
0 0.900172 0.657096 0.048342 0.060875
1 0.960599 0.634715 0.078556 0.076989
5 0.983763 0.65441 0.012086 0.094894
3 0.99736 0.685743 0.003021 0.046552
6 0.993835 0.621287 0.012086 0.075199
5 0.676589 0.664257 0.020143 0.089523
4 0.038069 0.721552 0.070499 0.125332
6 0.029005 0.688429 0.036257 0.152188
