2 0.039441 0.694633 0.076779 0.127147
0 0.027346 0.775035 0.054692 0.127147
2 0.188792 0.720811 0.215612 0.19072
5 0.06258 0.765686 0.034708 0.157064
0 0.488546 0.755402 0.015776 0.028047
0 0.473295 0.756337 0.016828 0.037396
0 0.454889 0.757272 0.015776 0.046745
0 0.448578 0.759142 0.01788 0.039266
0 0.42281 0.758207 0.03576 0.056094
5 0.423336 0.754467 0.013673 0.074792
0 0.330255 0.756337 0.138833 0.205679
0 0.525357 0.693698 0.047329 0.039266
0 0.566902 0.727355 0.012621 0.024307
0 0.535349 0.739509 0.07152 0.108449
0 0.590567 0.743248 0.041019 0.056094
0 0.659458 0.745118 0.029449 0.063573
5 0.628956 0.72829 0.010518 0.041136
5 0.681545 0.72829 0.010518 0.033657
5 0.692588 0.735769 0.009466 0.056094
5 0.699951 0.732029 0.011569 0.056094
5 0.65788 0.746988 0.01788 0.071053
5 0.734659 0.732964 0.011569 0.061704
5 0.746491 0.742313 0.017354 0.072922
5 0.78304 0.729225 0.027346 0.110319
0 0.902416 0.762881 0.192473 0.312258
