0 0.017693 0.505825 0.033474 0.154723
0 0.188887 0.496474 0.090857 0.088413
0 0.250575 0.499874 0.03443 0.051008
0 0.282136 0.496474 0.030605 0.037406
0 0.308436 0.494774 0.020084 0.027204
0 0.322304 0.480321 0.032517 0.032305
0 0.349083 0.479471 0.021041 0.030605
0 0.417465 0.496474 0.087032 0.146222
0 0.47198 0.485422 0.02391 0.042506
2 0.497324 0.455668 0.03443 0.06801
0 0.531276 0.479471 0.048776 0.085013
0 0.566184 0.488823 0.021041 0.059509
0 0.600614 0.498174 0.051645 0.081612
0 0.661823 0.510076 0.093726 0.122418
0 0.787111 0.523678 0.154936 0.20063
0 0.932961 0.595939 0.132939 0.260139
