0 0.070674 0.535494 0.141347 0.412452
2 0.852629 0.532028 0.293736 0.568421
0 0.180827 0.5095 0.203735 0.291143
0 0.291955 0.487837 0.096506 0.18543
0 0.336796 0.498235 0.030219 0.088383
0 0.36604 0.49217 0.043866 0.062388
0 0.393335 0.484371 0.018521 0.043325
0 0.408719 0.477439 0.028696 0.039859
0 0.423067 0.468774 0.023395 0.036393
0 0.598532 0.529429 0.10333 0.112644
0 0.686752 0.485238 0.071161 0.090116
0 0.539069 0.493036 0.060438 0.081451
0 0.509337 0.480039 0.030219 0.038126
0 0.490816 0.477439 0.02437 0.050257
0 0.476194 0.47484 0.012673 0.041592
0 0.450361 0.476573 0.019496 0.038126
