0 0.042927 0.485641 0.085854 0.106106
0 0.099693 0.476429 0.034893 0.062031
0 0.378069 0.443198 0.022037 0.031016
0 0.369346 0.45789 0.032138 0.04734
0 0.452075 0.441022 0.014692 0.017956
0 0.553692 0.434873 0.007346 0.016324
0 0.55966 0.442219 0.010101 0.017956
0 0.574352 0.4463 0.01561 0.029383
0 0.591798 0.445484 0.011937 0.031016
0 0.609704 0.447116 0.022037 0.037545
0 0.628987 0.450381 0.022037 0.044075
0 0.399262 0.445448 0.018365 0.024486
0 0.489249 0.436469 0.011019 0.013059
0 0.526757 0.439934 0.038566 0.076723
0 0.565323 0.450544 0.016528 0.029383
0 0.660819 0.461971 0.049584 0.062031
2 0.191043 0.423728 0.175382 0.202418
0 0.325563 0.514327 0.216702 0.174667
0 0.93894 0.441413 0.11937 0.194256
0 0.761998 0.451166 0.044592 0.07228
0 0.689864 0.456995 0.013115 0.027979
