0 0.219763 0.519921 0.049584 0.04734
0 0.283798 0.524119 0.019283 0.037545
0 0.30859 0.5282 0.032138 0.065296
0 0.25717 0.525751 0.044993 0.066929
0 0.597111 0.52272 0.077131 0.102842
0 0.688964 0.482789 0.065194 0.045707
0 0.817975 0.477075 0.064276 0.050605
0 0.868018 0.487686 0.074377 0.052237
0 0.671517 0.545636 0.127634 0.119166
1 0.384789 0.475455 0.140489 0.287304
0 0.090497 0.632983 0.1763 0.29873
0 0.457054 0.505689 0.020183 0.029153
0 0.48922 0.504568 0.023967 0.022425
0 0.540308 0.504568 0.025228 0.03588
