0 0.551264 0.616554 0.032779 0.109263
0 0.606579 0.617768 0.02595 0.072842
0 0.637992 0.621757 0.06146 0.114119
0 0.812658 0.59314 0.367703 0.431501
0 0.416735 0.630428 0.269059 0.410342
5 0.240378 0.615513 0.008195 0.065558
5 0.2315 0.615513 0.006829 0.080126
5 0.220574 0.615513 0.00956 0.084982
5 0.254036 0.616727 0.013658 0.082554
5 0.265508 0.62134 0.016389 0.089838
5 0.193122 0.616484 0.019121 0.080126
5 0.068835 0.652905 0.038242 0.235522
5 0.094102 0.65242 0.045071 0.258831
5 0.006009 0.625225 0.010926 0.157824
