5 0.877827 0.592139 0.020215 0.076562
5 0.63481 0.597607 0.010547 0.03125
5 0.624703 0.603857 0.00791 0.0375
5 0.617232 0.603857 0.007031 0.04375
5 0.61064 0.603857 0.009668 0.046875
5 0.597896 0.612451 0.010547 0.039062
5 0.585591 0.607764 0.008789 0.045312
0 0.411128 0.612451 0.021973 0.054687
0 0.436617 0.610107 0.020215 0.025
0 0.474849 0.610107 0.01582 0.01875
0 0.514839 0.606201 0.016699 0.023437
0 0.456392 0.618701 0.028125 0.035937
0 0.493746 0.613232 0.02373 0.0375
0 0.552193 0.618701 0.059766 0.089062
0 0.75541 0.638569 0.264052 0.310048
0 0.380367 0.618701 0.060645 0.089062
5 0.197554 0.58667 0.014941 0.05
0 0.029844 0.61664 0.051416 0.025781
5 0.045665 0.584062 0.009229 0.032812
5 0.032481 0.591093 0.017139 0.023437
