0 0.473269 0.462709 0.012673 0.020796
0 0.485454 0.475706 0.015597 0.032927
0 0.540531 0.475706 0.012673 0.025995
0 0.563926 0.47224 0.034118 0.060655
0 0.436714 0.467908 0.011698 0.020796
0 0.413319 0.469641 0.027295 0.038126
0 0.391385 0.468774 0.018521 0.029461
0 0.36799 0.468774 0.032169 0.043325
0 0.336796 0.481772 0.022421 0.031194
0 0.196911 0.485238 0.031194 0.03466
0 0.16328 0.496502 0.02632 0.029461
0 0.021446 0.505167 0.042892 0.102247
0 0.055564 0.436714 0.037043 0.020796
0 0.093582 0.428049 0.042892 0.024262
0 0.106254 0.496502 0.091632 0.067587
0 0.515186 0.480039 0.045816 0.072786
0 0.612667 0.486971 0.065312 0.08665
0 0.718921 0.528562 0.133549 0.155969
0 0.906571 0.452311 0.087733 0.072786
0 0.817864 0.442779 0.064337 0.050257
5 0.827612 0.471374 0.031194 0.090116
