5 0.238918 0.44433 0.023196 0.109278
5 0.216881 0.443299 0.018557 0.094845
5 0.136276 0.440206 0.024356 0.109278
5 0.306186 0.434021 0.018557 0.092784
0 0.947502 0.47462 0.102966 0.167461
0 0.884221 0.475843 0.06607 0.074161
0 0.843035 0.466398 0.047193 0.062542
0 0.775552 0.4725 0.090701 0.09
2 0.686383 0.429025 0.044503 0.079322
0 0.587852 0.451269 0.053024 0.074496
0 0.610632 0.452577 0.022036 0.076289
0 0.567719 0.445979 0.022036 0.051546
0 0.541624 0.439794 0.039433 0.059794
0 0.529458 0.453524 0.049848 0.0612
0 0.455625 0.441801 0.060064 0.089619
0 0.046972 0.443299 0.070747 0.086598
0 0.041358 0.529049 0.082716 0.286233
0 0.656791 0.441644 0.015077 0.029679
0 0.623804 0.438492 0.015443 0.021985
2 0.647231 0.434737 0.01425 0.028237
0 0.722668 0.449485 0.019716 0.041237
5 0.723337 0.450516 0.008581 0.035052
