0 0.401869 0.384536 0.008119 0.018557
0 0.409987 0.379382 0.010438 0.016495
0 0.416946 0.374227 0.010438 0.02268
0 0.324162 0.38866 0.015077 0.018557
0 0.309085 0.386598 0.015077 0.02268
0 0.296327 0.38866 0.015077 0.02268
0 0.28183 0.386598 0.020876 0.026804
0 0.426224 0.378351 0.017397 0.026804
0 0.476675 0.375258 0.041753 0.053608
0 0.121778 0.407217 0.05567 0.063918
0 0.66549 0.403093 0.178608 0.195876
0 0.062629 0.423711 0.097423 0.08866
0 0.858827 0.487629 0.278351 0.25567
0 0.353737 0.383505 0.013918 0.018557
