0 0.497639 0.385591 0.008773 0.015597
0 0.503488 0.384724 0.008773 0.01733
0 0.513236 0.383858 0.010723 0.015597
0 0.521522 0.382125 0.009748 0.019063
0 0.526396 0.387324 0.007798 0.022529
0 0.537607 0.386457 0.018521 0.031194
0 0.536632 0.39079 0.014622 0.025995
0 0.543943 0.396855 0.017547 0.045058
0 0.567826 0.389057 0.039967 0.067587
0 0.592196 0.403787 0.047766 0.072786
0 0.62339 0.417651 0.049715 0.114377
0 0.486429 0.376926 0.013647 0.012131
0 0.484479 0.394256 0.021446 0.029461
0 0.465471 0.391656 0.028269 0.041592
0 0.457185 0.397722 0.019496 0.043325
0 0.449386 0.401188 0.013647 0.057189
2 0.378225 0.355263 0.136473 0.232221
0 0.818351 0.384724 0.361654 0.627343
5 0.036068 0.417651 0.044841 0.211425
5 0.094069 0.412452 0.049715 0.218357
