0 0.367629 0.470421 0.015073 0.037885
0 0.350477 0.467187 0.02131 0.055441
0 0.332805 0.472269 0.017152 0.052669
0 0.317212 0.475041 0.028587 0.058214
0 0.295382 0.477813 0.033785 0.069302
0 0.27797 0.482433 0.041581 0.082238
0 0.466228 0.476936 0.019751 0.043429
0 0.478443 0.476936 0.017152 0.047125
0 0.497674 0.482942 0.029627 0.048049
0 0.518984 0.47555 0.046259 0.070226
0 0.52756 0.490796 0.034304 0.082238
0 0.58464 0.502347 0.102913 0.131212
0 0.653083 0.561345 0.148653 0.191273
0 0.254569 0.494729 0.045739 0.084086
0 0.035026 0.562183 0.070053 0.115503
0 0.855763 0.523835 0.28691 0.271663
0 0.389915 0.471715 0.024429 0.023101
0 0.425519 0.475873 0.019751 0.024025
