0 0.291468 0.512099 0.033143 0.050257
0 0.233954 0.515565 0.089682 0.098781
0 0.09943 0.516432 0.194962 0.256483
0 0.380662 0.500835 0.036068 0.090116
0 0.326561 0.499102 0.087733 0.10398
0 0.435739 0.506034 0.029244 0.048524
0 0.470832 0.496502 0.013647 0.029461
0 0.487404 0.499968 0.017547 0.032927
0 0.504463 0.504301 0.012673 0.020796
0 0.523959 0.512966 0.032169 0.048524
0 0.575137 0.513832 0.038992 0.053723
0 0.642886 0.564955 0.145246 0.169833
0 0.926526 0.526752 0.110095 0.152348
0 0.845158 0.526829 0.056539 0.045058
