2 0.245396 0.367968 0.031641 0.042187
2 0.128721 0.357422 0.093603 0.114844
0 0.019297 0.365625 0.027686 0.1125
0 0.366026 0.405468 0.011865 0.014062
0 0.375913 0.407812 0.013184 0.023437
0 0.389756 0.407812 0.006592 0.01875
0 0.402281 0.410156 0.018457 0.032812
0 0.344932 0.4125 0.040869 0.046875
0 0.428648 0.423047 0.031641 0.058594
2 0.456992 0.398437 0.027686 0.05625
0 0.487315 0.427734 0.051416 0.072656
2 0.569053 0.392578 0.09624 0.161719
0 0.596738 0.467578 0.090967 0.100781
5 0.667271 0.43125 0.010547 0.046875
5 0.68375 0.432422 0.017139 0.044531
5 0.715391 0.442968 0.019775 0.05625
5 0.815586 0.455859 0.019775 0.096094
5 0.850522 0.457031 0.02373 0.098437
5 0.870957 0.469922 0.019775 0.082031
5 0.971811 0.489843 0.010547 0.09375
5 0.952695 0.479297 0.019775 0.110156
5 0.934897 0.4875 0.018457 0.103125
5 0.913804 0.476953 0.02373 0.105469
5 0.898643 0.473437 0.017139 0.09375
