0 0.072623 0.568421 0.145246 0.142105
0 0.898773 0.545026 0.194962 0.462709
0 0.744753 0.577953 0.15402 0.1681
0 0.430865 0.518165 0.015597 0.031194
0 0.440613 0.526829 0.013647 0.020796
0 0.470345 0.52423 0.018521 0.032927
0 0.532245 0.527696 0.007798 0.039859
0 0.539069 0.528562 0.009748 0.041592
0 0.547355 0.52423 0.012673 0.050257
5 0.694063 0.518165 0.017547 0.045058
5 0.668718 0.528562 0.015597 0.058922
5 0.651659 0.527696 0.016572 0.060655
6 0.184726 0.519898 0.034118 0.145571
3 0.186676 0.564955 0.039967 0.100514
0 0.450361 0.532895 0.025345 0.032927
0 0.505438 0.525096 0.045816 0.072786
0 0.568313 0.525963 0.037043 0.064121
2 0.476681 0.5095 0.027295 0.048524
2 0.334359 0.471374 0.196911 0.332734
