5 0.307372 0.485315 0.01199 0.069276
5 0.20046 0.501302 0.017985 0.079934
5 0.182475 0.480874 0.013988 0.046184
0 0.547175 0.455498 0.009992 0.017763
5 0.234432 0.494577 0.021982 0.088816
5 0.262909 0.480367 0.008993 0.071053
5 0.389804 0.479478 0.012989 0.044408
5 0.432269 0.473261 0.009992 0.042632
5 0.562662 0.456386 0.010991 0.03375
5 0.60113 0.459939 0.009992 0.051513
0 0.570331 0.454737 0.009992 0.017763
0 0.52237 0.460066 0.027977 0.031974
0 0.515875 0.474276 0.024979 0.031974
2 0.665252 0.433421 0.059951 0.103026
2 0.106312 0.550658 0.212625 0.227368
1 0.842606 0.409441 0.314741 0.339276
