5 0.325046 0.393543 0.014011 0.029889
5 0.404206 0.396033 0.009807 0.039852
0 0.424522 0.396033 0.022417 0.039852
0 0.371281 0.423432 0.056042 0.084686
0 0.279512 0.407242 0.07986 0.047325
0 0.268303 0.409733 0.054641 0.052306
0 0.56743 0.378598 0.014011 0.014945
0 0.593349 0.384825 0.049037 0.027399
0 0.605258 0.440867 0.064449 0.114576
0 0.632579 0.378598 0.029422 0.029889
0 0.804209 0.419696 0.050438 0.072232
0 0.870409 0.44149 0.137304 0.104613
0 0.511387 0.509364 0.182138 0.271495
0 0.418917 0.407242 0.028021 0.042343
0 0.348864 0.443358 0.072855 0.104613
0 0.706135 0.454567 0.187742 0.211716
0 0.907748 0.603017 0.180737 0.381089
1 0.494575 0.361162 0.123293 0.15941
1 0.557622 0.356181 0.014011 0.029889
