0 0.296348 0.312453 0.018626 0.045849
0 0.29993 0.320095 0.017193 0.066226
0 0.309243 0.323915 0.021492 0.068774
0 0.3336 0.337925 0.073072 0.101887
0 0.221843 0.307359 0.024357 0.050943
0 0.206799 0.307359 0.037252 0.056038
0 0.196053 0.317547 0.038685 0.071321
0 0.1588 0.322642 0.067341 0.091698
0 0.123697 0.34684 0.071639 0.09934
0 0.074266 0.367217 0.101728 0.124811
0 0.025313 0.397783 0.050625 0.196132
0 0.355808 0.376981 0.100295 0.132453
0 0.016955 0.291227 0.030088 0.045849
0 0.059938 0.292925 0.044416 0.03566
0 0.077132 0.289529 0.03582 0.03566
0 0.267692 0.317547 0.027223 0.020377
