0 0.662702 0.486116 0.033625 0.047325
0 0.639584 0.48238 0.023818 0.054797
0 0.809113 0.494834 0.074256 0.069742
0 0.569531 0.478644 0.029422 0.052306
0 0.54081 0.489853 0.030823 0.029889
0 0.705434 0.49857 0.071454 0.092159
0 0.599654 0.502306 0.070053 0.094649
0 0.450441 0.487777 0.06585 0.042343
5 0.457447 0.485701 0.015412 0.059779
5 0.40981 0.48072 0.01261 0.049816
5 0.402805 0.488192 0.007005 0.044834
5 0.3965 0.486947 0.008406 0.047325
5 0.343961 0.489437 0.021016 0.107103
5 0.329249 0.495664 0.014011 0.079705
5 0.311736 0.491928 0.018214 0.087177
5 0.48827 0.491928 0.01261 0.037362
5 0.521195 0.490683 0.008406 0.049816
5 0.757974 0.490683 0.014011 0.054797
5 0.864455 0.473247 0.011208 0.019926
5 0.853246 0.476984 0.008406 0.022417
5 0.252191 0.493174 0.025219 0.109594
5 0.01261 0.476984 0.022417 0.132011
5 0.051839 0.489437 0.078459 0.1619
0 0.209459 0.53095 0.06585 0.241605
0 0.098775 0.541329 0.194748 0.293912
0 0.949453 0.504382 0.070053 0.122048
5 0.280913 0.500231 0.01261 0.072232
