5 0.043535 0.614388 0.041327 0.18551
5 0.953958 0.629081 0.045459 0.262653
5 0.807249 0.573979 0.024796 0.108367
5 0.956025 0.620816 0.049592 0.290204
5 0.879054 0.622653 0.046492 0.260816
5 0.837211 0.616224 0.059923 0.25898
0 0.348835 0.570306 0.023763 0.075306
0 0.312674 0.577653 0.063023 0.10102
0 0.29356 0.60153 0.053724 0.097347
0 0.741643 0.578571 0.108482 0.121224
0 0.463722 0.550102 0.013431 0.023878
0 0.474054 0.551939 0.017564 0.031224
0 0.493684 0.552857 0.023763 0.040408
0 0.505049 0.557449 0.025829 0.042245
0 0.519513 0.562041 0.029962 0.055102
0 0.55774 0.575816 0.067156 0.075306
0 0.218656 0.62449 0.122946 0.154286
0 0.65899 0.599694 0.122946 0.134082
0 0.416507 0.550102 0.043393 0.093673
