0 0.845323 0.461695 0.009439 0.012203
0 0.853903 0.459407 0.006006 0.013729
0 0.862484 0.464746 0.011155 0.015254
0 0.876213 0.464746 0.018019 0.021356
0 0.89509 0.463983 0.016303 0.032034
0 0.942283 0.460932 0.016303 0.032034
0 0.789121 0.456356 0.006864 0.01678
0 0.774534 0.457119 0.015445 0.027458
0 0.766382 0.45483 0.00429 0.013729
0 0.731202 0.462458 0.024883 0.019831
0 0.705604 0.467034 0.008581 0.025932
0 0.696594 0.466271 0.007722 0.033559
0 0.684581 0.462458 0.018019 0.032034
0 0.670853 0.467034 0.011155 0.028983
0 0.656695 0.463983 0.022309 0.038136
5 0.497812 0.439068 0.007722 0.013729
5 0.608215 0.444407 0.009439 0.015254
5 0.630381 0.450508 0.003432 0.012203
5 0.753083 0.463729 0.006864 0.054915
5 0.137717 0.46983 0.047193 0.170847
0 0.643681 0.472627 0.024883 0.035085
0 0.616652 0.47339 0.029174 0.045763
0 0.598633 0.468813 0.017161 0.048814
0 0.508395 0.475424 0.045477 0.064068
0 0.447044 0.472373 0.080657 0.100678
0 0.347511 0.483813 0.133856 0.120508
0 0.559163 0.479237 0.078941 0.083898
0 0.829449 0.464746 0.024025 0.033559
0 0.962447 0.475424 0.044619 0.048814
0 0.913622 0.472265 0.048779 0.051562
