0 0.051139 0.455189 0.043433 0.027399
0 0.02662 0.453944 0.008406 0.029889
0 0.090368 0.443981 0.029422 0.024908
0 0.130999 0.456435 0.043433 0.034871
5 0.103679 0.465152 0.014011 0.062269
5 0.088967 0.442735 0.009807 0.022417
5 0.361474 0.455189 0.011208 0.037362
5 0.338356 0.452698 0.009807 0.042343
5 0.286517 0.455189 0.009807 0.037362
5 0.269704 0.455189 0.01261 0.03238
6 0.209459 0.451453 0.01261 0.024908
3 0.209459 0.463907 0.018214 0.024908
0 0.348864 0.458925 0.011208 0.024908
0 0.975489 0.485079 0.036428 0.047325
5 0.784244 0.467643 0.018214 0.077214
1 0.541685 0.363475 0.35587 0.660056
