0 0.500618 0.496905 0.009182 0.009794
0 0.506128 0.499353 0.007346 0.014692
0 0.510719 0.507515 0.011019 0.014692
0 0.513014 0.520574 0.011937 0.014692
0 0.521737 0.519758 0.011019 0.016324
0 0.54102 0.51078 0.02571 0.031016
0 0.546989 0.512412 0.017446 0.027751
0 0.565812 0.50425 0.029383 0.037545
0 0.595655 0.500986 0.04132 0.057134
0 0.608235 0.500986 0.03122 0.063664
0 0.64175 0.491191 0.052339 0.079988
0 0.663328 0.495272 0.075295 0.09468
0 0.753866 0.500986 0.192828 0.13549
0 0.481152 0.502618 0.007346 0.011427
0 0.478397 0.51078 0.009182 0.011427
0 0.475642 0.520574 0.009182 0.011427
0 0.432027 0.502618 0.04132 0.044075
0 0.023925 0.449031 0.04683 0.093047
0 0.972446 0.516607 0.05052 0.146579
0 0.989442 0.577175 0.018365 0.16977
4 0.908254 0.554365 0.108351 0.235067
4 0.897348 0.511788 0.133776 0.128238
