0 0.033631 0.471374 0.065312 0.100514
2 0.782771 0.369127 0.432815 0.734788
0 0.104792 0.449711 0.07506 0.060655
0 0.326561 0.42285 0.027295 0.03466
0 0.567338 0.407253 0.023395 0.027728
0 0.554666 0.408986 0.019496 0.020796
0 0.545892 0.406387 0.017547 0.029461
0 0.224693 0.431515 0.032169 0.038126
0 0.285619 0.426316 0.025345 0.027728
0 0.365553 0.416785 0.017547 0.022529
0 0.447924 0.408986 0.008773 0.010398
0 0.406495 0.415918 0.007798 0.010398
0 0.45816 0.409853 0.007798 0.012131
0 0.477168 0.40812 0.010723 0.015597
