0 0.636062 0.513832 0.036068 0.046791
0 0.65897 0.519898 0.031194 0.041592
0 0.676517 0.519031 0.023395 0.046791
0 0.695525 0.520764 0.032169 0.053723
0 0.94069 0.537227 0.116977 0.152503
0 0.801779 0.521631 0.188138 0.204493
0 0.548817 0.502568 0.007798 0.024262
0 0.55759 0.504301 0.011698 0.01733
0 0.574649 0.5095 0.014622 0.027728
0 0.537607 0.5069 0.020471 0.025995
2 0.5069 0.486104 0.027295 0.064121
0 0.474731 0.507767 0.037043 0.058922
0 0.447924 0.501701 0.022421 0.039859
0 0.40747 0.486104 0.054589 0.067587
0 0.390898 0.501701 0.05264 0.081451
0 0.339233 0.508633 0.089682 0.123042
0 0.291468 0.510366 0.142322 0.15077
0 0.222744 0.516432 0.188138 0.187163
0 0.185213 0.536361 0.163768 0.206226
0 0.108204 0.547625 0.216407 0.329268
