0 0.515713 0.369811 0.01011 0.025962
0 0.576561 0.370477 0.00674 0.025962
0 0.588543 0.372141 0.020969 0.030621
0 0.622805 0.3778 0.044559 0.061908
0 0.54698 0.384124 0.064405 0.090533
0 0.422319 0.371445 0.028324 0.046963
5 0.47331 0.482875 0.004493 0.001775
0 0.389683 0.381061 0.037438 0.052136
0 0.691238 0.38391 0.035947 0.055917
0 0.727434 0.38391 0.057415 0.071893
0 0.329024 0.38036 0.089368 0.118047
0 0.212197 0.396336 0.198206 0.181953
0 0.858728 0.441124 0.275592 0.282248
5 0.030455 0.406509 0.058913 0.305325
0 0.439601 0.376069 0.04243 0.048809
