0 0.45712 0.50859 0.016381 0.018721
0 0.441909 0.510671 0.014041 0.027042
0 0.431378 0.509631 0.016381 0.037442
0 0.420847 0.518991 0.018721 0.047843
0 0.54546 0.528352 0.024571 0.024961
0 0.555991 0.534592 0.031592 0.020801
0 0.572957 0.564754 0.051483 0.064484
0 0.513283 0.50339 0.011701 0.020801
0 0.524399 0.50755 0.00819 0.024961
2 0.492222 0.486749 0.032762 0.045763
0 0.379895 0.534592 0.053823 0.066564
0 0.496317 0.622997 0.141578 0.222573
0 0.871909 0.769646 0.253905 0.378583
0 0.409147 0.530432 0.014041 0.041602
3 0.606889 0.541872 0.028082 0.043683
