0 0.415505 0.61755 0.043021 0.046245
0 0.38499 0.624664 0.024012 0.032016
0 0.369483 0.622886 0.023011 0.028459
0 0.351974 0.632668 0.034017 0.037352
0 0.294445 0.646897 0.06103 0.062253
0 0.215907 0.663795 0.104051 0.138735
0 0.088944 0.706482 0.177888 0.227668
0 0.447021 0.61666 0.012006 0.023123
0 0.455525 0.624664 0.017008 0.021344
0 0.46553 0.626443 0.017008 0.021344
0 0.471533 0.632668 0.019009 0.023123
0 0.490042 0.639783 0.024012 0.02668
0 0.516055 0.64334 0.030015 0.06581
0 0.532563 0.652233 0.04102 0.06581
0 0.564579 0.663795 0.055027 0.071146
0 0.618606 0.684249 0.075037 0.126285
0 0.657625 0.694032 0.085042 0.131621
0 0.823207 0.742056 0.316156 0.313044
