0 0.574108 0.607053 0.014081 0.016093
0 0.53287 0.610629 0.010058 0.016093
0 0.514263 0.61957 0.013075 0.012517
0 0.495153 0.641921 0.023133 0.039338
0 0.480066 0.633874 0.013075 0.016093
0 0.46347 0.642815 0.010058 0.023245
0 0.44436 0.639238 0.028162 0.041126
0 0.579639 0.625828 0.015087 0.021457
5 0.608305 0.623146 0.006035 0.019669
5 0.614842 0.621358 0.005029 0.019669
0 0.293491 0.685728 0.056325 0.066159
0 0.380098 0.690275 0.132982 0.175384
0 0.52935 0.677682 0.093539 0.132318
1 0.809464 0.514967 0.378179 0.600795
1 0.55365 0.614677 0.031592 0.068644
