2 0.294741 0.432085 0.311661 0.388911
2 0.126324 0.401185 0.250528 0.621192
6 0.172474 0.546627 0.112678 0.319653
4 0.164683 0.63613 0.17501 0.242936
0 0.762383 0.487491 0.053941 0.101223
0 0.772123 0.493884 0.055739 0.101223
0 0.804787 0.498679 0.069524 0.132123
0 0.898436 0.490688 0.176209 0.256788
0 0.676065 0.492798 0.026971 0.037293
0 0.612535 0.492265 0.022176 0.023441
0 0.646697 0.489069 0.038958 0.053275
0 0.595453 0.488536 0.016782 0.0309
0 0.557994 0.492265 0.032964 0.036227
0 0.574776 0.488536 0.014984 0.024507
0 0.945379 0.536661 0.106684 0.315391
