0 0.097463 0.473032 0.053814 0.048898
3 0.040659 0.526181 0.071752 0.104173
3 0.07534 0.530433 0.052618 0.05315
0 0.179978 0.46878 0.106432 0.061654
0 0.506449 0.429449 0.010763 0.02126
0 0.51781 0.424134 0.011959 0.014882
0 0.530367 0.430512 0.017938 0.03189
0 0.56983 0.43689 0.02033 0.036142
0 0.642778 0.450709 0.029897 0.055276
0 0.663706 0.44752 0.021526 0.036142
0 0.678654 0.450709 0.025113 0.04252
0 0.715726 0.474095 0.077731 0.093543
5 0.220637 0.49004 0.015546 0.087165
5 0.148885 0.493228 0.017938 0.085039
0 0.044845 0.460276 0.025113 0.044646
0 0.495687 0.442205 0.027505 0.04252
0 0.548305 0.445394 0.032288 0.05315
0 0.605108 0.460276 0.062185 0.091417
0 0.460409 0.444331 0.021526 0.038268
0 0.440677 0.449646 0.025113 0.036142
0 0.294781 0.493228 0.10404 0.136063
0 0.86796 0.507047 0.260699 0.316772
