0 0.035093 0.603081 0.070186 0.173299
0 0.096506 0.540811 0.193012 0.21119
0 0.238828 0.519031 0.079934 0.119576
0 0.318762 0.543293 0.113078 0.15077
0 0.928017 0.596149 0.140372 0.142105
0 0.864655 0.519898 0.116977 0.076252
0 0.364578 0.5069 0.015597 0.043325
0 0.375788 0.504301 0.010723 0.038126
0 0.382612 0.502568 0.010723 0.031194
0 0.391385 0.502568 0.008773 0.024262
0 0.399184 0.501701 0.008773 0.019063
0 0.408444 0.497369 0.009748 0.01733
0 0.434764 0.499968 0.015597 0.025995
1 0.466933 0.491303 0.037043 0.057189
0 0.61023 0.523364 0.038992 0.041592
0 0.585372 0.514699 0.014622 0.03466
0 0.57075 0.511233 0.012673 0.031194
0 0.555153 0.5095 0.016572 0.031194
0 0.542481 0.511233 0.012673 0.03466
