6 0.362629 0.651605 0.019496 0.072786
6 0.408444 0.651605 0.011698 0.048524
6 0.451823 0.645539 0.008773 0.029461
3 0.363116 0.669801 0.018521 0.043325
3 0.40747 0.663736 0.011698 0.031194
3 0.452311 0.653338 0.007798 0.01733
5 0.220307 0.656804 0.017547 0.08665
5 0.206659 0.654204 0.017547 0.084917
5 0.196911 0.652471 0.015597 0.081451
5 0.248089 0.652471 0.018521 0.077985
5 0.267097 0.663736 0.019496 0.083184
5 0.281232 0.655071 0.014622 0.06932
5 0.296829 0.653338 0.014622 0.06932
5 0.305602 0.650738 0.012673 0.060655
5 0.318762 0.643806 0.013647 0.071053
5 0.332897 0.649872 0.014622 0.058922
5 0.341183 0.651605 0.011698 0.045058
5 0.681391 0.66027 0.021446 0.100514
5 0.668718 0.662003 0.015597 0.08665
5 0.772535 0.661136 0.018521 0.109178
5 0.845158 0.655071 0.027295 0.107445
5 0.860755 0.651605 0.023395 0.090116
5 0.895848 0.641207 0.027295 0.062388
5 0.908521 0.61088 0.019496 0.046791
5 0.827124 0.642073 0.014622 0.071053
5 0.762787 0.639474 0.010723 0.055456
0 0.437689 0.649872 0.023395 0.031194
2 0.550279 0.616945 0.182289 0.204493
2 0.652146 0.647272 0.040942 0.074519
0 0.907546 0.779846 0.181314 0.436714
