5 0.723896 0.404584 0.025742 0.047843
5 0.603963 0.405624 0.012871 0.020801
5 0.583487 0.421225 0.011701 0.022881
5 0.574127 0.414985 0.00702 0.018721
5 0.566521 0.417065 0.00819 0.022881
5 0.536684 0.422265 0.00702 0.029122
5 0.54429 0.431626 0.00585 0.022881
4 0.557161 0.471148 0.062014 0.097766
4 0.564181 0.478429 0.050313 0.099846
0 0.501582 0.429546 0.016381 0.022881
0 0.644331 0.49403 0.156789 0.214253
0 0.271078 0.425386 0.021061 0.022881
0 0.245922 0.443067 0.040952 0.054083
0 0.30384 0.480509 0.098286 0.120647
1 0.370534 0.418105 0.086585 0.145609
0 0.445419 0.488829 0.133388 0.220493
0 0.830372 0.593876 0.33698 0.455547
0 0.145296 0.539792 0.277307 0.268336
