0 0.642022 0.480924 0.008398 0.027725
0 0.651619 0.486256 0.008398 0.038389
0 0.666615 0.489455 0.038389 0.061848
1 0.674412 0.452132 0.027592 0.025592
0 0.690607 0.50545 0.043187 0.068246
1 0.698405 0.464929 0.017995 0.025592
0 0.732595 0.521445 0.074378 0.100237
0 0.609631 0.512914 0.073178 0.117298
0 0.858558 0.580094 0.225533 0.264455
5 0.982121 0.519312 0.016795 0.070379
5 0.993517 0.525711 0.010797 0.074644
5 0.015208 0.490521 0.026392 0.281516
5 0.054796 0.519312 0.081576 0.279384
5 0.156166 0.510782 0.077977 0.364692
5 0.198154 0.476658 0.03239 0.142891
5 0.366104 0.483057 0.020394 0.125829
5 0.383499 0.486256 0.016795 0.085308
5 0.438682 0.49372 0.019194 0.113033
5 0.493266 0.500118 0.017995 0.091706
5 0.501664 0.472393 0.008398 0.049052
5 0.550849 0.479858 0.005998 0.038389
5 0.529255 0.478791 0.010797 0.044787
5 0.517859 0.489455 0.019194 0.07891
0 0.202952 0.460663 0.03239 0.068246
3 0.349956 0.557157 0.044841 0.140372
