5 0.141515 0.466875 0.020039 0.12375
5 0.105655 0.473437 0.032695 0.125625
5 0.220089 0.46875 0.023203 0.105
5 0.821261 0.5025 0.014766 0.0675
5 0.774327 0.4875 0.009492 0.045
6 0.801222 0.501562 0.025312 0.114375
3 0.799112 0.53625 0.016875 0.09
6 0.749542 0.4875 0.031641 0.1425
3 0.750597 0.522187 0.025312 0.106875
5 0.718956 0.488437 0.008437 0.054375
5 0.708409 0.490312 0.008437 0.058125
5 0.694698 0.4875 0.016875 0.075
5 0.660421 0.481875 0.011602 0.04875
5 0.611905 0.473437 0.009492 0.043125
5 0.600304 0.47625 0.009492 0.04875
5 0.591866 0.47625 0.007383 0.0525
5 0.571827 0.473437 0.007383 0.039375
5 0.554952 0.474375 0.009492 0.04125
5 0.540187 0.47625 0.007383 0.0375
0 0.510128 0.466875 0.012656 0.0225
0 0.492198 0.464062 0.016875 0.024375
2 0.475323 0.445312 0.014766 0.024375
0 0.473741 0.46875 0.020039 0.03
0 0.456866 0.458437 0.011602 0.020625
0 0.441573 0.465 0.023203 0.03
1 0.428917 0.44625 0.031641 0.0525
0 0.409933 0.455625 0.014766 0.03375
0 0.405714 0.466875 0.010547 0.03375
2 0.373546 0.438129 0.062227 0.113742
0 0.317648 0.4425 0.036914 0.0225
0 0.332413 0.477187 0.060117 0.061875
0 0.293917 0.4725 0.044297 0.0525
1 0.27546 0.45 0.047461 0.06
0 0.233273 0.4725 0.070664 0.07875
0 0.15628 0.47625 0.081211 0.0675
0 0.980518 0.514687 0.035859 0.043125
4 0.99212 0.545625 0.014766 0.05625
5 0.994229 0.510937 0.008437 0.076875
0 0.895089 0.51 0.094922 0.0525
1 0.959425 0.486562 0.071719 0.080625
