0 0.053614 0.606547 0.107229 0.187163
0 0.230055 0.570154 0.120876 0.114377
0 0.293905 0.55889 0.055564 0.081451
0 0.332897 0.536361 0.053614 0.084917
0 0.359217 0.543293 0.012673 0.046791
0 0.366528 0.527696 0.027295 0.050257
0 0.469857 0.521631 0.023395 0.038126
0 0.477656 0.525963 0.023395 0.022529
0 0.507875 0.517298 0.031194 0.046791
4 0.597454 0.548929 0.064131 0.071926
0 0.580011 0.533761 0.056539 0.06932
0 0.626801 0.504301 0.060438 0.05199
0 0.667743 0.5095 0.033143 0.05199
1 0.395772 0.510366 0.070186 0.064121
