0 0.166641 0.418125 0.008437 0.015
0 0.207246 0.422812 0.011602 0.009375
0 0.191953 0.420937 0.018984 0.013125
0 0.178769 0.42 0.020039 0.01875
0 0.776883 0.433687 0.065391 0.053625
0 0.699363 0.4575 0.133945 0.135
0 0.620789 0.400312 0.037969 0.024375
0 0.647367 0.464062 0.080578 0.118125
0 0.56141 0.35625 0.093867 0.07125
0 0.115488 0.4425 0.070664 0.075
0 0.322207 0.39 0.235195 0.54
0 0.54675 0.494062 0.181406 0.226875
0 0.758426 0.3855 0.138164 0.07875
0 0.861047 0.414562 0.204609 0.121875
0 0.817383 0.671562 0.360703 0.545625
0 0.029531 0.472812 0.059062 0.279375
