5 0.110168 0.439508 0.020984 0.062953
5 0.059675 0.439508 0.024919 0.07228
5 0.259027 0.420855 0.01705 0.05829
5 0.676486 0.376554 0.018361 0.067617
5 0.890134 0.361399 0.024919 0.13057
5 0.869806 0.366062 0.044592 0.14456
4 0.102955 0.458161 0.024919 0.025648
4 0.049838 0.458161 0.041969 0.044301
0 0.428083 0.415026 0.020984 0.027979
0 0.392672 0.41386 0.0341 0.07228
0 0.381524 0.422021 0.027542 0.060622
0 0.361195 0.423187 0.031477 0.07228
0 0.310045 0.41386 0.083938 0.104922
0 0.782064 0.389378 0.161318 0.149223
0 0.013115 0.466321 0.026231 0.051295
0 0.449199 0.430648 0.048527 0.076943
1 0.473462 0.380052 0.036723 0.055959
0 0.57904 0.440674 0.232141 0.452332
