0 0.368387 0.445308 0.035989 0.046066
0 0.436767 0.443389 0.021594 0.026872
0 0.411934 0.442109 0.025193 0.03455
0 0.309004 0.442749 0.041028 0.030711
0 0.245452 0.464502 0.073716 0.074218
0 0.210754 0.446588 0.031671 0.038389
0 0.168646 0.445948 0.026632 0.016635
0 0.083351 0.443389 0.020154 0.026872
0 0.545006 0.438483 0.012236 0.015355
0 0.533849 0.436564 0.008637 0.019194
0 0.525212 0.435924 0.005758 0.020474
0 0.516215 0.437204 0.016555 0.025592
0 0.472667 0.439123 0.012956 0.024313
0 0.559762 0.431445 0.014396 0.047346
0 0.583874 0.428246 0.038149 0.06654
0 0.492102 0.437204 0.031671 0.048626
0 0.634979 0.448081 0.082775 0.108768
0 0.674568 0.428246 0.019434 0.025592
0 0.774131 0.40564 0.025193 0.035829
0 0.805441 0.414597 0.057583 0.040948
0 0.920958 0.499453 0.156692 0.405468
0 0.020616 0.439687 0.040869 0.023437
