0 0.456476 0.435063 0.008934 0.023824
0 0.44818 0.4365 0.008934 0.023824
0 0.435524 0.437824 0.019357 0.031765
0 0.41319 0.440471 0.022335 0.042353
0 0.390855 0.443118 0.025313 0.047647
0 0.369265 0.446471 0.038713 0.063529
0 0.344697 0.449118 0.019357 0.063529
0 0.310451 0.457059 0.064026 0.084706
0 0.274715 0.480442 0.061048 0.087353
0 0.188355 0.492353 0.126563 0.148235
0 0.521885 0.434118 0.007445 0.023824
0 0.528585 0.436324 0.008934 0.023824
0 0.541986 0.433677 0.023824 0.034412
0 0.562087 0.436324 0.031268 0.039706
0 0.692124 0.434559 0.025313 0.045
0 0.811241 0.425294 0.034246 0.031765
0 0.746471 0.50603 0.139963 0.156177
0 0.073704 0.522353 0.147408 0.222353
0 0.881968 0.531618 0.23228 0.293824
0 0.495828 0.431471 0.026801 0.042353
0 0.600056 0.453971 0.053603 0.071471
