5 0.259898 0.455156 0.018457 0.05625
0 0.476587 0.480468 0.006592 0.028125
0 0.486474 0.486328 0.01582 0.053906
0 0.501635 0.489843 0.022412 0.05625
0 0.413965 0.474609 0.010547 0.021094
0 0.403418 0.472265 0.010547 0.030469
0 0.390234 0.478125 0.01582 0.028125
0 0.375073 0.478125 0.017139 0.051562
0 0.363208 0.482812 0.019775 0.051562
0 0.350024 0.48164 0.025049 0.058594
0 0.330249 0.485156 0.035596 0.070312
0 0.291538 0.493828 0.073828 0.077344
0 0.534116 0.502031 0.060644 0.09375
0 0.941489 0.539531 0.116016 0.1125
0 0.459134 0.473107 0.017547 0.013864
