0 0.912965 0.607777 0.173081 0.408881
5 0.02144 0.514913 0.041321 0.184343
0 0.429585 0.469173 0.020271 0.042967
0 0.443618 0.466401 0.010915 0.042967
0 0.57265 0.464322 0.028847 0.06653
0 0.587463 0.476104 0.04444 0.076232
0 0.606954 0.486499 0.036643 0.108111
0 0.459211 0.451848 0.015593 0.024949
0 0.486889 0.453234 0.008576 0.022177
5 0.540294 0.473331 0.026508 0.081776
2 0.521193 0.443532 0.058473 0.138604
2 0.57187 0.401258 0.049118 0.067916
2 0.251436 0.422048 0.211284 0.353439
0 0.411263 0.478876 0.030406 0.048511
0 0.668156 0.481648 0.123184 0.184343
5 0.735206 0.460164 0.024949 0.108111
