0 0.907623 0.686376 0.182022 0.176966
0 0.717069 0.704073 0.207619 0.146629
5 0.596194 0.68132 0.025597 0.10618
5 0.532913 0.675 0.035551 0.11882
0 0.171215 0.638342 0.01422 0.032865
0 0.147751 0.639606 0.015643 0.020225
0 0.188279 0.652247 0.028441 0.045506
0 0.231652 0.656039 0.052616 0.078371
0 0.245161 0.677528 0.068258 0.080899
0 0.122652 0.642135 0.005688 0.022753
0 0.115542 0.639606 0.011376 0.022753
0 0.108431 0.642134 0.01422 0.032865
0 0.101321 0.644663 0.017065 0.037921
0 0.092078 0.643399 0.018487 0.040449
0 0.085414 0.648455 0.019379 0.050562
0 0.073236 0.650983 0.015643 0.068258
0 0.056171 0.658567 0.038395 0.083427
0 0.024619 0.648996 0.049238 0.166854
2 0.294834 0.634218 0.054053 0.046875
