0 0.454748 0.565822 0.020471 0.025995
0 0.434764 0.561489 0.015597 0.024262
0 0.419655 0.571021 0.016572 0.025995
2 0.394797 0.55629 0.046791 0.076252
0 0.375301 0.575353 0.035093 0.062388
0 0.350931 0.586618 0.035093 0.064121
0 0.31925 0.59355 0.057514 0.081451
0 0.265635 0.603081 0.078959 0.107445
0 0.192037 0.611746 0.116977 0.149037
0 0.473757 0.567555 0.015597 0.032927
2 0.525421 0.555424 0.076035 0.161168
0 0.538581 0.604814 0.080909 0.142105
0 0.084808 0.641207 0.169617 0.225289
2 0.767661 0.447978 0.463034 0.895957
