0 0.477595 0.30184 0.017193 0.028019
0 0.554965 0.321793 0.034387 0.071321
0 0.627321 0.315425 0.038685 0.058585
0 0.458969 0.314151 0.054446 0.076415
0 0.340047 0.326887 0.045849 0.056038
0 0.264826 0.305236 0.073072 0.119717
0 0.398075 0.326887 0.0874 0.101887
2 0.5084 0.263208 0.03582 0.045849
0 0.519146 0.342595 0.083101 0.119717
0 0.588636 0.325613 0.055879 0.082359
0 0.70684 0.347689 0.166203 0.241981
0 0.903132 0.318397 0.191993 0.213962
0 0.16286 0.453397 0.32572 0.463585
5 0.350077 0.320519 0.014328 0.063679
0 0.983803 0.408057 0.030088 0.086604
