0 0.812001 0.712821 0.37345 0.5663
0 0.658021 0.733906 0.311858 0.350667
0 0.546142 0.781725 0.169183 0.238398
0 0.511447 0.772022 0.190233 0.21345
0 0.414382 0.783804 0.15359 0.173255
0 0.458821 0.77618 0.099015 0.155236
0 0.37345 0.785883 0.096676 0.124743
0 0.339146 0.795585 0.070168 0.088706
0 0.309129 0.814989 0.061592 0.085934
0 0.297045 0.803208 0.070168 0.090092
0 0.260402 0.803208 0.060812 0.084548
0 0.274435 0.778952 0.077965 0.069302
0 0.225318 0.815682 0.026508 0.067916
0 0.206606 0.82192 0.048338 0.049897
0 0.189064 0.824692 0.038203 0.055441
0 0.167234 0.826771 0.035084 0.045739
0 0.148522 0.826034 0.038203 0.061073
0 0.012474 0.843403 0.024949 0.034651
0 0.056596 0.842417 0.044387 0.034123
