0 0.245098 0.434309 0.058951 0.090592
0 0.296556 0.429868 0.047961 0.085263
0 0.353009 0.436086 0.040966 0.072829
0 0.220618 0.447632 0.029975 0.103026
0 0.138686 0.44852 0.18185 0.282434
0 0.490896 0.425428 0.052956 0.051513
0 0.760538 0.412043 0.05868 0.03185
0 0.977117 0.425428 0.034214 0.047961
0 0.956013 0.409441 0.015987 0.023092
0 0.913049 0.447632 0.105913 0.078158
2 0.433943 0.441414 0.154873 0.150987
0 0.640273 0.470724 0.237804 0.206053
0 0.952016 0.542664 0.095921 0.254013
0 0.095322 0.531624 0.190643 0.477064
