0 0.136622 0.528248 0.273244 0.566275
0 0.245873 0.372998 0.245639 0.320656
0 0.377114 0.379861 0.070183 0.154713
0 0.377114 0.34243 0.084219 0.147227
0 0.432909 0.34243 0.025968 0.047412
0 0.471502 0.317995 0.038615 0.028907
0 0.473264 0.321843 0.040706 0.018715
5 0.537832 0.361724 0.01544 0.081008
0 0.549182 0.346093 0.059253 0.076232
0 0.587662 0.311862 0.050531 0.003743
0 0.650519 0.392042 0.125714 0.159113
0 0.844843 0.526529 0.309714 0.370435
0 0.483441 0.390466 0.087728 0.123521
5 0.50638 0.322946 0.007017 0.016632
5 0.510668 0.318788 0.003119 0.01386
0 0.565555 0.36134 0.029627 0.067916
0 0.589724 0.36827 0.049897 0.092864
