0 0.49581 0.305272 0.017121 0.04118
0 0.483724 0.316015 0.017121 0.037599
0 0.475667 0.329443 0.033235 0.050133
0 0.448474 0.330338 0.033235 0.076989
0 0.404161 0.343767 0.069492 0.11817
0 0.336683 0.385842 0.12992 0.152188
0 0.138279 0.333024 0.123877 0.114589
0 0.062744 0.317805 0.117834 0.137865
0 0.053176 0.361671 0.102727 0.15756
0 0.527031 0.325862 0.045321 0.071618
2 0.565805 0.293634 0.030214 0.021485
0 0.566309 0.327653 0.029207 0.042971
2 0.689178 0.295424 0.198404 0.3187
0 0.888086 0.510279 0.223583 0.347348
5 0.929882 0.299901 0.039278 0.066247
