0 0.385209 0.556929 0.011203 0.012803
0 0.350801 0.546971 0.016004 0.032719
0 0.367605 0.54336 0.032007 0.039724
0 0.336798 0.543414 0.010402 0.039831
0 0.325195 0.541992 0.022405 0.054057
0 0.30519 0.544837 0.036808 0.059747
0 0.30159 0.549105 0.029607 0.056902
0 0.297589 0.553372 0.023205 0.054057
0 0.266133 0.549556 0.064317 0.086255
0 0.416416 0.547682 0.057613 0.093888
0 0.470429 0.547682 0.024806 0.071128
0 0.500436 0.550527 0.062414 0.108114
0 0.51884 0.564041 0.068816 0.118072
0 0.596458 0.569732 0.142433 0.21196
0 0.801393 0.626634 0.396091 0.448103
0 0.974633 0.800896 0.049611 0.190622
0 0.131101 0.676423 0.262202 0.405427
