0 0.489967 0.530432 0.012871 0.018721
0 0.473001 0.530432 0.021061 0.027042
0 0.45545 0.524191 0.014041 0.014561
0 0.441994 0.527312 0.015211 0.024961
0 0.420348 0.533552 0.023401 0.033282
0 0.537355 0.538752 0.018721 0.052003
0 0.560756 0.543953 0.046803 0.066564
5 0.690049 0.518991 0.012871 0.070724
5 0.699409 0.520031 0.010531 0.064484
5 0.516878 0.514831 0.00819 0.024961
5 0.269994 0.535632 0.019891 0.066564
5 0.255368 0.538752 0.018721 0.064484
5 0.658457 0.530432 0.024571 0.093606
5 0.943954 0.536672 0.052653 0.193452
