0 0.122531 0.729692 0.024191 0.026177
0 0.13673 0.737171 0.054692 0.044875
0 0.345242 0.75026 0.058899 0.056094
0 0.384105 0.742126 0.016828 0.024307
0 0.440375 0.748671 0.026294 0.063573
0 0.407244 0.75989 0.048381 0.071053
0 0.56238 0.75615 0.028398 0.056094
0 0.639158 0.751475 0.015776 0.028047
0 0.65178 0.749606 0.01788 0.031787
0 0.671237 0.749606 0.029449 0.054224
0 0.703842 0.730908 0.044174 0.016828
0 0.793558 0.751475 0.030501 0.031787
0 0.762531 0.75241 0.023139 0.026177
2 0.861923 0.737639 0.097814 0.029917
0 0.222974 0.82552 0.252424 0.258033
0 0.716779 0.780644 0.113591 0.119668
0 0.603714 0.768491 0.080986 0.110319
0 0.49696 0.816171 0.152506 0.224377
0 0.942383 0.824585 0.114643 0.166413
