0 0.082397 0.729843 0.051416 0.051562
0 0.049438 0.728671 0.069873 0.082031
0 0.028345 0.732187 0.046143 0.084375
0 0.459448 0.739218 0.009229 0.01875
0 0.46604 0.743906 0.014502 0.028125
0 0.454174 0.739218 0.011865 0.023437
0 0.421875 0.741562 0.013184 0.023437
0 0.416601 0.745078 0.013184 0.025781
0 0.402759 0.743906 0.022412 0.028125
0 0.438354 0.749765 0.030322 0.039844
0 0.533935 0.742734 0.010547 0.021094
0 0.552392 0.757968 0.029004 0.046875
0 0.574145 0.752109 0.022412 0.035156
0 0.381665 0.743906 0.014502 0.0375
0 0.588647 0.756796 0.019775 0.039844
0 0.356616 0.74625 0.022412 0.042187
0 0.338159 0.743906 0.030322 0.046875
0 0.292412 0.735703 0.029004 0.039844
0 0.251543 0.747421 0.026367 0.044531
0 0.257475 0.733359 0.043506 0.049219
0 0.370854 0.742734 0.025049 0.039844
0 0.819887 0.755625 0.056689 0.075
0 0.139087 0.802148 0.24917 0.213281
0 0.612707 0.758789 0.046143 0.060937
0 0.501306 0.782226 0.087012 0.135937
1 0.719384 0.736328 0.158203 0.236719
