5 0.39278 0.487735 0.011902 0.03174
0 0.440538 0.452292 0.01101 0.01058
0 0.42819 0.452292 0.013093 0.012696
0 0.372843 0.45864 0.007141 0.02116
0 0.367487 0.459698 0.009522 0.019044
0 0.355585 0.466046 0.016663 0.023276
0 0.353204 0.475568 0.019044 0.025392
0 0.346063 0.484032 0.014283 0.025392
0 0.455565 0.467104 0.011902 0.012696
0 0.456755 0.473452 0.009522 0.016928
0 0.462112 0.477684 0.013093 0.02116
0 0.466873 0.49567 0.020234 0.023276
0 0.469253 0.503076 0.015473 0.029624
0 0.47937 0.505192 0.026185 0.033856
0 0.487702 0.518946 0.023805 0.035972
0 0.500199 0.534816 0.032137 0.025392
0 0.306182 0.605437 0.115439 0.160286
0 0.297263 0.507308 0.036898 0.040204
0 0.497521 0.736363 0.266614 0.393573
0 0.04999 0.612578 0.09998 0.146003
0 0.163063 0.768949 0.326126 0.458746
0 0.334409 0.486638 0.02033 0.03189
