5 0.430855 0.439345 0.006695 0.027204
5 0.487282 0.480151 0.006695 0.020403
5 0.550882 0.520107 0.003826 0.015302
5 0.541637 0.430164 0.005738 0.023804
5 0.57798 0.438665 0.005738 0.020403
5 0.677126 0.457368 0.005738 0.020403
5 0.718251 0.463319 0.007651 0.022103
5 0.77133 0.494774 0.006695 0.020403
5 0.577501 0.524528 0.004782 0.015302
5 0.32884 0.494774 0.006695 0.013602
0 0.206581 0.54068 0.038256 0.023804
0 0.257269 0.53558 0.040168 0.020403
0 0.341432 0.53643 0.019128 0.011902
0 0.586268 0.563634 0.013389 0.018703
0 0.601092 0.562784 0.014346 0.020403
0 0.560446 0.561934 0.015302 0.025504
0 0.520277 0.561083 0.015302 0.030605
0 0.444843 0.559383 0.028933 0.030605
0 0.539883 0.567884 0.025823 0.040806
0 0.627871 0.585737 0.056427 0.076511
0 0.851348 0.665932 0.287874 0.283375
