0 0.297911 0.29102 0.017755 0.033993
0 0.317032 0.28495 0.023218 0.031565
0 0.321813 0.300733 0.021853 0.038849
0 0.342982 0.289806 0.023218 0.016996
0 0.337519 0.311659 0.028681 0.041277
0 0.371664 0.301947 0.036876 0.026709
0 0.365518 0.334725 0.049168 0.06313
0 0.211184 0.289806 0.038242 0.050989
0 0.183869 0.283736 0.030047 0.043705
0 0.16065 0.289806 0.032779 0.041277
0 0.170894 0.306803 0.053266 0.070414
0 0.262401 0.299518 0.050534 0.07527
1 0.422881 0.294662 0.065558 0.084982
2 0.506876 0.318943 0.072387 0.114119
0 0.51712 0.288592 0.060094 0.06313
0 0.468634 0.349294 0.072387 0.097122
0 0.403077 0.394213 0.096971 0.143256
0 0.5738 0.400283 0.146139 0.184533
0 0.827835 0.609096 0.342812 0.577878
