0 0.089682 0.428915 0.179365 0.369127
0 0.184726 0.409853 0.108204 0.154236
0 0.237366 0.384724 0.098456 0.135173
0 0.299266 0.380392 0.056539 0.074519
0 0.33046 0.355263 0.04874 0.06932
0 0.360191 0.355263 0.014622 0.05199
0 0.371402 0.354397 0.013647 0.036393
0 0.375301 0.343999 0.017547 0.032927
0 0.386511 0.340533 0.010723 0.022529
0 0.396259 0.3388 0.010723 0.019063
0 0.634113 0.419384 0.112103 0.152503
0 0.577987 0.403058 0.052492 0.088107
2 0.550279 0.377792 0.063363 0.097048
0 0.49569 0.351797 0.034118 0.048524
0 0.474731 0.345732 0.015597 0.032927
0 0.464983 0.340533 0.009748 0.019063
0 0.45816 0.337933 0.009748 0.020796
0 0.417705 0.337933 0.030219 0.01733
