0 0.393335 0.671534 0.014622 0.022529
0 0.368965 0.663736 0.022421 0.031194
0 0.347519 0.664602 0.020471 0.036393
0 0.375788 0.690597 0.02632 0.025995
0 0.554666 0.693197 0.046791 0.076252
0 0.613642 0.710527 0.094556 0.124775
0 0.321687 0.713126 0.10138 0.147304
0 0.775947 0.693197 0.042892 0.024262
0 0.81299 0.707061 0.042892 0.048524
0 0.843209 0.704461 0.040942 0.039859
0 0.718921 0.77638 0.184239 0.187163
0 0.905109 0.794577 0.186188 0.407253
0 0.462059 0.79371 0.230055 0.360462
0 0.172541 0.697529 0.239803 0.331001
5 0.020076 0.708794 0.037833 0.228755
5 0.701862 0.668935 0.011698 0.027728
