0 0.448704 0.45751 0.006824 0.013864
0 0.44578 0.469641 0.008773 0.013864
0 0.439931 0.481772 0.008773 0.010398
0 0.440418 0.488704 0.011698 0.006932
0 0.439931 0.518165 0.020471 0.01733
0 0.423359 0.519031 0.008773 0.025995
0 0.412636 0.520764 0.018521 0.029461
0 0.40435 0.526829 0.015597 0.027728
0 0.386804 0.530295 0.027295 0.038126
0 0.34245 0.543293 0.030219 0.029461
0 0.320029 0.552824 0.02632 0.031194
0 0.310769 0.578819 0.046791 0.076252
0 0.482335 0.473973 0.009748 0.012131
0 0.484772 0.482638 0.010723 0.008665
0 0.486722 0.49217 0.012673 0.013864
0 0.488184 0.5069 0.013647 0.015597
0 0.498419 0.522497 0.022421 0.025995
0 0.518403 0.53896 0.033143 0.045058
0 0.545697 0.563222 0.056539 0.076252
0 0.456113 0.473107 0.008773 0.013864
0 0.468298 0.478306 0.009748 0.01733
0 0.470735 0.500835 0.012673 0.01733
0 0.36643 0.59095 0.073111 0.093582
0 0.250428 0.59095 0.096506 0.121309
0 0.586737 0.603948 0.073111 0.091849
0 0.955782 0.616079 0.085783 0.161168
