5 0.02391 0.524528 0.021041 0.040806
5 0.043516 0.510926 0.014346 0.037406
5 0.051167 0.517727 0.035387 0.06801
5 0.09277 0.524528 0.024866 0.06461
5 0.108072 0.542381 0.019128 0.045907
5 0.142981 0.550882 0.027735 0.086713
5 0.146806 0.567884 0.02391 0.120718
5 0.168803 0.579786 0.033474 0.124118
5 0.188887 0.590838 0.025823 0.125819
5 0.209928 0.60274 0.039212 0.156423
5 0.230491 0.601889 0.028692 0.147922
5 0.311784 0.567034 0.016259 0.054408
5 0.880837 0.632494 0.033474 0.110516
5 0.903791 0.60784 0.016259 0.06461
5 0.880837 0.638445 0.02391 0.112217
5 0.656085 0.578086 0.014346 0.032305
5 0.709165 0.612091 0.019128 0.079912
5 0.698166 0.617192 0.014346 0.083312
5 0.68669 0.618892 0.016259 0.079912
5 0.679995 0.616342 0.014346 0.081612
5 0.674735 0.618042 0.011477 0.074811
5 0.581247 0.570435 0.006695 0.023804
5 0.575987 0.570435 0.007651 0.030605
5 0.567858 0.572135 0.008608 0.034005
5 0.565945 0.569585 0.008608 0.045907
5 0.558772 0.567884 0.011477 0.035705
0 0.502202 0.559723 0.008608 0.020403
0 0.508896 0.560573 0.016259 0.022103
0 0.517982 0.565674 0.011477 0.028904
0 0.391738 0.580126 0.043994 0.091814
0 0.412301 0.566524 0.008608 0.027204
0 0.570488 0.611581 0.031561 0.06631
0 0.618308 0.630624 0.113811 0.138401
0 0.452128 0.629306 0.114779 0.179802
0 0.535807 0.559383 0.029648 0.057809
0 0.103422 0.73791 0.204668 0.394459
2 0.471262 0.535155 0.028692 0.028904
5 0.853637 0.628125 0.025049 0.107812
