0 0.375913 0.330937 0.02373 0.023437
0 0.410191 0.333281 0.01582 0.01875
0 0.437876 0.337969 0.01582 0.01875
0 0.549278 0.380156 0.059326 0.079687
0 0.479405 0.402422 0.125244 0.152344
0 0.232212 0.40125 0.229394 0.220312
0 0.03305 0.502031 0.066099 0.3375
5 0.858433 0.35789 0.02373 0.063281
5 0.834702 0.36375 0.02373 0.079687
4 0.832725 0.4275 0.093603 0.111562
4 0.861069 0.432187 0.092285 0.120937
3 0.780649 0.417656 0.036914 0.05625
3 0.749668 0.403593 0.043506 0.065625
4 0.678477 0.417656 0.0646 0.1875
4 0.941177 0.38819 0.110153 0.117843
3 0.969446 0.488704 0.057514 0.166367
