0 0.743774 0.476489 0.011569 0.024307
0 0.725894 0.479294 0.022087 0.033657
0 0.706962 0.482099 0.026294 0.035526
0 0.688031 0.492383 0.032605 0.052355
0 0.661736 0.494252 0.045226 0.063573
0 0.628606 0.501732 0.03576 0.074792
0 0.594423 0.515755 0.047329 0.084141
0 0.548671 0.51669 0.069417 0.115928
0 0.459797 0.539128 0.150403 0.138366
0 0.114292 0.608311 0.227182 0.306648
0 0.759025 0.478359 0.027346 0.024307
0 0.793733 0.475554 0.012621 0.029917
0 0.802147 0.483033 0.014725 0.026177
0 0.812665 0.483968 0.016828 0.035526
0 0.827915 0.490513 0.028398 0.033657
0 0.856313 0.493317 0.036812 0.061704
0 0.886289 0.500797 0.056795 0.072922
0 0.924152 0.512015 0.052588 0.084141
0 0.963593 0.538193 0.070468 0.158934
