0 0.424041 0.447978 0.009748 0.029461
0 0.460597 0.442779 0.02437 0.019063
0 0.450361 0.446245 0.023395 0.019063
2 0.446462 0.433248 0.017547 0.027728
2 0.433302 0.435847 0.014622 0.032927
2 0.383099 0.44018 0.021446 0.041592
0 0.408444 0.45491 0.029244 0.046791
0 0.453773 0.507767 0.07506 0.114377
0 0.542968 0.486104 0.072136 0.105712
2 0.336796 0.436714 0.055564 0.090116
2 0.295367 0.451444 0.033143 0.060655
0 0.262223 0.459243 0.021446 0.024262
0 0.21592 0.467908 0.043866 0.062388
2 0.158406 0.467041 0.07701 0.084917
2 0.042404 0.504301 0.084808 0.194095
5 0.592683 0.450578 0.011698 0.062388
5 0.604868 0.453177 0.012673 0.067587
5 0.638155 0.456923 0.016858 0.075524
5 0.692114 0.473107 0.023395 0.100514
