0 0.331129 0.400041 0.021696 0.040408
0 0.273788 0.400041 0.014464 0.033061
0 0.502117 0.399122 0.02273 0.038571
0 0.466473 0.400041 0.046492 0.066122
0 0.541451 0.429927 0.094018 0.104694
0 0.396292 0.425335 0.095051 0.139592
0 0.193792 0.406968 0.037194 0.033061
0 0.129736 0.415233 0.043393 0.042245
0 0.232707 0.397837 0.01963 0.029388
0 0.007097 0.429061 0.014193 0.066122
5 0.056036 0.412531 0.013431 0.055102
5 0.620143 0.388469 0.007232 0.038571
5 0.595864 0.389388 0.010332 0.040408
0 0.840207 0.403163 0.069222 0.097347
0 0.970179 0.427959 0.054758 0.08449
0 0.895275 0.431633 0.119847 0.106531
0 0.296835 0.403236 0.027547 0.029383
