0 0.525583 0.554882 0.013155 0.012756
0 0.507645 0.552756 0.013155 0.017008
0 0.486718 0.553819 0.01435 0.027638
0 0.49748 0.551693 0.011959 0.023386
2 0.467584 0.533622 0.040659 0.076535
0 0.463996 0.552756 0.019134 0.034016
0 0.455625 0.557008 0.01435 0.034016
2 0.432306 0.544252 0.037072 0.068032
0 0.423935 0.565512 0.03468 0.051024
0 0.403007 0.562323 0.035876 0.070157
0 0.364739 0.565512 0.066969 0.080787
0 0.312719 0.585709 0.087298 0.095669
2 0.144614 0.506288 0.285812 0.450709
0 0.544119 0.545315 0.011959 0.027638
0 0.551294 0.55063 0.016742 0.034016
0 0.559666 0.553819 0.01435 0.040394
0 0.574614 0.559134 0.03468 0.059528
0 0.580593 0.560197 0.025113 0.05315
0 0.618263 0.56126 0.06936 0.097795
0 0.667293 0.584646 0.076535 0.127559
0 0.751961 0.606756 0.172205 0.178583
0 0.84763 0.554669 0.090886 0.104173
0 0.951671 0.547229 0.093278 0.161575
