0 0.358109 0.519105 0.01561 0.029383
0 0.339745 0.516657 0.017446 0.024486
0 0.309443 0.52237 0.019283 0.022854
2 0.243331 0.497884 0.065194 0.08162
2 0.189614 0.519105 0.075295 0.068561
0 0.142785 0.536245 0.047748 0.057134
0 0.119829 0.525635 0.067949 0.08162
0 0.079886 0.571342 0.065194 0.071826
0 0.480234 0.511759 0.026629 0.034281
0 0.496762 0.510943 0.017446 0.045707
0 0.52339 0.514208 0.048666 0.058767
0 0.568383 0.513392 0.044993 0.079988
0 0.61154 0.512576 0.074377 0.101209
0 0.675816 0.523186 0.127634 0.142019
0 0.387543 0.52657 0.043157 0.065296
0 0.450901 0.52657 0.054175 0.08162
1 0.856114 0.402116 0.286487 0.799879
