0 0.529321 0.35613 0.007798 0.012131
0 0.515186 0.400321 0.014622 0.01733
0 0.53517 0.403787 0.013647 0.020796
0 0.445487 0.424583 0.029244 0.031194
0 0.414293 0.424583 0.021446 0.031194
0 0.390898 0.427182 0.021446 0.039859
0 0.373351 0.433248 0.021446 0.038126
0 0.351418 0.434114 0.02632 0.043325
0 0.331922 0.444512 0.018521 0.050257
0 0.271484 0.458376 0.106254 0.102247
0 0.216407 0.449711 0.029244 0.095315
0 0.16328 0.455777 0.07701 0.090116
0 0.065312 0.465308 0.130624 0.119576
2 0.552716 0.401188 0.017547 0.025995
0 0.564901 0.421983 0.014622 0.019063
0 0.576111 0.427182 0.011698 0.025995
0 0.588784 0.435847 0.019496 0.025995
0 0.605843 0.441913 0.02437 0.038126
0 0.646298 0.452311 0.056539 0.065854
0 0.746215 0.488704 0.096506 0.124775
0 0.880251 0.480905 0.189113 0.23742
0 0.960673 0.570154 0.07506 0.155969
1 0.503976 0.35613 0.015597 0.015597
