0 0.133607 0.530759 0.220064 0.130408
0 0.274117 0.482085 0.079554 0.09551
2 0.538833 0.470204 0.018597 0.022041
2 0.572928 0.474796 0.028929 0.027551
0 0.535734 0.507857 0.020663 0.064286
0 0.55588 0.503265 0.021696 0.044082
0 0.577577 0.514286 0.021696 0.047755
0 0.884943 0.463775 0.219031 0.082653
0 0.710338 0.552857 0.204566 0.135918
0 0.348938 0.482143 0.07852 0.093673
0 0.858597 0.544592 0.279987 0.18551
5 0.180804 0.53449 0.048559 0.146939
5 0.297034 0.494082 0.026862 0.077143
5 0.375555 0.482143 0.024796 0.075306
5 0.635395 0.518877 0.027895 0.045918
5 0.676722 0.50602 0.01963 0.045918
