5 0.355089 0.328776 0.010706 0.031269
0 0.338265 0.350529 0.024471 0.023112
0 0.312264 0.350529 0.026001 0.023112
0 0.277851 0.353927 0.039766 0.019033
0 0.24038 0.360045 0.02906 0.033988
0 0.213996 0.345091 0.020648 0.009517
0 0.206731 0.364804 0.041295 0.035347
0 0.173848 0.34645 0.019883 0.009517
0 0.184172 0.361405 0.019118 0.02855
0 0.15473 0.363444 0.041295 0.021752
0 0.059904 0.365483 0.035177 0.031269
0 0.085904 0.365483 0.044354 0.025831
0 0.118788 0.362764 0.036707 0.023112
0 0.154348 0.363444 0.04206 0.024471
0 0.249939 0.44932 0.068061 0.129154
0 0.130641 0.548112 0.260772 0.349396
0 0.470945 0.47855 0.201123 0.290937
