0 0.023401 0.714613 0.046335 0.222712
0 0.133661 0.681817 0.169036 0.144915
0 0.271807 0.666562 0.091811 0.132712
0 0.457146 0.610884 0.036896 0.07322
0 0.538232 0.581139 0.020593 0.05339
0 0.620605 0.584952 0.015445 0.033559
0 0.695255 0.575037 0.008581 0.022881
0 0.705981 0.573512 0.011155 0.025932
0 0.723571 0.578088 0.017161 0.035085
0 0.75489 0.590291 0.040328 0.071695
0 0.795647 0.583412 0.049767 0.137258
0 0.866865 0.58724 0.144153 0.19983
0 0.951383 0.63224 0.095244 0.237966
0 0.669514 0.598681 0.056631 0.088475
0 0.603362 0.591102 0.023167 0.038136
0 0.56904 0.59339 0.045477 0.051864
0 0.509405 0.59339 0.056631 0.070169
0 0.387164 0.623517 0.119332 0.142627
0 0.323208 0.650593 0.020593 0.071695
2 0.637118 0.565715 0.027551 0.052041
