0 0.04729 0.441733 0.073752 0.060701
0 0.299277 0.457516 0.02595 0.053417
0 0.32113 0.447804 0.017755 0.043705
0 0.399662 0.444161 0.010926 0.021853
0 0.457025 0.468947 0.008195 0.035526
0 0.100556 0.503649 0.188478 0.169964
0 0.564239 0.517003 0.146139 0.211241
0 0.793008 0.54614 0.22672 0.220953
0 0.364152 0.48301 0.071021 0.123831
0 0.480926 0.466014 0.031413 0.050989
0 0.185917 0.445375 0.023218 0.024281
0 0.166113 0.442947 0.016389 0.019424
0 0.226208 0.44659 0.024584 0.01214
0 0.279473 0.468442 0.0519 0.070414
0 0.426295 0.473298 0.064192 0.084982
