0 0.959422 0.398437 0.08015 0.061875
0 0.816515 0.410625 0.190898 0.11625
0 0.398331 0.38625 0.012656 0.02625
0 0.417316 0.39 0.008437 0.02625
0 0.42839 0.391875 0.009492 0.02625
0 0.439991 0.40125 0.01582 0.0225
0 0.45423 0.3975 0.014766 0.045
0 0.475851 0.40875 0.028477 0.0825
0 0.515659 0.394219 0.063281 0.128437
0 0.239463 0.398672 0.130517 0.138281
0 0.364581 0.496875 0.147656 0.225
0 0.884539 0.649687 0.229916 0.545625
5 0.561802 0.41625 0.01582 0.098437
5 0.535435 0.409218 0.021094 0.098437
