5 0.231998 0.429449 0.021526 0.087165
5 0.0867 0.55063 0.156659 0.423071
5 0.6942 0.509173 0.094473 0.420945
5 0.739643 0.549567 0.182968 0.544252
0 0.290835 0.401811 0.043051 0.029764
0 0.459811 0.380551 0.010763 0.012756
0 0.41078 0.382677 0.010763 0.012756
0 0.379688 0.389055 0.017938 0.025512
0 0.364739 0.390118 0.01435 0.019134
0 0.831725 0.398622 0.137525 0.082913
0 0.493893 0.379488 0.038268 0.040394
0 0.420347 0.381614 0.015546 0.036142
0 0.397626 0.398622 0.025113 0.036142
0 0.347997 0.413504 0.043051 0.057402
0 0.517212 0.411378 0.120783 0.087165
5 0.573418 0.381614 0.008371 0.03189
5 0.581191 0.380764 0.009567 0.040394
