0 0.710715 0.63148 0.016986 0.030197
0 0.689233 0.636809 0.025979 0.044408
0 0.674245 0.639474 0.015987 0.049737
0 0.660756 0.634145 0.022981 0.0675
0 0.64377 0.634145 0.032973 0.0675
0 0.605801 0.637697 0.070942 0.095921
0 0.555843 0.65102 0.08493 0.10125
0 0.772664 0.63148 0.038968 0.062171
0 0.410462 0.66523 0.243799 0.246908
0 0.149177 0.789572 0.296756 0.417434
0 0.870084 0.765592 0.257788 0.380132
0 0.725203 0.636809 0.009992 0.026645
0 0.750682 0.638586 0.018984 0.023092
0 0.736694 0.639474 0.010991 0.021316
