0 0.121289 0.540393 0.052734 0.061255
0 0.262711 0.532895 0.016572 0.013864
0 0.371118 0.512109 0.013184 0.023437
0 0.378369 0.521484 0.011865 0.028125
0 0.386279 0.514453 0.017139 0.032812
0 0.398803 0.525 0.021094 0.030469
0 0.316406 0.517963 0.011865 0.011729
0 0.498999 0.533203 0.076465 0.140625
0 0.568872 0.539062 0.121289 0.194531
0 0.776513 0.5625 0.399463 0.386718
0 0.433081 0.528515 0.040869 0.065625
0 0.204346 0.54375 0.092285 0.119531
0 0.02439 0.632812 0.048779 0.264844
0 0.936694 0.658593 0.123926 0.175781
0 0.286084 0.527179 0.01582 0.012829
0 0.348981 0.515565 0.007798 0.010398
0 0.298291 0.522497 0.015597 0.013864
