0 0.386863 0.595276 0.28342 0.265748
0 0.519006 0.566575 0.033484 0.059528
0 0.532759 0.597402 0.041855 0.099921
0 0.614675 0.654803 0.188947 0.261496
2 0.833348 0.625723 0.303408 0.40743
0 0.26907 0.526181 0.038268 0.029764
0 0.202101 0.534685 0.102845 0.123307
0 0.151277 0.504921 0.027505 0.029764
0 0.087298 0.486851 0.071752 0.070157
5 0.257624 0.510996 0.011959 0.038571
5 0.132058 0.501277 0.019134 0.070157
5 0.117109 0.495962 0.015546 0.059528
5 0.102161 0.50234 0.019134 0.085039
5 0.074656 0.492773 0.023917 0.082913
5 0.952707 0.703701 0.038268 0.246614
