5 0.500008 0.451942 0.014982 0.038286
5 0.72239 0.40783 0.012172 0.049938
5 0.714431 0.437793 0.016854 0.089889
5 0.226127 0.500216 0.012172 0.048274
5 0.818365 0.464427 0.059926 0.246363
0 0.593642 0.467756 0.142324 0.089889
0 0.481749 0.48357 0.03839 0.054932
0 0.422291 0.490228 0.117979 0.078237
0 0.279499 0.496054 0.100189 0.093218
0 0.192419 0.51603 0.055244 0.053268
0 0.14607 0.513533 0.058053 0.058261
2 0.054308 0.482737 0.108616 0.153144
5 0.96818 0.421147 0.061799 0.2164
5 0.68119 0.478576 0.055244 0.32127
5 0.429782 0.520191 0.069289 0.284649
5 0.349256 0.55931 0.080526 0.339581
5 0.113766 0.594266 0.075844 0.263009
