0 0.040078 0.527187 0.080156 0.114375
0 0.092812 0.5205 0.050625 0.081
0 0.172969 0.505312 0.092812 0.114375
0 0.485156 0.495937 0.028477 0.046875
0 0.455625 0.49875 0.044297 0.045
0 0.419765 0.487969 0.027422 0.03375
0 0.377578 0.486094 0.021094 0.02625
0 0.400254 0.488437 0.013711 0.0225
0 0.357012 0.482812 0.013711 0.03
5 0.851924 0.501562 0.044824 0.1575
5 0.966621 0.513125 0.026367 0.15375
5 0.893847 0.51125 0.034805 0.15
0 0.286875 0.488203 0.054844 0.058594
0 0.34541 0.479531 0.022148 0.03375
5 0.989297 0.501562 0.020039 0.16125
