0 0.441221 0.490342 0.007018 0.012477
0 0.465083 0.492837 0.011229 0.022458
0 0.472102 0.490342 0.005615 0.017468
0 0.47912 0.494085 0.014037 0.029945
0 0.435256 0.4997 0.014738 0.031192
0 0.393497 0.503443 0.022458 0.028697
0 0.420167 0.500323 0.025266 0.042421
0 0.453503 0.502819 0.027371 0.037431
0 0.498771 0.497204 0.035091 0.053651
5 0.585797 0.497828 0.007018 0.027449
5 0.57913 0.494085 0.00772 0.034935
5 0.572463 0.494709 0.007018 0.033688
5 0.567199 0.492213 0.006316 0.036183
5 0.563339 0.492837 0.007018 0.034935
5 0.541231 0.49658 0.009124 0.054898
3 0.549653 0.5128 0.020353 0.042421
0 0.565795 0.492629 0.025968 0.026201
5 0.676918 0.487015 0.017546 0.084843
5 0.692358 0.516959 0.028775 0.132255
5 0.710254 0.501363 0.016844 0.068623
5 0.748504 0.461437 0.034389 0.076109
5 0.77026 0.552518 0.031582 0.170933
5 0.806404 0.495748 0.023862 0.159704
5 0.824301 0.491382 0.030178 0.11354
5 0.661594 0.492629 0.021055 0.088586
5 0.792953 0.52195 0.041408 0.242052
5 0.900683 0.519455 0.05755 0.192144
3 0.881734 0.601178 0.131943 0.21585
5 0.622402 0.493552 0.013335 0.039926
0 0.021172 0.592743 0.042343 0.158457
