0 0.432327 0.380392 0.008773 0.012131
0 0.442075 0.381258 0.010723 0.013864
0 0.452311 0.381258 0.007798 0.010398
0 0.464009 0.381258 0.009748 0.010398
0 0.479118 0.382125 0.008773 0.015597
0 0.488866 0.384724 0.008773 0.01733
0 0.499102 0.384724 0.009748 0.01733
0 0.507875 0.389057 0.009748 0.019063
0 0.516161 0.389057 0.008773 0.019063
0 0.526396 0.393389 0.009748 0.01733
0 0.537119 0.393389 0.013647 0.024262
0 0.55759 0.396855 0.029244 0.031194
0 0.414293 0.380392 0.023395 0.019063
0 0.396747 0.379525 0.011698 0.01733
0 0.384074 0.381258 0.005849 0.013864
0 0.371402 0.380392 0.009748 0.015597
0 0.345569 0.372593 0.018521 0.024262
0 0.325098 0.372593 0.02437 0.027728
0 0.278308 0.382991 0.067262 0.06932
0 0.208121 0.374326 0.071161 0.058922
0 0.116002 0.366528 0.111128 0.098781
0 0.033143 0.382991 0.066287 0.076252
0 0.9394 0.760783 0.115027 0.350064
0 0.84896 0.443126 0.051665 0.046791
0 0.91086 0.441393 0.070186 0.067587
0 0.972273 0.437927 0.05264 0.074519
