5 0.053558 0.572135 0.107116 0.324748
5 0.700557 0.544931 0.018171 0.028904
0 0.416509 0.57086 0.014346 0.020403
0 0.405988 0.587012 0.012433 0.042506
0 0.423682 0.583612 0.021041 0.045907
0 0.43468 0.583612 0.016259 0.039106
0 0.452852 0.57171 0.027735 0.06971
0 0.485369 0.580211 0.062165 0.090113
0 0.299351 0.56916 0.06886 0.074811
0 0.36582 0.558108 0.085119 0.117317
0 0.182671 0.558108 0.197017 0.117317
0 0.720163 0.611666 0.193191 0.122418
0 0.937883 0.604013 0.117917 0.147069
0 0.631219 0.591688 0.042081 0.040806
0 0.601571 0.594238 0.03443 0.052708
0 0.569532 0.587437 0.043038 0.045907
0 0.522668 0.589138 0.02391 0.035705
