0 0.158145 0.612555 0.129136 0.128512
0 0.266226 0.606316 0.077201 0.068623
0 0.429751 0.580115 0.05755 0.078604
0 0.486248 0.575124 0.030178 0.031192
0 0.55257 0.575124 0.047724 0.071118
0 0.590353 0.575124 0.025498 0.036183
0 0.693286 0.581986 0.069481 0.082347
0 0.846986 0.588225 0.163525 0.1622
0 0.328992 0.569509 0.010622 0.022458
0 0.343777 0.570757 0.02316 0.024954
0 0.365183 0.572005 0.022458 0.027449
0 0.380974 0.573253 0.011931 0.014972
0 0.391501 0.573253 0.024564 0.019963
0 0.461684 0.576372 0.013335 0.023706
0 0.513619 0.577619 0.018949 0.01622
0 0.526252 0.577619 0.016142 0.011229
5 0.766758 0.561168 0.013335 0.044917
