0 0.434764 0.52371 0.013647 0.013864
0 0.418193 0.522844 0.011698 0.025995
0 0.394797 0.522844 0.019496 0.029461
0 0.378225 0.522844 0.017547 0.025995
0 0.365553 0.524577 0.021446 0.032927
0 0.352393 0.52631 0.014622 0.029461
0 0.345569 0.531509 0.016572 0.029461
0 0.336309 0.532375 0.013647 0.031194
0 0.327535 0.532375 0.011698 0.024262
0 0.318762 0.535841 0.019496 0.031194
0 0.303653 0.533242 0.020471 0.036393
0 0.281232 0.54104 0.022421 0.031194
0 0.264173 0.547972 0.019496 0.020796
0 0.235903 0.54364 0.031194 0.029461
0 0.203247 0.547105 0.02437 0.032927
0 0.160843 0.547105 0.035093 0.043325
0 0.070186 0.5731 0.136473 0.112644
0 0.49569 0.524577 0.02632 0.039859
0 0.510799 0.542773 0.017547 0.03466
2 0.543943 0.524577 0.070186 0.136906
0 0.585372 0.564435 0.067262 0.109178
0 0.64581 0.579166 0.119901 0.159435
0 0.453286 0.532375 0.021446 0.020796
0 0.779846 0.637221 0.284644 0.251284
