0 0.397137 0.459243 0.007798 0.013864
0 0.411759 0.464442 0.007798 0.013864
0 0.438566 0.463575 0.010723 0.015597
0 0.48097 0.450578 0.009748 0.013864
0 0.495592 0.448845 0.007798 0.010398
0 0.501441 0.45751 0.007798 0.013864
0 0.33085 0.47484 0.011698 0.01733
0 0.34011 0.467908 0.006824 0.013864
0 0.305017 0.47484 0.008773 0.013864
0 0.290395 0.476573 0.016572 0.01733
0 0.273336 0.479172 0.015597 0.015597
0 0.252865 0.483505 0.025345 0.01733
0 0.232882 0.485238 0.016572 0.01733
0 0.163183 0.493903 0.011698 0.024262
0 0.145149 0.499968 0.02632 0.015597
0 0.073801 0.501887 0.043492 0.039488
0 0.198763 0.503434 0.067262 0.074519
0 0.321102 0.483505 0.021446 0.024262
0 0.36643 0.47224 0.008773 0.015597
0 0.420532 0.467908 0.015597 0.020796
0 0.455138 0.470507 0.032169 0.039859
0 0.520937 0.454044 0.011698 0.020796
0 0.511189 0.446245 0.007798 0.012131
2 0.553106 0.441046 0.033143 0.043325
2 0.379103 0.45751 0.020471 0.03466
0 0.03231 0.514175 0.018561 0.017881
2 0.355439 0.458253 0.013647 0.024262
0 0.802754 0.558023 0.27782 0.291143
