5 0.054589 0.616945 0.019496 0.090116
5 0.086758 0.577953 0.011698 0.043325
0 0.315838 0.589217 0.011698 0.027728
0 0.307064 0.59095 0.005849 0.024262
2 0.296342 0.587484 0.019496 0.038126
5 0.27782 0.598749 0.007798 0.029461
0 0.280745 0.594416 0.021446 0.027728
1 0.247601 0.582285 0.05264 0.093582
2 0.151095 0.567555 0.144272 0.227022
0 0.32851 0.597882 0.017547 0.031194
0 0.350931 0.595283 0.019496 0.025995
0 0.364091 0.615212 0.039967 0.058922
0 0.388948 0.600482 0.005849 0.025995
0 0.398696 0.598749 0.015597 0.039859
0 0.408444 0.600482 0.017547 0.050257
1 0.447924 0.584885 0.078959 0.119576
0 0.477656 0.630809 0.074085 0.072786
5 0.364578 0.621278 0.038992 0.112644
2 0.787157 0.49217 0.424041 0.977407
