0 0.472075 0.512456 0.026779 0.034005
0 0.477814 0.529459 0.022953 0.027204
0 0.496941 0.526058 0.022953 0.054408
0 0.511287 0.53711 0.043994 0.06631
0 0.538066 0.551562 0.051645 0.091814
0 0.583017 0.564314 0.089901 0.103715
0 0.64853 0.60427 0.129113 0.166625
0 0.830209 0.644883 0.334653 0.388477
0 0.946847 0.766752 0.101378 0.290527
0 0.419378 0.501858 0.01052 0.022103
0 0.411727 0.500158 0.008608 0.028904
0 0.400728 0.503558 0.015302 0.039106
0 0.38973 0.508659 0.014346 0.052708
0 0.380166 0.51461 0.02391 0.074811
0 0.358647 0.51631 0.028692 0.098615
5 0.352112 0.520277 0.016259 0.112217
0 0.324627 0.50959 0.049732 0.129219
0 0.292588 0.541045 0.102334 0.130919
0 0.152476 0.577284 0.242924 0.262956
0 0.067491 0.679931 0.134983 0.358753
0 0.441056 0.508942 0.025823 0.037406
