0 0.47192 0.41732 0.028995 0.049485
0 0.408711 0.401856 0.009278 0.02268
0 0.395374 0.393969 0.017397 0.03433
0 0.366379 0.389691 0.022036 0.042887
0 0.348402 0.392577 0.011598 0.016495
0 0.329903 0.385722 0.02308 0.03433
0 0.30491 0.398763 0.035954 0.037113
0 0.274581 0.393814 0.026675 0.039175
0 0.238048 0.396907 0.046392 0.041237
0 0.192816 0.383505 0.046392 0.063918
0 0.154253 0.398144 0.046392 0.043299
0 0.516131 0.436018 0.061469 0.074227
0 0.429863 0.425361 0.049871 0.068866
0 0.636147 0.428454 0.024356 0.045361
0 0.654704 0.436701 0.028995 0.045361
0 0.695297 0.439794 0.049871 0.05567
0 0.734614 0.448041 0.029227 0.05567
0 0.763028 0.452784 0.064716 0.074227
0 0.821598 0.453711 0.058918 0.080206
0 0.017397 0.404742 0.034794 0.05567
0 0.380644 0.389897 0.011598 0.026804
0 0.109021 0.387113 0.037113 0.028866
0 0.076646 0.387187 0.031641 0.0375
