0 0.234784 0.824165 0.013729 0.024407
0 0.187162 0.812724 0.030032 0.038136
0 0.024133 0.764673 0.031748 0.064068
0 0.259668 0.831792 0.010297 0.015254
0 0.277258 0.835605 0.007722 0.01678
0 0.378937 0.876029 0.017161 0.018305
0 0.393523 0.882131 0.015445 0.018305
0 0.40811 0.885181 0.017161 0.024407
0 0.424413 0.892809 0.024025 0.033559
0 0.448439 0.910351 0.029174 0.022881
0 0.473751 0.921029 0.048909 0.038136
0 0.512793 0.93552 0.034322 0.033559
0 0.541108 0.959927 0.066928 0.076271
0 0.616188 0.979758 0.07465 0.039661
0 0.300854 0.847046 0.010297 0.018305
0 0.287125 0.848571 0.018877 0.030508
0 0.313725 0.865351 0.027458 0.045763
1 0.32016 0.839419 0.019735 0.021356
0 0.357056 0.883656 0.031748 0.045763
0 0.005256 0.764673 0.009439 0.097627
