0 0.557188 0.287578 0.019775 0.016406
0 0.524229 0.280547 0.035596 0.044531
0 0.503135 0.293437 0.022412 0.023437
0 0.484678 0.294609 0.014502 0.021094
0 0.366026 0.299297 0.046143 0.063281
0 0.321861 0.308672 0.058008 0.063281
0 0.277696 0.319219 0.085693 0.065625
0 0.194639 0.333281 0.08833 0.075
0 0.128721 0.329765 0.083057 0.063281
0 0.447105 0.281719 0.063281 0.046875
0 0.069304 0.362578 0.138609 0.072656
0 0.644859 0.303984 0.010547 0.021094
0 0.607285 0.303984 0.019775 0.030469
0 0.657383 0.303984 0.022412 0.021094
2 0.485996 0.254765 0.048779 0.053906
