0 0.420414 0.477839 0.018386 0.025169
0 0.446584 0.479619 0.027091 0.033814
0 0.399637 0.485085 0.016303 0.025932
0 0.369605 0.493474 0.050625 0.067119
0 0.209579 0.516356 0.10983 0.097627
5 0.530275 0.489661 0.005148 0.027458
5 0.536997 0.492458 0.007722 0.035085
5 0.546006 0.490169 0.006864 0.033559
5 0.558877 0.487881 0.006864 0.038136
0 0.298888 0.514576 0.099534 0.103729
5 0.836608 0.493474 0.015445 0.123559
5 0.816015 0.50339 0.020593 0.152542
5 0.856344 0.504152 0.025742 0.141864
3 0.73021 0.511017 0.020593 0.039661
5 0.927358 0.506393 0.019735 0.144915
5 0.90419 0.507156 0.024883 0.161695
5 0.995144 0.478173 0.007722 0.082373
6 0.517359 0.489254 0.005463 0.031565
6 0.512579 0.491682 0.006829 0.031565
