0 0.420388 0.435837 0.024584 0.036421
0 0.405365 0.429767 0.013658 0.043705
0 0.398536 0.42491 0.016389 0.058273
0 0.390341 0.420054 0.024584 0.072842
0 0.367805 0.420054 0.047802 0.082554
0 0.357562 0.430981 0.043705 0.089838
0 0.316589 0.42491 0.079215 0.145684
0 0.216204 0.426124 0.189844 0.216097
0 0.499421 0.444335 0.008195 0.029137
0 0.506933 0.435837 0.00956 0.041277
0 0.515128 0.432195 0.00956 0.058273
0 0.517177 0.428553 0.013658 0.050989
0 0.528103 0.432195 0.019121 0.06313
0 0.538346 0.435837 0.017755 0.080126
0 0.557786 0.438265 0.032779 0.094694
0 0.617778 0.439782 0.123125 0.170571
0 0.720792 0.485612 0.230817 0.242806
0 0.105507 0.509892 0.210331 0.364209
5 0.447763 0.436444 0.007767 0.031565
