6 0.31411 0.526947 0.023133 0.101921
3 0.319642 0.555556 0.020116 0.069735
5 0.200455 0.554662 0.035203 0.200265
5 0.166258 0.564497 0.033191 0.205629
5 0.134575 0.577907 0.054313 0.243179
5 0.088309 0.524265 0.022127 0.067947
5 0.36792 0.502808 0.018104 0.060795
5 0.405637 0.485821 0.015087 0.051854
5 0.424747 0.490291 0.007041 0.042914
0 0.545442 0.484033 0.025145 0.059007
0 0.473025 0.518901 0.081469 0.100132
1 0.590703 0.466152 0.0694 0.144834
0 0.732017 0.541252 0.259495 0.352252
0 0.908031 0.493868 0.181043 0.314702
0 0.806949 0.475987 0.043249 0.060795
