0 0.355957 0.352734 0.013184 0.021094
0 0.344751 0.35625 0.011865 0.028125
0 0.330908 0.359765 0.021094 0.035156
0 0.379687 0.35 0.010547 0.014062
0 0.36914 0.354687 0.01582 0.028125
0 0.242578 0.385547 0.058008 0.072656
0 0.189184 0.4 0.061963 0.09375
0 0.141064 0.411718 0.087012 0.117187
0 0.063281 0.427343 0.126562 0.164062
0 0.412207 0.355859 0.00791 0.021094
0 0.418139 0.357031 0.009229 0.028125
0 0.430664 0.357031 0.018457 0.042187
0 0.444507 0.367578 0.017139 0.044531
0 0.455713 0.365234 0.02373 0.049219
0 0.460986 0.369922 0.021094 0.049219
0 0.470215 0.36875 0.018457 0.070312
0 0.486035 0.367578 0.034277 0.082031
0 0.509106 0.373437 0.048779 0.103125
0 0.544922 0.380468 0.076465 0.126562
0 0.620507 0.4 0.137109 0.154687
0 0.900439 0.478515 0.197754 0.396093
5 0.941308 0.505078 0.113379 0.321094
5 0.861547 0.346875 0.035596 0.154687
5 0.806835 0.364453 0.039551 0.161719
0 0.400122 0.359375 0.030322 0.042187
