6 0.986506 0.681066 0.021446 0.045058
6 0.946051 0.689731 0.014622 0.05199
6 0.89926 0.690597 0.016572 0.053723
6 0.855394 0.695796 0.016572 0.053723
6 0.785208 0.700995 0.014622 0.057189
6 0.080422 0.736521 0.030219 0.100514
6 0.040455 0.724391 0.049715 0.124775
3 0.054102 0.748652 0.106254 0.10398
6 0.571725 0.731323 0.022421 0.090116
3 0.561489 0.756451 0.038992 0.067587
3 0.785695 0.720925 0.015597 0.038126
3 0.855881 0.717459 0.031194 0.038126
3 0.896336 0.70966 0.028269 0.039859
3 0.944101 0.706194 0.02632 0.036393
3 0.986018 0.702728 0.02632 0.039859
2 0.15402 0.69233 0.077985 0.11611
5 0.106741 0.72699 0.012673 0.039859
5 0.096993 0.724391 0.014622 0.038126
0 0.307064 0.750385 0.259299 0.183697
0 0.917294 0.772914 0.163768 0.110911
0 0.677979 0.752118 0.223231 0.180231
