0 0.022242 0.491582 0.042188 0.053571
0 0.067443 0.486735 0.065434 0.052041
0 0.123406 0.497449 0.048214 0.039796
2 0.101881 0.457908 0.063712 0.053571
0 0.164732 0.490306 0.041327 0.042857
0 0.207781 0.482653 0.041327 0.042857
0 0.311528 0.482653 0.01808 0.02449
0 0.492331 0.496684 0.023246 0.032143
0 0.566805 0.49898 0.00861 0.018367
0 0.580581 0.503572 0.015497 0.033673
0 0.633817 0.50051 0.021524 0.021429
0 0.732255 0.498215 0.024968 0.02602
0 0.829975 0.503572 0.04477 0.036735
0 0.880342 0.508163 0.066295 0.042857
1 0.701403 0.497194 0.030995 0.044388
0 0.951802 0.515817 0.093846 0.094898
0 0.246955 0.49949 0.076626 0.070408
0 0.421732 0.497194 0.021524 0.032143
0 0.454879 0.501786 0.037883 0.05051
0 0.528492 0.529337 0.074904 0.12398
0 0.599235 0.509439 0.037883 0.056633
