0 0.032631 0.509337 0.065261 0.045864
0 0.035537 0.546319 0.070666 0.07777
0 0.134805 0.521393 0.078517 0.079764
0 0.219492 0.519399 0.063936 0.051846
0 0.257629 0.511422 0.039259 0.051846
0 0.283988 0.51541 0.02019 0.04387
0 0.308104 0.507434 0.023555 0.039882
0 0.39223 0.50544 0.030285 0.04387
6 0.350728 0.555292 0.054962 0.203397
3 0.347924 0.622094 0.038137 0.129616
0 0.416346 0.50544 0.02019 0.023929
0 0.440462 0.503446 0.028042 0.023929
0 0.525709 0.623091 0.216484 0.295126
0 0.327734 0.504443 0.01346 0.029911
5 0.719759 0.499458 0.021312 0.095716
5 0.737145 0.497464 0.01346 0.103693
