0 0.037864 0.463712 0.075727 0.102839
5 0.707839 0.397334 0.007362 0.052355
5 0.703106 0.397334 0.006311 0.037396
0 0.749384 0.401074 0.032605 0.033657
5 0.769893 0.376766 0.009466 0.014958
0 0.772259 0.402009 0.025769 0.050485
0 0.531142 0.401074 0.013673 0.018698
0 0.539556 0.402943 0.009466 0.018698
0 0.560592 0.399204 0.007362 0.014958
0 0.569006 0.404813 0.011569 0.026177
0 0.581101 0.409488 0.021035 0.031787
0 0.506951 0.405748 0.009466 0.024307
0 0.500115 0.405748 0.014725 0.028047
0 0.490649 0.411358 0.018932 0.028047
0 0.480657 0.416967 0.01788 0.031787
0 0.469088 0.416967 0.01788 0.031787
0 0.430698 0.428186 0.014725 0.039266
0 0.520624 0.409714 0.024191 0.038813
0 0.600033 0.416032 0.034708 0.041136
0 0.450682 0.430056 0.043122 0.050485
0 0.551126 0.404813 0.015776 0.018698
0 0.868233 0.514452 0.260838 0.29781
