5 0.494566 0.521953 0.044824 0.189844
0 0.335704 0.450468 0.019775 0.046875
0 0.325157 0.45164 0.019775 0.039844
0 0.299449 0.441093 0.044824 0.065625
0 0.287583 0.445781 0.021094 0.05625
0 0.2744 0.446953 0.029004 0.072656
0 0.242759 0.446953 0.058008 0.082031
0 0.083897 0.459843 0.119971 0.140625
0 0.438535 0.462187 0.014502 0.023437
0 0.448423 0.4575 0.018457 0.051562
0 0.459629 0.458672 0.025049 0.063281
0 0.477427 0.468047 0.034277 0.067969
0 0.511704 0.491484 0.047461 0.114844
0 0.561802 0.504375 0.105469 0.145312
0 0.365367 0.455156 0.039551 0.046875
0 0.155088 0.510234 0.196435 0.213281
