0 0.493102 0.605004 0.005615 0.006238
0 0.498366 0.609371 0.00772 0.007486
0 0.501524 0.610619 0.009826 0.007486
0 0.501875 0.618729 0.011931 0.011229
0 0.493804 0.636197 0.01544 0.031192
0 0.598481 0.620725 0.014738 0.034935
0 0.619887 0.648798 0.067375 0.066128
0 0.702702 0.680614 0.091237 0.09732
0 0.738145 0.64256 0.047022 0.041174
2 0.810784 0.693091 0.162122 0.157209
0 0.888335 0.648175 0.060357 0.049908
0 0.924574 0.740828 0.1493 0.280131
0 0.04458 0.830362 0.087728 0.325647
0 0.416898 0.70684 0.167034 0.285721
0 0.146695 0.662547 0.110888 0.127264
5 0.318067 0.632329 0.007018 0.049908
5 0.302066 0.625467 0.012633 0.051155
5 0.271185 0.623595 0.007018 0.024954
