0 0.450949 0.431017 0.017534 0.025178
0 0.438585 0.436412 0.014837 0.023979
0 0.42712 0.437012 0.021581 0.032371
0 0.41869 0.437611 0.023604 0.031172
0 0.4079 0.441807 0.026302 0.041963
0 0.377327 0.450252 0.058673 0.094132
0 0.33671 0.454448 0.032371 0.11931
0 0.297411 0.487127 0.149717 0.197824
0 0.482196 0.432216 0.014162 0.028774
0 0.508498 0.435213 0.033046 0.058748
0 0.530079 0.441208 0.034394 0.063544
0 0.561776 0.451399 0.042487 0.10071
0 0.620786 0.457394 0.13488 0.17984
0 0.730039 0.490364 0.240761 0.248179
0 0.136995 0.532071 0.273991 0.300933
0 0.885335 0.562045 0.224575 0.392052
