0 0.832406 0.618602 0.071454 0.047325
0 0.77216 0.621093 0.040631 0.042343
0 0.748342 0.622338 0.051839 0.044834
0 0.716117 0.616111 0.051839 0.057288
0 0.685294 0.618602 0.043433 0.047325
0 0.650968 0.621093 0.036428 0.047325
0 0.632054 0.632301 0.037829 0.049816
0 0.569006 0.624829 0.051839 0.074723
0 0.504557 0.62981 0.043433 0.06476
0 0.344032 0.63145 0.058638 0.068038
0 0.277585 0.621093 0.107882 0.082196
0 0.154992 0.624829 0.058845 0.059779
0 0.110158 0.621093 0.061647 0.067251
0 0.078635 0.621093 0.063048 0.067251
0 0.040806 0.622338 0.06585 0.059779
0 0.011646 0.593694 0.023293 0.017435
0 0.026357 0.624829 0.052715 0.059779
0 0.452524 0.619328 0.011005 0.03913
