0 0.493846 0.505689 0.013876 0.015698
0 0.30211 0.504568 0.036581 0.040365
0 0.334907 0.505689 0.034058 0.038123
0 0.457265 0.502325 0.00883 0.01794
0 0.445912 0.507932 0.00883 0.020183
0 0.583406 0.503446 0.011353 0.020183
0 0.224533 0.513538 0.064332 0.062791
0 0.370227 0.5107 0.037843 0.034689
0 0.565536 0.506063 0.01766 0.02691
0 0.538416 0.506063 0.018921 0.022425
0 0.51571 0.511669 0.02649 0.024668
0 0.596721 0.504459 0.013876 0.029153
0 0.814947 0.617706 0.266159 0.296013
0 0.634895 0.501134 0.00883 0.01794
