0 0.535861 0.328585 0.031521 0.025472
0 0.440581 0.336227 0.021492 0.030566
0 0.427686 0.329859 0.010029 0.038208
0 0.408344 0.327312 0.034387 0.048396
0 0.405478 0.334953 0.020059 0.033113
0 0.381121 0.325613 0.028656 0.058585
0 0.381837 0.333255 0.018626 0.053491
0 0.374673 0.338349 0.021492 0.053491
0 0.34745 0.340897 0.038685 0.078962
0 0.298019 0.334529 0.060177 0.096793
0 0.294437 0.35618 0.024357 0.038208
2 0.164359 0.327068 0.244396 0.141306
0 0.023152 0.332734 0.045816 0.050257
0 0.031438 0.311939 0.040942 0.036393
