5 0.15377 0.471562 0.025049 0.042187
5 0.882163 0.492656 0.021094 0.075
5 0.898643 0.554765 0.043506 0.213281
5 0.987632 0.554765 0.02373 0.217969
0 0.458311 0.491484 0.011865 0.021094
0 0.450401 0.492656 0.011865 0.023437
0 0.44315 0.496172 0.013184 0.030469
0 0.43458 0.500859 0.014502 0.035156
0 0.424693 0.503203 0.01582 0.039844
0 0.411509 0.506718 0.018457 0.046875
0 0.393052 0.505547 0.021094 0.049219
0 0.236827 0.541875 0.077783 0.145312
0 0.182115 0.571171 0.145019 0.180469
0 0.497862 0.496172 0.009229 0.025781
0 0.505772 0.503203 0.017139 0.039844
0 0.52581 0.505547 0.008704 0.053906
0 0.53939 0.512578 0.036914 0.072656
0 0.549278 0.528984 0.032959 0.072656
0 0.57169 0.530156 0.035596 0.117187
0 0.625083 0.537187 0.121289 0.145312
0 0.329771 0.537187 0.137109 0.201562
0 0.685728 0.6075 0.197754 0.225
0 0.079192 0.600468 0.158384 0.257812
0 0.486656 0.492656 0.013184 0.01875
