0 0.22261 0.644435 0.44522 0.443208
0 0.47067 0.514529 0.14901 0.206321
0 0.563657 0.498482 0.054446 0.073868
0 0.585866 0.492114 0.021492 0.050943
0 0.595179 0.481925 0.022925 0.050943
0 0.60879 0.478104 0.015761 0.033113
0 0.633864 0.474283 0.011462 0.020377
0 0.643893 0.476831 0.014328 0.020377
0 0.653923 0.475557 0.017193 0.028019
0 0.661803 0.478104 0.015761 0.028019
0 0.675415 0.480651 0.020059 0.043302
0 0.690459 0.481925 0.024357 0.056038
0 0.715532 0.488293 0.045849 0.063679
0 0.745621 0.499755 0.063043 0.076415
0 0.810813 0.518859 0.095997 0.104434
0 0.926275 0.539236 0.14639 0.25217
