0 0.499864 0.504384 0.016795 0.049052
0 0.459676 0.491587 0.022793 0.027725
1 0.469873 0.478791 0.023993 0.02346
0 0.474072 0.516113 0.041988 0.059716
0 0.419488 0.52891 0.06718 0.093839
0 0.537653 0.499052 0.061182 0.093839
0 0.577841 0.497985 0.019194 0.040521
0 0.616229 0.50545 0.057583 0.089573
5 0.7158 0.496919 0.026392 0.063981
5 0.669614 0.492654 0.008398 0.029858
0 0.790778 0.497985 0.063581 0.061848
0 0.818369 0.494786 0.058783 0.059716
0 0.896037 0.585426 0.20692 0.475592
2 0.161758 0.577962 0.323516 0.644075
