0 0.098399 0.43875 0.027686 0.028125
0 0.29022 0.427031 0.01582 0.0375
0 0.272422 0.425859 0.019775 0.039844
0 0.352183 0.41414 0.013184 0.021094
0 0.364048 0.409453 0.013184 0.021094
0 0.357456 0.431718 0.01582 0.01875
0 0.375254 0.434062 0.019775 0.032812
0 0.38646 0.435234 0.01582 0.039844
0 0.32252 0.450468 0.059326 0.103125
0 0.411509 0.441093 0.042187 0.065625
0 0.497862 0.456328 0.109424 0.157031
0 0.171568 0.448125 0.084375 0.098437
0 0.011297 0.427031 0.022593 0.046875
0 0.880845 0.540703 0.237305 0.428906
