5 0.678779 0.484321 0.029627 0.119199
0 0.24286 0.508675 0.148912 0.16078
0 0.555367 0.462705 0.006237 0.018018
0 0.531978 0.468711 0.010915 0.020791
0 0.521843 0.468018 0.009356 0.024949
0 0.511707 0.465939 0.017152 0.034651
0 0.508199 0.472176 0.008576 0.027721
0 0.480522 0.471483 0.028067 0.042967
0 0.473115 0.474948 0.017932 0.047125
0 0.455573 0.473793 0.035864 0.062372
0 0.544426 0.463906 0.017932 0.034651
0 0.576782 0.474302 0.042101 0.06653
2 0.370553 0.459808 0.152006 0.214954
5 0.161677 0.489523 0.022231 0.120647
