0 0.01052 0.459982 0.021041 0.079784
0 0.953427 0.884642 0.09277 0.222053
0 0.423586 0.531499 0.014346 0.037406
0 0.122418 0.435265 0.021041 0.020403
0 0.13772 0.444616 0.022953 0.018703
0 0.308819 0.512626 0.043038 0.052708
0 0.344206 0.516027 0.033474 0.042506
0 0.408762 0.533879 0.024866 0.044207
0 0.699888 0.639295 0.143459 0.180227
0 0.840507 0.726387 0.285638 0.228775
0 0.445966 0.553432 0.029648 0.100315
0 0.524103 0.609541 0.220927 0.346852
0 0.375163 0.534049 0.05522 0.071071
0 0.440227 0.524528 0.020084 0.039106
6 0.246412 0.482034 0.011155 0.024407
4 0.244696 0.501102 0.012871 0.01678
