0 0.111809 0.676986 0.088167 0.103652
0 0.177934 0.668138 0.078213 0.091011
0 0.239082 0.647913 0.06968 0.080899
0 0.288854 0.640329 0.041239 0.060674
0 0.309474 0.640329 0.028441 0.035393
0 0.315873 0.640509 0.024175 0.035032
0 0.423238 0.63437 0.028441 0.037921
0 0.639389 0.674819 0.119452 0.164326
0 0.573264 0.663443 0.032707 0.091011
0 0.546956 0.664707 0.025597 0.078371
0 0.528469 0.660915 0.031285 0.075843
0 0.505005 0.64701 0.027019 0.063202
0 0.487941 0.643218 0.027019 0.050562
0 0.470165 0.641954 0.019909 0.058146
0 0.394797 0.624257 0.025597 0.032865
0 0.044256 0.697734 0.088511 0.128906
