0 0.47908 0.769426 0.011569 0.022438
0 0.464355 0.758207 0.011569 0.011219
0 0.460148 0.767556 0.013673 0.014958
0 0.454889 0.77971 0.015776 0.013089
0 0.451734 0.794668 0.015776 0.016828
0 0.445423 0.804017 0.01788 0.028047
0 0.499063 0.752597 0.009466 0.011219
0 0.51484 0.748858 0.009466 0.014958
0 0.522728 0.773165 0.008414 0.018698
0 0.527461 0.793733 0.005259 0.018698
2 0.544289 0.786254 0.026294 0.044875
0 0.561117 0.799342 0.019984 0.056094
0 0.578472 0.803082 0.039967 0.071053
0 0.503796 0.794668 0.044174 0.076662
0 0.627379 0.814301 0.082038 0.108449
0 0.743073 0.859176 0.193525 0.19446
0 0.31869 0.82552 0.073615 0.10097
0 0.21719 0.842348 0.141988 0.172022
0 0.030048 0.820845 0.060095 0.067313
0 0.041689 0.904052 0.080986 0.188851
0 0.957927 0.921402 0.07918 0.144567
