0 0.499035 0.438074 0.00819 0.016641
0 0.491429 0.437034 0.009361 0.014561
0 0.526532 0.450555 0.009361 0.029122
0 0.509566 0.451595 0.026912 0.027042
2 0.559879 0.435994 0.064354 0.099846
0 0.419002 0.457627 0.040952 0.054083
0 0.475751 0.433706 0.009361 0.018721
0 0.603639 0.465948 0.06061 0.104006
5 0.651495 0.487581 0.016381 0.058243
5 0.667525 0.490909 0.012871 0.058243
5 0.789095 0.50755 0.018721 0.087365
5 0.805476 0.510671 0.016381 0.085285
5 0.849354 0.573074 0.054993 0.151849
5 0.909028 0.543953 0.026912 0.114407
5 0.934184 0.526272 0.023401 0.104006
5 0.969286 0.535632 0.021061 0.135208
5 0.959926 0.552273 0.039782 0.17265
5 0.758791 0.473748 0.012871 0.058243
5 0.747675 0.484149 0.011701 0.058243
