0 0.575137 0.434114 0.015597 0.025995
0 0.588784 0.439313 0.011698 0.032927
0 0.598532 0.438447 0.009748 0.024262
0 0.604381 0.442779 0.011698 0.029461
0 0.616079 0.443646 0.019496 0.038126
0 0.627289 0.446245 0.020471 0.039859
0 0.641911 0.449711 0.022421 0.046791
0 0.661407 0.452311 0.038018 0.055456
0 0.692114 0.456643 0.046791 0.074519
0 0.723795 0.466175 0.069211 0.083184
0 0.78472 0.47484 0.105279 0.114377
0 0.900395 0.506034 0.198205 0.169833
1 0.539556 0.427182 0.016572 0.025995
0 0.525421 0.432381 0.009748 0.015597
0 0.509337 0.435847 0.012673 0.019063
0 0.487891 0.436714 0.018521 0.03466
0 0.44305 0.443646 0.010723 0.020796
0 0.432815 0.441046 0.011698 0.029461
0 0.422092 0.44018 0.017547 0.027728
0 0.406982 0.450578 0.034118 0.038126
0 0.464983 0.448845 0.044841 0.058922
0 0.261249 0.470507 0.060438 0.088383
0 0.180827 0.483505 0.121851 0.128241
0 0.554551 0.428203 0.009229 0.021094
1 0.082488 0.427031 0.164976 0.276562
