0 0.34486 0.566952 0.02595 0.041277
0 0.320276 0.559668 0.028681 0.031565
0 0.303204 0.560882 0.021853 0.029137
0 0.262913 0.562096 0.012292 0.026709
0 0.254036 0.568166 0.016389 0.029137
0 0.242427 0.568166 0.02595 0.048561
0 0.076484 0.57545 0.071021 0.08741
0 0.043022 0.574236 0.036876 0.041277
0 0.466415 0.559668 0.017755 0.021853
0 0.490999 0.552384 0.015024 0.026709
0 0.503974 0.553598 0.013658 0.019424
0 0.529924 0.55724 0.016389 0.026709
0 0.54563 0.560882 0.015024 0.033993
0 0.56202 0.55724 0.02595 0.041277
0 0.579775 0.56331 0.02595 0.038849
0 0.59753 0.560882 0.039608 0.043705
0 0.174137 0.590018 0.154334 0.160252
0 0.396077 0.593661 0.111994 0.152968
0 0.736157 0.643436 0.335983 0.310792
0 0.012292 0.580306 0.024584 0.135971
