0 0.161157 0.32139 0.045884 0.076133
0 0.110302 0.335665 0.066531 0.093807
0 0.043006 0.344501 0.084885 0.122356
0 0.23133 0.30997 0.043589 0.048943
0 0.459793 0.318467 0.073414 0.11148
0 0.402247 0.297734 0.006118 0.029909
0 0.412826 0.311782 0.016059 0.065257
0 0.456798 0.304985 0.079532 0.127795
0 0.325264 0.291843 0.016824 0.029909
0 0.342853 0.290483 0.018353 0.032628
0 0.380197 0.286292 0.015549 0.01065
0 0.316215 0.298414 0.025236 0.029909
0 0.364393 0.290937 0.013 0.014955
0 0.971969 0.295015 0.050472 0.14139
