5 0.299421 0.254607 0.015211 0.084869
5 0.337772 0.265216 0.00702 0.060324
5 0.32942 0.265008 0.013717 0.072388
5 0.431639 0.26792 0.00819 0.049923
0 0.44568 0.26792 0.015211 0.049923
0 0.461476 0.26896 0.030422 0.052003
0 0.494823 0.277281 0.050313 0.089445
0 0.581408 0.279361 0.132218 0.189291
2 0.395952 0.252319 0.070204 0.122727
5 0.69432 0.278321 0.021061 0.091525
5 0.798456 0.233598 0.021061 0.052003
5 0.946587 0.300578 0.042123 0.17265
5 0.91207 0.272496 0.029252 0.141448
0 0.183396 0.312029 0.05158 0.084057
