5 0.787157 0.473973 0.028269 0.126508
0 0.809091 0.424583 0.118927 0.072786
0 0.68724 0.421117 0.029244 0.024262
0 0.627776 0.415918 0.019496 0.020796
0 0.70771 0.435847 0.077985 0.053723
0 0.630213 0.434114 0.036068 0.036393
0 0.565876 0.412452 0.02437 0.027728
0 0.587809 0.434114 0.068237 0.050257
0 0.521522 0.428049 0.087733 0.062388
5 0.337771 0.415918 0.016572 0.055456
0 0.216407 0.426316 0.085783 0.055456
1 0.071161 0.392523 0.142322 0.112644
0 0.41673 0.606547 0.271971 0.38819
0 0.855881 0.599615 0.282694 0.398588
