5 0.745054 0.40125 0.021094 0.098437
5 0.685728 0.430547 0.01582 0.044531
5 0.544004 0.431718 0.017139 0.09375
5 0.67584 0.410625 0.014502 0.079687
5 0.650791 0.412968 0.025049 0.079687
0 0.120811 0.434062 0.022412 0.042187
0 0.13795 0.441093 0.032959 0.046875
0 0.164976 0.434062 0.036914 0.046875
0 0.193321 0.437578 0.040869 0.058594
3 0.011956 0.480937 0.023912 0.051562
0 0.23419 0.443437 0.061963 0.075
2 0.526206 0.411797 0.118652 0.100781
5 0.310655 0.434062 0.014502 0.070312
5 0.270445 0.428203 0.013184 0.053906
