0 0.466172 0.324375 0.009492 0.009375
0 0.45668 0.323437 0.007383 0.015
0 0.424512 0.338437 0.016875 0.03
0 0.384961 0.3375 0.013711 0.031875
0 0.373359 0.344062 0.01582 0.03375
0 0.358066 0.349687 0.031641 0.04875
0 0.545801 0.331875 0.018984 0.016875
0 0.586933 0.316875 0.029531 0.020625
0 0.595371 0.33 0.040078 0.043125
0 0.618574 0.331875 0.069609 0.050625
0 0.668672 0.34125 0.05168 0.058125
0 0.635449 0.381562 0.099141 0.12
0 0.321152 0.36 0.054844 0.073125
0 0.496758 0.404062 0.104414 0.165
0 0.795234 0.435937 0.272109 0.28125
0 0.704004 0.316875 0.032695 0.024375
5 0.214101 0.3675 0.016875 0.061875
0 0.401596 0.354359 0.039023 0.061875
