0 0.418488 0.523414 0.013 0.019033
0 0.345456 0.543127 0.038236 0.039426
0 0.195187 0.56284 0.080296 0.087009
0 0.081343 0.576435 0.162686 0.135952
0 0.045783 0.637613 0.091567 0.08429
0 0.48066 0.541767 0.012236 0.033988
0 0.49672 0.541088 0.015295 0.043505
0 0.523103 0.546526 0.01453 0.048943
0 0.539162 0.550604 0.023707 0.059819
0 0.562104 0.549245 0.028295 0.070695
0 0.603017 0.549924 0.062708 0.104683
0 0.633988 0.566239 0.083355 0.115559
0 0.747933 0.577795 0.198065 0.209366
5 0.318691 0.553323 0.012236 0.062538
0 0.446324 0.543127 0.029824 0.047583
