0 0.396695 0.434004 0.016795 0.03199
0 0.385298 0.427606 0.017995 0.040521
0 0.367903 0.422275 0.031191 0.068246
0 0.335513 0.420142 0.043187 0.072512
0 0.300723 0.429739 0.064781 0.108768
0 0.259335 0.457464 0.082775 0.125829
0 0.139971 0.445734 0.203939 0.209005
0 0.508861 0.43827 0.025193 0.040521
0 0.522057 0.446801 0.017995 0.049052
0 0.543051 0.448933 0.035989 0.087441
0 0.606632 0.463862 0.110367 0.147156
0 0.039395 0.459597 0.078789 0.29218
0 0.713401 0.518246 0.208738 0.226066
0 0.423087 0.436137 0.035989 0.049052
