0 0.535506 0.372833 0.00954 0.011872
0 0.525489 0.386401 0.008586 0.022048
0 0.514518 0.391489 0.013356 0.022048
0 0.502116 0.393185 0.017172 0.02544
0 0.492576 0.399121 0.015264 0.030528
0 0.482082 0.399121 0.017172 0.044095
0 0.470634 0.405057 0.015264 0.045791
0 0.451555 0.409014 0.041976 0.052575
0 0.439153 0.422582 0.040068 0.045791
0 0.302891 0.46809 0.107801 0.111935
0 0.356951 0.443499 0.069641 0.100063
0 0.402742 0.430779 0.050561 0.064447
0 0.142144 0.499466 0.236589 0.239133
0 0.563171 0.371702 0.007632 0.011872
0 0.553631 0.38951 0.013356 0.01696
0 0.537891 0.387814 0.010494 0.020352
0 0.573983 0.37566 0.00954 0.022048
0 0.584477 0.386683 0.017172 0.027136
0 0.592109 0.392619 0.024804 0.028832
0 0.611189 0.401099 0.022896 0.032224
0 0.627407 0.408731 0.02862 0.03392
0 0.655072 0.419755 0.03816 0.055967
0 0.682738 0.437563 0.047699 0.057663
0 0.742839 0.456219 0.078227 0.091583
0 0.780045 0.485898 0.083951 0.100063
0 0.86972 0.519818 0.158362 0.171294
