0 0.272434 0.473622 0.009177 0.008157
0 0.299582 0.47889 0.00803 0.006118
0 0.309046 0.480419 0.006309 0.007137
0 0.25714 0.464105 0.012618 0.011216
0 0.242514 0.471242 0.013192 0.011216
0 0.256279 0.4794 0.01778 0.019373
0 0.205903 0.461794 0.011471 0.013255
0 0.192138 0.460774 0.017206 0.015295
0 0.167189 0.460264 0.014339 0.018353
0 0.153137 0.461794 0.020648 0.025491
0 0.202749 0.481167 0.020074 0.02753
0 0.178946 0.478108 0.024089 0.023452
0 0.162027 0.502069 0.03728 0.044864
0 0.080296 0.453637 0.025236 0.039766
0 0.095782 0.465363 0.025236 0.02855
0 0.021508 0.464343 0.018927 0.026511
0 0.052766 0.480657 0.048178 0.044864
0 0.021261 0.504415 0.042521 0.100944
0 0.118803 0.471072 0.030971 0.02855
0 0.178452 0.517466 0.052766 0.058119
0 0.247851 0.486367 0.020648 0.022432
0 0.285131 0.4777 0.016059 0.025491
0 0.279969 0.510838 0.030971 0.042825
