2 0.395619 0.463369 0.033648 0.082931
2 0.366177 0.455211 0.011471 0.031269
1 0.461386 0.465408 0.082591 0.114199
0 0.357128 0.462236 0.006118 0.009517
0 0.353687 0.458837 0.008412 0.016314
0 0.347187 0.458837 0.007647 0.010876
0 0.340304 0.460196 0.009177 0.010876
0 0.32998 0.458837 0.016059 0.019033
0 0.321951 0.468353 0.019883 0.021752
0 0.307421 0.474471 0.018353 0.025831
0 0.293273 0.47787 0.013 0.029909
0 0.264978 0.483308 0.039001 0.0571
0 0.263831 0.490106 0.041295 0.046224
0 0.241654 0.492825 0.02906 0.054381
0 0.206477 0.494864 0.062708 0.072054
0 0.133445 0.511178 0.100179 0.093807
0 0.507502 0.48929 0.017589 0.047583
0 0.509414 0.494048 0.024471 0.046224
0 0.532356 0.494048 0.036707 0.065257
0 0.56218 0.501526 0.067296 0.074773
0 0.621064 0.466858 0.045884 0.038066
0 0.762157 0.483852 0.07112 0.042145
0 0.804599 0.496767 0.021412 0.024471
0 0.600034 0.515801 0.060414 0.067976
0 0.674595 0.51648 0.122356 0.118278
0 0.943563 0.493958 0.046648 0.038066
0 0.895767 0.491239 0.058119 0.043505
