0 0.593462 0.446786 0.020846 0.029118
0 0.618774 0.44811 0.038713 0.037059
0 0.644087 0.44811 0.026801 0.037059
0 0.664188 0.45208 0.034246 0.034412
0 0.550281 0.444139 0.047647 0.050294
0 0.504868 0.450757 0.05807 0.095294
0 0.471366 0.461534 0.056581 0.090378
0 0.412551 0.475904 0.087849 0.103235
0 0.329169 0.491786 0.111673 0.135
0 0.204095 0.51958 0.162298 0.158824
0 0.692478 0.44811 0.02829 0.037059
0 0.73268 0.45208 0.055092 0.050294
0 0.075618 0.522227 0.151237 0.238235
0 0.854032 0.487815 0.10125 0.137647
0 0.789261 0.473257 0.061048 0.066177
