0 0.065671 0.43322 0.113474 0.097091
0 0.163382 0.436877 0.065558 0.060701
0 0.247378 0.435663 0.042339 0.033993
0 0.274693 0.429593 0.023218 0.046133
0 0.305408 0.435663 0.027286 0.029137
0 0.565605 0.432021 0.015024 0.041277
0 0.584726 0.427165 0.031413 0.046133
0 0.63526 0.430807 0.064192 0.058273
0 0.389795 0.423696 0.019121 0.026709
0 0.50452 0.42224 0.016389 0.021853
0 0.52091 0.42224 0.010926 0.016996
0 0.533885 0.423454 0.012292 0.019424
0 0.549591 0.425882 0.016389 0.024281
0 0.47379 0.419811 0.017755 0.026709
2 0.434183 0.40063 0.072387 0.140827
0 0.956475 0.450867 0.086442 0.098855
0 0.907108 0.446763 0.07785 0.08741
0 0.491637 0.420532 0.012871 0.022881
