5 0.493872 0.494798 0.010527 0.054898
0 0.372406 0.446494 0.049128 0.037431
0 0.432763 0.507007 0.065972 0.098567
0 0.247481 0.451485 0.033688 0.029945
0 0.195195 0.433394 0.011931 0.026201
0 0.186071 0.429651 0.013335 0.033688
0 0.213092 0.436959 0.022458 0.028697
0 0.167122 0.426977 0.035793 0.038678
0 0.129925 0.430096 0.032986 0.037431
0 0.105712 0.421362 0.019651 0.027449
0 0.083956 0.413252 0.032284 0.033688
0 0.052374 0.404519 0.026669 0.051155
0 0.018335 0.407014 0.035793 0.036183
0 0.234146 0.440702 0.019651 0.026201
0 0.274852 0.47938 0.047724 0.083595
0 0.335823 0.590742 0.195809 0.29695
