0 0.406895 0.497343 0.014502 0.014062
0 0.396348 0.502031 0.014502 0.01875
0 0.387119 0.503203 0.017139 0.021094
0 0.500498 0.495 0.017139 0.028125
0 0.516319 0.500859 0.019775 0.030469
0 0.534776 0.502031 0.022412 0.032812
0 0.547959 0.505547 0.022412 0.039844
0 0.566416 0.506718 0.030322 0.046875
0 0.597398 0.512578 0.044824 0.063281
0 0.321202 0.525468 0.027686 0.046875
0 0.300767 0.52664 0.029004 0.049219
0 0.273741 0.530156 0.038232 0.075
0 0.377891 0.505914 0.019775 0.034421
0 0.651032 0.517698 0.078264 0.087583
0 0.229751 0.544758 0.073478 0.085453
0 0.767466 0.537187 0.134473 0.126562
