0 0.389756 0.435234 0.027686 0.021094
0 0.261875 0.443437 0.019775 0.028125
0 0.283628 0.437578 0.013184 0.030469
0 0.519615 0.427031 0.010547 0.01875
0 0.541367 0.425859 0.011865 0.016406
0 0.554551 0.43289 0.022412 0.030469
0 0.624424 0.461015 0.043506 0.058594
0 0.665293 0.471562 0.0646 0.060937
5 0.665293 0.427031 0.009229 0.01875
5 0.655405 0.427031 0.010547 0.01875
5 0.77999 0.434062 0.017139 0.051562
5 0.640244 0.424687 0.011865 0.01875
0 0.530821 0.428203 0.019775 0.039844
0 0.574326 0.445781 0.030322 0.0375
0 0.737144 0.483281 0.113379 0.121875
0 0.493247 0.452812 0.042187 0.084375
5 0.432603 0.436406 0.010547 0.028125
