0 0.083897 0.533672 0.048779 0.072656
0 0.171568 0.521953 0.039551 0.016406
0 0.293516 0.534843 0.022412 0.046875
0 0.261216 0.536015 0.076465 0.044531
0 0.391075 0.521953 0.038232 0.035156
0 0.375913 0.528984 0.047461 0.021094
0 0.479405 0.56414 0.059326 0.067969
0 0.52357 0.541875 0.036914 0.042187
0 0.577622 0.546562 0.084375 0.065625
0 0.68375 0.565312 0.043506 0.042187
0 0.920395 0.567656 0.058008 0.05625
0 0.872275 0.574687 0.106787 0.065625
0 0.770762 0.578203 0.141064 0.119531
0 0.037664 0.540703 0.075328 0.077344
0 0.982358 0.567656 0.034277 0.060937
2 0.456333 0.523125 0.063281 0.084375
