0 0.484368 0.398162 0.016113 0.023101
0 0.509837 0.397331 0.006757 0.01848
0 0.517113 0.399641 0.011955 0.030493
0 0.478391 0.403799 0.016632 0.020329
0 0.597417 0.394097 0.025988 0.037885
0 0.621326 0.401951 0.032225 0.060986
0 0.626004 0.409805 0.02287 0.060062
0 0.661608 0.407957 0.06705 0.08963
0 0.708646 0.417197 0.079004 0.154312
0 0.822916 0.43152 0.222979 0.244867
0 0.353829 0.424127 0.02131 0.059138
0 0.3307 0.426437 0.045739 0.078542
0 0.286 0.431982 0.06653 0.097023
0 0.248057 0.441222 0.033265 0.104415
0 0.010031 0.479015 0.019231 0.171869
0 0.128538 0.468943 0.243769 0.237474
0 0.400329 0.417989 0.076314 0.100455
0 0.455885 0.408049 0.033785 0.046201
0 0.552561 0.384025 0.06601 0.144148
0 0.941864 0.533162 0.114868 0.277207
0 0.498569 0.40325 0.018712 0.024949
