0 0.063343 0.525547 0.099872 0.071939
0 0.235537 0.507945 0.063712 0.052041
0 0.316468 0.487282 0.077487 0.071939
0 0.393955 0.496465 0.037883 0.047449
0 0.431776 0.492475 0.013776 0.019898
0 0.530788 0.494771 0.006888 0.018367
0 0.538537 0.495536 0.010332 0.022959
0 0.546285 0.496301 0.010332 0.02449
0 0.553173 0.497832 0.012054 0.02449
0 0.563074 0.500128 0.011193 0.02602
0 0.570392 0.500893 0.017219 0.030612
0 0.584168 0.502424 0.020663 0.033673
0 0.58632 0.50625 0.014636 0.035204
0 0.597083 0.50625 0.012054 0.041327
0 0.505246 0.52347 0.066295 0.094898
2 0.797132 0.409184 0.403795 0.746939
