0 0.60684 0.372194 0.006027 0.016837
0 0.593065 0.375255 0.009471 0.016837
0 0.585316 0.382908 0.014636 0.010714
0 0.556043 0.418878 0.01808 0.042857
0 0.543128 0.425766 0.030134 0.047449
0 0.528922 0.42347 0.032717 0.04898
0 0.50912 0.432653 0.034439 0.073469
0 0.480852 0.43648 0.062851 0.081122
0 0.459327 0.454082 0.068017 0.107143
0 0.40523 0.469388 0.094707 0.146939
0 0.318989 0.512443 0.188552 0.229988
0 0.151961 0.603827 0.303922 0.483674
0 0.617746 0.407908 0.030995 0.042857
0 0.822975 0.39463 0.069817 0.086709
