0 0.52006 0.384724 0.008773 0.01733
0 0.527371 0.382125 0.009748 0.019063
0 0.539556 0.385591 0.008773 0.025995
0 0.548329 0.394256 0.020471 0.032927
0 0.528346 0.397722 0.015597 0.022529
0 0.630701 0.421117 0.091632 0.107445
0 0.604868 0.400321 0.067262 0.097048
0 0.712585 0.397722 0.070186 0.039859
0 0.50885 0.38819 0.007798 0.020796
0 0.502026 0.39079 0.009748 0.025995
0 0.494228 0.39079 0.013647 0.025995
0 0.481555 0.392523 0.015597 0.029461
0 0.452311 0.389923 0.031194 0.045058
0 0.472294 0.389923 0.012673 0.038126
0 0.421604 0.394256 0.028269 0.046791
0 0.399671 0.395989 0.031194 0.067587
0 0.362629 0.395122 0.056539 0.090116
0 0.313888 0.412452 0.074085 0.097048
0 0.129162 0.374326 0.049715 0.076252
0 0.206659 0.428049 0.159868 0.159435
0 0.062875 0.415918 0.123801 0.235687
0 0.850032 0.551958 0.296342 0.746919
