5 0.830265 0.421684 0.022385 0.114796
0 0.464407 0.379592 0.015497 0.02449
0 0.535868 0.375 0.010332 0.015306
0 0.595389 0.402551 0.018712 0.045918
0 0.615737 0.408674 0.049075 0.061225
0 0.647162 0.4125 0.051658 0.075
0 0.125045 0.36199 0.111065 0.078061
0 0.033895 0.356633 0.067791 0.088776
0 0.258926 0.42551 0.182526 0.183674
0 0.447089 0.384818 0.022877 0.024446
0 0.48737 0.382522 0.014636 0.01688
0 0.510617 0.366472 0.011193 0.015306
0 0.542042 0.381779 0.013776 0.018367
0 0.70169 0.424592 0.098151 0.128571
