5 0.142744 0.544944 0.009746 0.023563
5 0.255988 0.554646 0.010135 0.020791
5 0.209794 0.57405 0.013644 0.065144
5 0.783483 0.653055 0.136828 0.378388
0 0.404317 0.509567 0.010915 0.012474
0 0.433944 0.514419 0.007796 0.01386
0 0.434529 0.516151 0.005847 0.011781
0 0.440766 0.511993 0.008186 0.011781
0 0.443105 0.52516 0.011305 0.011781
0 0.447977 0.53417 0.013254 0.014553
0 0.460647 0.539021 0.014423 0.015939
0 0.468053 0.541793 0.017542 0.020098
0 0.449342 0.55496 0.015203 0.02287
0 0.471757 0.559811 0.017152 0.021484
0 0.392233 0.539367 0.010135 0.01386
0 0.385606 0.556346 0.024949 0.02287
0 0.384046 0.56293 0.018712 0.023563
0 0.373911 0.563969 0.02261 0.028414
0 0.356564 0.566395 0.026898 0.030493
0 0.345259 0.569514 0.032355 0.05059
0 0.314853 0.572286 0.074456 0.064451
0 0.269244 0.584413 0.097066 0.067916
0 0.420495 0.56293 0.008966 0.024949
0 0.431995 0.563969 0.025728 0.040888
0 0.493392 0.556346 0.012085 0.038116
0 0.506256 0.557732 0.025338 0.032572
0 0.523213 0.563969 0.028067 0.038116
0 0.533154 0.567088 0.018322 0.036037
0 0.555179 0.557386 0.039762 0.067916
0 0.589288 0.560158 0.062761 0.072074
0 0.80362 0.589139 0.22103 0.115041
0 0.142587 0.605368 0.091998 0.105339
0 0.061743 0.631356 0.123486 0.129594
