0 0.398144 0.260937 0.021094 0.032812
0 0.372436 0.258594 0.030322 0.028125
0 0.352002 0.25625 0.013184 0.0375
0 0.373755 0.297265 0.038232 0.067969
0 0.331567 0.296093 0.059326 0.135937
0 0.579419 0.332422 0.040869 0.110156
0 0.781787 0.320703 0.065918 0.035156
0 0.851 0.311328 0.032959 0.016406
0 0.79497 0.34414 0.110742 0.058594
0 0.914941 0.323047 0.039551 0.021094
0 0.945263 0.335156 0.055371 0.023437
0 0.849023 0.357422 0.134473 0.086719
0 0.093603 0.225 0.039551 0.014062
0 0.141724 0.239062 0.069873 0.042187
0 0.163476 0.250781 0.058008 0.0375
2 0.188525 0.209765 0.058008 0.039844
2 0.225901 0.250238 0.046537 0.078602
0 0.696934 0.306328 0.038232 0.039844
0 0.663316 0.321562 0.079102 0.051562
0 0.289561 0.313359 0.130517 0.185156
2 0.478745 0.316875 0.171387 0.31875
2 0.038414 0.230156 0.076465 0.1125
0 0.942808 0.40125 0.113379 0.09375
