0 0.312009 0.347356 0.097885 0.078852
0 0.107827 0.335121 0.047413 0.054381
0 0.062708 0.33648 0.062708 0.0571
0 0.168623 0.335121 0.075708 0.076133
0 0.238213 0.345317 0.201123 0.080211
5 0.355599 0.345317 0.018353 0.077492
5 0.053149 0.330363 0.022177 0.069335
5 0.089473 0.311329 0.010706 0.023112
5 0.100944 0.312689 0.012236 0.023112
0 0.071884 0.30929 0.013765 0.016314
0 0.542818 0.327107 0.018353 0.023112
0 0.561936 0.342741 0.032119 0.051662
0 0.631144 0.361774 0.130768 0.171299
0 0.468639 0.484378 0.243184 0.348036
0 0.954659 0.359982 0.019883 0.036707
0 0.972247 0.353185 0.053531 0.074773
0 0.974542 0.443592 0.048943 0.171299
0 0.797247 0.414026 0.321186 0.387462
