0 0.161331 0.571887 0.123801 0.114377
0 0.343132 0.5069 0.037043 0.046791
0 0.383099 0.496502 0.021446 0.029461
0 0.415756 0.481772 0.016572 0.027728
0 0.438664 0.484371 0.015597 0.022529
0 0.457185 0.473973 0.013647 0.015597
0 0.476194 0.471374 0.010723 0.020796
0 0.055077 0.512966 0.02437 0.01733
0 0.037043 0.507767 0.013647 0.01733
0 0.107716 0.507767 0.016572 0.01733
0 0.130624 0.5095 0.017547 0.020796
0 0.282207 0.499968 0.030219 0.032927
0 0.319737 0.493903 0.009748 0.01733
0 0.35483 0.487837 0.011698 0.015597
0 0.368477 0.482638 0.007798 0.015597
0 0.386024 0.478306 0.011698 0.006932
0 0.398209 0.476573 0.006824 0.01733
0 0.438176 0.466175 0.006824 0.013864
0 0.487404 0.458376 0.009748 0.012131
0 0.498614 0.45491 0.010723 0.015597
