0 0.345378 0.418105 0.00819 0.020801
0 0.337772 0.420185 0.011701 0.024961
0 0.328412 0.421225 0.016381 0.035362
0 0.321976 0.427466 0.022231 0.039522
0 0.29916 0.422265 0.039782 0.054083
0 0.228371 0.417065 0.099456 0.156009
0 0.368779 0.434746 0.038612 0.058243
0 0.396276 0.425386 0.016381 0.027042
0 0.417922 0.420185 0.010531 0.024961
0 0.428453 0.426426 0.015211 0.045763
0 0.45595 0.439946 0.060844 0.081125
0 0.497487 0.425386 0.031592 0.056163
0 0.577637 0.482589 0.17083 0.216333
0 0.897066 0.484669 0.203592 0.237134
0 0.171037 0.405624 0.010531 0.012481
0 0.155241 0.405624 0.016381 0.012481
0 0.137105 0.403544 0.017551 0.016641
0 0.115459 0.403544 0.021061 0.012481
0 0.077432 0.396264 0.045633 0.018721
0 0.03999 0.399384 0.029252 0.016641
0 0.013267 0.399384 0.026534 0.016641
