0 0.337312 0.244905 0.013196 0.019194
0 0.329515 0.245971 0.014396 0.017062
0 0.315119 0.24917 0.016795 0.02346
0 0.294125 0.250237 0.025193 0.038389
0 0.273731 0.248104 0.025193 0.042654
0 0.246739 0.252369 0.038389 0.051185
0 0.212549 0.259834 0.041988 0.057583
0 0.17716 0.266232 0.057583 0.070379
0 0.111779 0.265166 0.085175 0.10237
0 0.039395 0.257701 0.078789 0.172749
0 0.370902 0.24064 0.015595 0.027725
0 0.388897 0.236374 0.010797 0.019194
0 0.415889 0.259834 0.016795 0.02346
0 0.437483 0.257701 0.016795 0.02346
0 0.449479 0.2609 0.016795 0.025592
0 0.463275 0.265166 0.020394 0.029858
0 0.48127 0.27263 0.025193 0.027725
0 0.501664 0.281161 0.029991 0.040521
0 0.529255 0.291824 0.037189 0.049052
0 0.556247 0.297156 0.035989 0.072512
0 0.58084 0.303554 0.03479 0.076777
0 0.624027 0.303554 0.092373 0.127962
0 0.711001 0.334478 0.141558 0.164218
0 0.845961 0.409123 0.224333 0.202607
