0 0.384698 0.361137 0.040788 0.046919
0 0.357706 0.359004 0.010797 0.017062
0 0.347509 0.360071 0.011996 0.014929
0 0.336113 0.360071 0.015595 0.019194
0 0.328315 0.361137 0.014396 0.021327
0 0.315119 0.362204 0.016795 0.027725
0 0.298324 0.36327 0.031191 0.042654
0 0.27613 0.36327 0.029991 0.051185
0 0.234743 0.365403 0.062381 0.081043
0 0.444081 0.354739 0.013196 0.017062
0 0.453078 0.354739 0.007198 0.017062
0 0.461475 0.354739 0.011996 0.017062
0 0.470473 0.356872 0.015595 0.021327
0 0.486668 0.362204 0.019194 0.027725
0 0.504663 0.361137 0.031191 0.038389
0 0.535853 0.368602 0.050385 0.061848
0 0.595836 0.372867 0.083975 0.100237
