0 0.348109 0.460663 0.022793 0.017062
0 0.410491 0.457464 0.015595 0.019194
0 0.423087 0.452132 0.009597 0.021327
0 0.436883 0.457464 0.025193 0.027725
0 0.493866 0.445734 0.028791 0.021327
0 0.520258 0.443602 0.014396 0.017062
0 0.545451 0.43827 0.026392 0.031991
0 0.564645 0.441469 0.035989 0.029858
0 0.592836 0.442535 0.049185 0.031991
0 0.624027 0.439336 0.041988 0.034123
0 0.654618 0.435071 0.06718 0.051185
0 0.700804 0.436137 0.097171 0.070379
0 0.760787 0.430805 0.029991 0.042654
0 0.812971 0.427606 0.081576 0.053318
0 0.219147 0.47026 0.031191 0.027725
0 0.194555 0.468128 0.017995 0.027725
0 0.17776 0.472393 0.015595 0.02346
0 0.141171 0.473459 0.043187 0.025592
0 0.103982 0.47026 0.026392 0.027725
0 0.067392 0.479858 0.041988 0.029858
0 0.00981 0.489455 0.017995 0.040521
