0 0.379688 0.502806 0.013776 0.027551
0 0.368495 0.503572 0.015497 0.029082
0 0.343527 0.503572 0.034439 0.041327
0 0.328029 0.512755 0.025829 0.041327
0 0.312102 0.517347 0.031856 0.041327
0 0.281968 0.520408 0.042188 0.05051
0 0.238919 0.519643 0.045631 0.036735
0 0.432637 0.495919 0.007749 0.016837
0 0.442969 0.490561 0.009471 0.012245
0 0.475686 0.48597 0.030134 0.02449
0 0.448996 0.524235 0.043909 0.04898
0 0.491183 0.553317 0.147226 0.116327
0 0.663808 0.486735 0.037883 0.035204
0 0.706399 0.57475 0.181717 0.12244
0 0.938027 0.57551 0.122258 0.136225
0 0.143898 0.609226 0.287796 0.197449
3 0.493336 0.583929 0.078348 0.087245
6 0.497641 0.544898 0.028412 0.094898
0 0.715302 0.492353 0.032757 0.026471
0 0.855265 0.488383 0.047647 0.018529
