5 0.011584 0.424449 0.023167 0.140339
5 0.044619 0.416059 0.044619 0.16322
5 0.684639 0.417813 0.007722 0.022881
5 0.692361 0.423915 0.007722 0.035085
5 0.700513 0.417813 0.006864 0.022881
5 0.708664 0.416288 0.009439 0.019831
5 0.721964 0.419339 0.006864 0.01678
5 0.742557 0.433068 0.010297 0.044237
5 0.779882 0.439169 0.012871 0.059492
5 0.84252 0.466627 0.014587 0.09
5 0.997627 0.48178 0.003432 0.068644
5 0.795127 0.455085 0.012013 0.061017
5 0.220948 0.429788 0.023167 0.099153
5 0.946215 0.4725 0.024883 0.093051
5 0.916184 0.454195 0.033464 0.099153
5 0.881004 0.461822 0.021451 0.099153
5 0.821369 0.469449 0.024025 0.096102
5 0.753583 0.440466 0.012013 0.062542
6 0.335927 0.403322 0.007722 0.042712
6 0.326059 0.404085 0.015445 0.05339
3 0.335498 0.433983 0.006864 0.032034
3 0.326917 0.447712 0.012013 0.038136
0 0.34322 0.395085 0.010297 0.027458
0 0.469354 0.416441 0.018877 0.042712
0 0.495095 0.434746 0.048051 0.070169
0 0.655551 0.462966 0.085805 0.111356
0 0.719475 0.460678 0.054057 0.07322
5 0.732775 0.421017 0.008581 0.024407
0 0.283157 0.416441 0.065212 0.085424
0 0.401568 0.457627 0.120127 0.231864
0 0.559735 0.453051 0.113263 0.146441
0 0.991478 0.619627 0.012871 0.14339
5 0.159597 0.414407 0.010297 0.07322
5 0.124417 0.393813 0.017161 0.071695
6 0.082909 0.433765 0.042903 0.175424
3 0.084625 0.501864 0.049767 0.112881
