0 0.36904 0.445979 0.011701 0.016641
0 0.356754 0.451179 0.010531 0.018721
0 0.347979 0.451179 0.016381 0.022881
0 0.311122 0.456379 0.019891 0.020801
0 0.244545 0.465948 0.035102 0.029122
0 0.16381 0.483629 0.025742 0.022881
0 0.08015 0.476349 0.083075 0.062404
0 0.023401 0.484669 0.044463 0.066564
0 0.526883 0.445355 0.012871 0.022881
0 0.538583 0.451595 0.019891 0.031202
0 0.553209 0.451595 0.021061 0.031202
0 0.574855 0.456795 0.036272 0.041602
0 0.582461 0.460956 0.025742 0.041602
0 0.599427 0.464076 0.019891 0.043683
0 0.636284 0.474476 0.060844 0.072804
0 0.674253 0.49351 0.047973 0.081125
0 0.764787 0.502647 0.138068 0.151849
0 0.904025 0.545884 0.187211 0.199692
