0 0.445127 0.640312 0.019775 0.032812
0 0.427329 0.646171 0.026367 0.044531
0 0.407554 0.653203 0.029004 0.039844
0 0.623765 0.627421 0.026367 0.049219
0 0.644199 0.625078 0.032959 0.077344
0 0.68375 0.635625 0.07251 0.098437
0 0.574326 0.615703 0.017139 0.025781
0 0.533457 0.615703 0.014502 0.021094
0 0.521592 0.621562 0.017139 0.023437
0 0.503135 0.625078 0.027686 0.044531
0 0.592783 0.618046 0.027686 0.035156
0 0.762852 0.669609 0.125244 0.133594
0 0.387779 0.666093 0.044824 0.046875
0 0.253965 0.688359 0.125244 0.119531
0 0.936875 0.738749 0.125244 0.31875
0 0.046233 0.741093 0.092466 0.20625
