0 0.446461 0.576387 0.017219 0.045918
0 0.2956 0.577041 0.032717 0.045918
0 0.329177 0.567092 0.034439 0.032143
0 0.396764 0.570919 0.023246 0.033673
5 0.553173 0.548725 0.00861 0.012245
0 0.562213 0.546429 0.007749 0.013776
0 0.545424 0.54949 0.00861 0.010714
0 0.536815 0.552551 0.010332 0.016837
0 0.528635 0.556378 0.014636 0.018367
0 0.609997 0.538776 0.010332 0.019898
5 0.622912 0.540306 0.012054 0.022959
0 0.635396 0.548725 0.021524 0.021429
0 0.656489 0.555612 0.027551 0.032143
0 0.684471 0.563266 0.030134 0.038265
0 0.707287 0.561735 0.034439 0.044388
0 0.739143 0.5625 0.05338 0.070408
0 0.365974 0.569607 0.0353 0.045918
0 0.520074 0.562612 0.01808 0.027551
0 0.483052 0.567969 0.024968 0.032143
0 0.421923 0.584806 0.042188 0.05051
0 0.31301 0.618479 0.098151 0.096429
0 0.022777 0.662867 0.044944 0.191327
0 0.929105 0.528215 0.056824 0.041327
