0 0.591517 0.540416 0.010135 0.031879
0 0.580992 0.541109 0.012474 0.036037
0 0.571636 0.543188 0.014034 0.0596
0 0.559162 0.54596 0.035864 0.07346
0 0.622313 0.543881 0.012474 0.019405
0 0.633618 0.544574 0.014813 0.034651
0 0.658177 0.548039 0.034304 0.06653
0 0.691351 0.554415 0.039762 0.084548
0 0.504587 0.549425 0.091998 0.135832
0 0.494997 0.57368 0.067829 0.162166
0 0.413017 0.592531 0.178539 0.266119
0 0.707333 0.568275 0.046779 0.098409
0 0.762298 0.563424 0.095896 0.174641
0 0.864432 0.598075 0.226097 0.249487
0 0.213623 0.714502 0.425686 0.472638
0 0.939473 0.677079 0.118506 0.400565
