0 0.046923 0.433163 0.018941 0.030612
0 0.069582 0.434646 0.013776 0.029082
0 0.436799 0.497704 0.013776 0.02602
0 0.428189 0.496174 0.012054 0.022959
0 0.416135 0.493112 0.013776 0.019898
0 0.44713 0.49847 0.013776 0.027551
0 0.459614 0.508419 0.016358 0.044388
0 0.409678 0.505357 0.023246 0.029082
0 0.389445 0.505357 0.012054 0.022959
0 0.382988 0.507653 0.014636 0.027551
0 0.377392 0.508419 0.013776 0.02602
0 0.361464 0.51148 0.024968 0.02602
0 0.347258 0.515306 0.013776 0.02449
0 0.336065 0.514541 0.022385 0.038265
0 0.314971 0.519898 0.028412 0.039796
0 0.28412 0.522704 0.024968 0.047449
0 0.263831 0.527153 0.036707 0.050982
0 0.240889 0.531231 0.032119 0.05506
0 0.219095 0.536329 0.041295 0.061178
0 0.167667 0.538369 0.082973 0.089728
0 0.490955 0.508799 0.068826 0.120317
2 0.573928 0.451699 0.119298 0.181495
0 0.707547 0.558512 0.355599 0.524094
0 0.951513 0.553663 0.096356 0.373187
