0 0.012443 0.606741 0.024175 0.133989
0 0.094744 0.537219 0.189488 0.17191
0 0.954551 0.510674 0.088167 0.169382
0 0.955973 0.428511 0.085323 0.126404
0 0.857141 0.446208 0.106654 0.116292
0 0.633168 0.438623 0.164958 0.121348
0 0.53789 0.40323 0.133673 0.091011
0 0.26699 0.453792 0.135095 0.101124
0 0.468565 0.413848 0.021331 0.037921
0 0.456478 0.415112 0.022753 0.030337
0 0.422349 0.408792 0.025597 0.032865
0 0.405284 0.412584 0.01422 0.025281
0 0.383242 0.412584 0.029863 0.025281
0 0.13865 0.422696 0.049772 0.040449
0 0.091011 0.429017 0.04835 0.05309
0 0.047639 0.432809 0.038395 0.040449
