0 0.245329 0.45266 0.109263 0.131115
0 0.902271 0.590192 0.193941 0.570594
0 0.353226 0.444161 0.046437 0.07527
0 0.387336 0.447977 0.030047 0.060701
0 0.400311 0.446763 0.02595 0.058273
0 0.416018 0.450405 0.010926 0.036421
0 0.422847 0.449191 0.010926 0.033993
0 0.428993 0.450405 0.00956 0.036421
0 0.544401 0.462545 0.008195 0.021853
0 0.480892 0.455261 0.02595 0.036421
0 0.529378 0.460117 0.024584 0.031565
0 0.556693 0.458903 0.008195 0.024281
0 0.565571 0.461331 0.020487 0.038849
0 0.575131 0.464973 0.015024 0.036421
0 0.584692 0.46983 0.017755 0.041277
0 0.599716 0.4759 0.031413 0.048561
0 0.629899 0.48197 0.0519 0.065558
0 0.651069 0.495324 0.047802 0.067986
0 0.688628 0.507464 0.068289 0.082554
0 0.740528 0.528103 0.095605 0.109263
0 0.828621 0.535387 0.14887 0.191817
