0 0.185859 0.477204 0.026141 0.037406
0 0.148559 0.443766 0.022953 0.018136
0 0.440896 0.456801 0.01849 0.032872
0 0.451736 0.454534 0.014665 0.039673
0 0.464806 0.457368 0.015302 0.043073
0 0.48776 0.446599 0.015302 0.021537
0 0.477877 0.449433 0.010839 0.02267
0 0.480746 0.470403 0.014027 0.023804
0 0.519958 0.440932 0.014665 0.017003
0 0.504656 0.440932 0.01594 0.010202
0 0.506569 0.467569 0.037618 0.038539
0 0.538767 0.442065 0.024229 0.012469
0 0.566184 0.446033 0.033155 0.027204
0 0.591369 0.457934 0.037618 0.030605
0 0.620698 0.460768 0.022316 0.036272
0 0.659591 0.462468 0.05292 0.053275
0 0.545462 0.470403 0.077787 0.048741
5 0.864897 0.521977 0.059934 0.197229
0 0.857564 0.515176 0.15111 0.081612
0 0.963405 0.467569 0.069498 0.054408
0 0.132938 0.476637 0.059296 0.074811
0 0.058746 0.579672 0.114767 0.278841
2 0.317291 0.556436 0.278629 0.40466
