2 0.416167 0.431973 0.023401 0.054083
0 0.391596 0.445147 0.011701 0.029122
0 0.399786 0.445147 0.009361 0.024961
0 0.435473 0.444107 0.010531 0.027042
0 0.034139 0.535632 0.064354 0.255855
0 0.152901 0.430586 0.058504 0.037442
0 0.265228 0.434746 0.016381 0.024961
0 0.290385 0.433706 0.033932 0.027042
0 0.46063 0.454507 0.046803 0.076965
0 0.364684 0.462828 0.070204 0.097766
5 0.804033 0.509977 0.00585 0.031202
5 0.773026 0.508937 0.009361 0.041602
5 0.708087 0.495416 0.00585 0.027042
5 0.684101 0.488136 0.00468 0.020801
5 0.694632 0.492296 0.00468 0.016641
5 0.809689 0.507897 0.00702 0.035362
5 0.74943 0.503737 0.00351 0.031202
5 0.74475 0.498537 0.00585 0.020801
5 0.961993 0.55054 0.012871 0.079045
0 0.636811 0.474268 0.015211 0.018721
5 0.781229 0.508937 0.009361 0.037442
5 0.787079 0.507897 0.009361 0.039522
