5 0.155482 0.643806 0.018521 0.067587
5 0.141835 0.641207 0.014622 0.076252
0 0.86368 0.676733 0.181314 0.154236
0 0.761812 0.655937 0.098456 0.112644
0 0.70966 0.64034 0.074085 0.095315
0 0.663844 0.64034 0.044841 0.067587
0 0.637524 0.634275 0.033143 0.058922
0 0.619003 0.629076 0.021446 0.05199
0 0.603406 0.629942 0.029244 0.050257
0 0.588297 0.623011 0.012673 0.022529
0 0.224206 0.646406 0.070186 0.079718
0 0.307552 0.641207 0.088708 0.076252
0 0.197886 0.641207 0.037043 0.06932
0 0.363603 0.622144 0.035093 0.048524
0 0.404545 0.618678 0.035093 0.038126
0 0.443538 0.617812 0.021446 0.019063
0 0.025345 0.673267 0.05069 0.102247
0 0.492765 0.623011 0.030219 0.050257
0 0.528346 0.623011 0.023395 0.043325
0 0.561977 0.616945 0.018521 0.03466
0 0.547355 0.613479 0.010723 0.027728
0 0.515673 0.615212 0.005849 0.027728
2 0.517136 0.588351 0.012673 0.022529
