0 0.448899 0.535494 0.02437 0.045058
0 0.503001 0.54156 0.05069 0.053723
0 0.350931 0.54156 0.019496 0.039859
0 0.371402 0.512966 0.025345 0.03466
0 0.372377 0.543293 0.027295 0.060655
0 0.408444 0.546759 0.060438 0.102247
2 0.314863 0.520764 0.05069 0.119576
0 0.27782 0.544159 0.023395 0.038126
0 0.251988 0.552824 0.014622 0.031194
0 0.235416 0.562356 0.02437 0.032927
0 0.210558 0.571021 0.035093 0.050257
5 0.148658 0.591817 0.020471 0.102247
0 0.158894 0.583152 0.076035 0.095315
5 0.182776 0.588351 0.020471 0.091849
5 0.055564 0.614346 0.029244 0.112644
5 0.629726 0.513832 0.013647 0.071053
5 0.618516 0.513832 0.012673 0.060655
5 0.607793 0.520764 0.010723 0.057189
0 0.80877 0.662483 0.380815 0.466689
5 0.593658 0.512966 0.013647 0.05199
