0 0.459844 0.345625 0.012656 0.0225
0 0.449297 0.3475 0.012656 0.02625
0 0.437695 0.349375 0.018984 0.0375
0 0.473027 0.354062 0.024258 0.035625
0 0.527344 0.341875 0.008437 0.0225
0 0.531562 0.345625 0.010547 0.03
0 0.553183 0.364375 0.047461 0.075
0 0.362812 0.374687 0.027422 0.065625
0 0.602109 0.379238 0.084375 0.14625
0 0.625312 0.414863 0.086484 0.1725
0 0.748183 0.442051 0.243633 0.320625
0 0.310488 0.352051 0.081211 0.095625
0 0.398027 0.366113 0.070664 0.09375
0 0.49875 0.397988 0.086484 0.11625
0 0.228223 0.450488 0.239414 0.2625
0 0.034746 0.425176 0.069492 0.324375
0 0.863144 0.568613 0.271055 0.43875
