0 0.239866 0.501221 0.043705 0.043705
0 0.175674 0.507291 0.021853 0.041277
0 0.145627 0.503649 0.038242 0.048561
0 0.194112 0.517003 0.047802 0.065558
0 0.395565 0.489081 0.027316 0.029137
0 0.388736 0.507291 0.03551 0.046133
0 0.877687 0.520645 0.049168 0.053417
0 0.840128 0.524287 0.034145 0.050989
0 0.803251 0.519431 0.050534 0.060701
0 0.770473 0.512147 0.028681 0.055845
0 0.73906 0.514575 0.045071 0.060701
0 0.907734 0.503649 0.024584 0.029137
0 0.937781 0.502435 0.024584 0.031565
0 0.98012 0.510933 0.021853 0.029137
0 0.432441 0.485438 0.013658 0.026709
0 0.052753 0.490295 0.0519 0.041277
0 0.009048 0.498793 0.016389 0.038849
