0 0.502263 0.457109 0.007198 0.017062
0 0.495665 0.461374 0.008398 0.021327
0 0.490267 0.470971 0.011996 0.019194
0 0.471672 0.483767 0.020394 0.031991
0 0.403608 0.495156 0.073809 0.118749
0 0.332514 0.501895 0.06838 0.076777
0 0.27913 0.504028 0.052784 0.093839
0 0.207151 0.520023 0.117565 0.13436
0 0.090186 0.557346 0.140358 0.166351
0 0.013602 0.581872 0.027204 0.168483
0 0.552648 0.478436 0.011996 0.025592
0 0.561646 0.491232 0.013196 0.025592
0 0.577841 0.490166 0.019194 0.053317
0 0.590437 0.494431 0.025193 0.053318
0 0.604233 0.501895 0.023993 0.063981
0 0.630625 0.506161 0.050385 0.081043
