0 0.536496 0.537712 0.012013 0.024407
0 0.507322 0.526271 0.012013 0.019831
0 0.488016 0.524746 0.042044 0.041186
0 0.417227 0.553729 0.032606 0.041186
0 0.38934 0.546864 0.028316 0.039661
2 0.460988 0.558305 0.07036 0.111356
0 0.31868 0.560136 0.018877 0.018305
0 0.298945 0.562424 0.017161 0.019831
0 0.29208 0.564712 0.012013 0.018305
0 0.283071 0.561661 0.011155 0.018305
0 0.272345 0.562424 0.012013 0.019831
0 0.262049 0.564712 0.013729 0.015254
0 0.213226 0.557542 0.014587 0.01678
0 0.199926 0.553729 0.034322 0.021356
0 0.196065 0.559068 0.024883 0.019831
0 0.182336 0.561356 0.03518 0.027458
0 0.15831 0.561356 0.045477 0.033559
0 0.133427 0.564407 0.028316 0.03661
0 0.117982 0.56822 0.047193 0.035085
0 0.093098 0.571271 0.067786 0.047288
0 0.060064 0.57 0.042903 0.039661
0 0.04419 0.577627 0.050625 0.048814
0 0.024883 0.581441 0.049767 0.059492
