5 0.946103 0.629765 0.030322 0.180469
5 0.669248 0.540703 0.017139 0.044531
5 0.650791 0.539531 0.017139 0.0375
0 0.353501 0.525468 0.018457 0.028125
0 0.371958 0.52664 0.021094 0.025781
0 0.331748 0.534843 0.025049 0.042187
0 0.355479 0.565312 0.043506 0.051562
0 0.44315 0.555937 0.034277 0.042187
0 0.476768 0.528984 0.022412 0.035156
0 0.498521 0.520781 0.018457 0.028125
0 0.516319 0.531328 0.025049 0.025781
0 0.561143 0.5325 0.035596 0.032812
0 0.30604 0.546562 0.039551 0.051562
0 0.473472 0.594609 0.065918 0.096094
0 0.41085 0.518437 0.022412 0.023437
0 0.433262 0.524297 0.017139 0.021094
0 0.45106 0.524297 0.021094 0.025781
0 0.099717 0.678984 0.199072 0.321094
