2 0.431613 0.458893 0.052026 0.035573
5 0.480137 0.459783 0.007003 0.02668
0 0.499747 0.538221 0.013006 0.017787
0 0.509252 0.545336 0.010005 0.017787
0 0.518756 0.538221 0.011005 0.010672
0 0.534264 0.540889 0.022011 0.016008
0 0.515755 0.558676 0.02101 0.030237
0 0.535765 0.572016 0.035017 0.046245
0 0.577785 0.586245 0.057028 0.064032
0 0.659326 0.612925 0.132065 0.152964
0 0.490242 0.540889 0.008004 0.016008
0 0.500247 0.552451 0.008004 0.014229
0 0.489742 0.558676 0.013006 0.023123
0 0.473734 0.542668 0.009004 0.012451
0 0.481738 0.542668 0.009004 0.012451
0 0.46523 0.552451 0.014007 0.032016
0 0.472734 0.563123 0.02101 0.028459
0 0.437716 0.544447 0.015007 0.023123
0 0.423209 0.54 0.02001 0.035573
0 0.409202 0.555119 0.018009 0.040909
0 0.359177 0.569348 0.092045 0.136957
0 0.151075 0.62668 0.302149 0.313044
0 0.992076 0.47253 0.015847 0.035573
0 0.299148 0.545455 0.02001 0.017787
