0 0.44956 0.572812 0.011602 0.020625
0 0.533935 0.576562 0.011602 0.028125
0 0.549228 0.58125 0.021094 0.045
0 0.666299 0.600545 0.071719 0.096411
0 0.326162 0.590859 0.03375 0.044531
0 0.298213 0.601875 0.022148 0.0525
0 0.126035 0.618047 0.131836 0.136406
0 0.037969 0.654609 0.075937 0.154219
0 0.223277 0.622359 0.140273 0.156281
0 0.360598 0.589875 0.04957 0.06375
0 0.438644 0.57675 0.011602 0.01875
0 0.491379 0.609562 0.091758 0.144375
0 0.586301 0.604875 0.087539 0.12
0 0.738176 0.612375 0.108633 0.135
0 0.916523 0.78875 0.164531 0.34125
6 0.396351 0.59925 0.017297 0.08325
3 0.396879 0.620437 0.02257 0.080625
5 0.862629 0.596625 0.024258 0.1125
5 0.836261 0.5985 0.020039 0.10875
5 0.810422 0.610687 0.021094 0.088125
5 0.794601 0.591937 0.018984 0.080625
5 0.032168 0.575156 0.022148 0.039375
5 0.069609 0.580125 0.016875 0.04875
