0 0.062143 0.379991 0.121555 0.080126
0 0.215794 0.395774 0.060094 0.038849
0 0.264962 0.409128 0.030047 0.026709
0 0.507389 0.428553 0.015024 0.026709
0 0.568166 0.428553 0.016389 0.036421
2 0.480892 0.415198 0.017755 0.033993
0 0.541397 0.440693 0.052992 0.080126
0 0.481166 0.430981 0.015024 0.016996
0 0.497555 0.433409 0.02595 0.036421
0 0.465459 0.426124 0.016389 0.021853
2 0.595345 0.41884 0.043432 0.07527
0 0.803707 0.520515 0.340877 0.34782
4 0.608457 0.456475 0.017755 0.033993
6 0.60791 0.445549 0.015024 0.031565
6 0.775902 0.543885 0.001366 0.019424
