0 0.779846 0.453177 0.15207 0.18543
1 0.547842 0.40812 0.023395 0.050257
0 0.517623 0.423716 0.029244 0.053723
0 0.531758 0.43758 0.045816 0.071053
0 0.499102 0.418518 0.015597 0.029461
0 0.484967 0.414185 0.016572 0.024262
0 0.463034 0.42025 0.019496 0.039859
0 0.449874 0.418518 0.008773 0.015597
0 0.443538 0.415918 0.007798 0.020796
0 0.437689 0.418518 0.009748 0.025995
0 0.42989 0.42025 0.013647 0.029461
6 0.410394 0.421117 0.011698 0.05199
3 0.410882 0.441046 0.012673 0.039859
0 0.40747 0.425449 0.031194 0.039859
5 0.386511 0.427182 0.012673 0.053723
0 0.357267 0.438447 0.030219 0.058922
0 0.311451 0.443646 0.088708 0.117843
0 0.227618 0.463575 0.145246 0.188896
0 0.927042 0.463575 0.142322 0.109178
0 0.112103 0.49217 0.224206 0.526829
0 0.638012 0.488704 0.203735 0.232221
0 0.993817 0.495636 0.010723 0.06932
