0 0.004387 0.606547 0.008773 0.097048
0 0.831024 0.596149 0.314863 0.270347
0 0.470345 0.488704 0.041917 0.072786
0 0.389923 0.491303 0.042892 0.057189
2 0.243215 0.415052 0.250526 0.407253
0 0.635575 0.525096 0.107229 0.114377
0 0.5688 0.493903 0.065312 0.090116
0 0.527858 0.488704 0.032169 0.045058
0 0.507875 0.481772 0.023395 0.027728
0 0.363603 0.47484 0.027295 0.055456
2 0.427941 0.475706 0.029244 0.043325
0 0.496177 0.469641 0.017547 0.027728
0 0.447924 0.47224 0.012673 0.019063
0 0.044354 0.466175 0.086758 0.072786
0 0.110153 0.475706 0.025345 0.053723
0 0.092119 0.467908 0.032169 0.055456
