0 0.444221 0.413984 0.03551 0.033993
0 0.425783 0.423696 0.039608 0.038849
0 0.388224 0.420054 0.0519 0.036421
0 0.361591 0.435837 0.053266 0.043705
0 0.337007 0.421268 0.031413 0.024281
0 0.310374 0.417626 0.024584 0.021853
0 0.287839 0.420054 0.020487 0.016996
0 0.262572 0.426124 0.032779 0.014568
0 0.226379 0.428553 0.031413 0.019424
0 0.202477 0.430981 0.021853 0.014568
0 0.177893 0.430981 0.030047 0.019424
2 0.143749 0.455261 0.076484 0.072842
0 0.05429 0.461331 0.017755 0.038849
0 0.076142 0.463759 0.047802 0.046133
0 0.10619 0.496538 0.102434 0.101978
0 0.184722 0.456475 0.030047 0.046133
0 0.223647 0.452833 0.058729 0.053417
0 0.28101 0.445549 0.06146 0.053417
0 0.319252 0.439479 0.034145 0.041277
0 0.036535 0.522033 0.072387 0.148112
2 0.026121 0.429767 0.052241 0.092266
0 0.588311 0.420054 0.053266 0.080126
