0 0.387839 0.461059 0.008581 0.024407
0 0.378829 0.456483 0.014587 0.027458
0 0.365101 0.457246 0.021451 0.038136
1 0.405429 0.452479 0.0266 0.035466
2 0.424735 0.445805 0.010297 0.030508
0 0.43117 0.459534 0.009439 0.024407
0 0.435461 0.461059 0.012871 0.033559
0 0.447473 0.458771 0.019735 0.038136
0 0.470212 0.461059 0.03947 0.061017
0 0.411006 0.461059 0.03089 0.039661
0 0.023167 0.448093 0.046335 0.050339
6 0.527563 0.459915 0.015722 0.050339
3 0.528666 0.478547 0.014587 0.026586
2 0.130853 0.442068 0.03518 0.03661
