0 0.120811 0.569531 0.238623 0.31875
0 0.625083 0.532031 0.110742 0.154687
0 0.23419 0.48164 0.201709 0.255469
0 0.339659 0.489843 0.051416 0.135937
0 0.37064 0.485156 0.047461 0.098437
0 0.396348 0.485156 0.025049 0.084375
0 0.412827 0.480468 0.02373 0.042187
0 0.433262 0.476953 0.017139 0.030469
0 0.449742 0.475781 0.010547 0.023437
0 0.569053 0.505078 0.051416 0.110156
0 0.53939 0.501562 0.026367 0.070312
0 0.526865 0.492187 0.025049 0.05625
0 0.499839 0.479297 0.02373 0.035156
0 0.48336 0.479297 0.011865 0.021094
0 0.460288 0.473437 0.010547 0.01875
