0 0.500955 0.537963 0.015761 0.025472
0 0.510985 0.544331 0.018626 0.038208
0 0.532476 0.551972 0.021492 0.043302
0 0.541073 0.555793 0.030088 0.061132
0 0.553968 0.557067 0.024357 0.063679
0 0.570445 0.574897 0.037252 0.084057
0 0.607698 0.578717 0.074505 0.106981
0 0.621309 0.595274 0.06161 0.119717
0 0.672173 0.606736 0.10316 0.183396
0 0.80184 0.646218 0.2622 0.323491
0 0.478031 0.553246 0.015761 0.03566
0 0.456539 0.543057 0.021492 0.025472
0 0.352662 0.559614 0.02579 0.033113
0 0.318275 0.559614 0.034387 0.028019
0 0.239472 0.563434 0.065908 0.066226
0 0.154221 0.569802 0.078803 0.073868
0 0.02159 0.57617 0.043181 0.08151
0 0.414272 0.579991 0.091698 0.140094
0 0.907149 0.734095 0.183396 0.529812
