5 0.299745 0.537712 0.029252 0.118567
0 0.045444 0.552273 0.090888 0.16849
0 0.417922 0.535632 0.078395 0.093606
0 0.665486 0.511832 0.086397 0.11673
0 0.551895 0.489869 0.014041 0.031202
0 0.455364 0.513791 0.057333 0.095686
0 0.482276 0.514831 0.024571 0.060324
0 0.484616 0.510671 0.031592 0.068644
0 0.498657 0.509631 0.012871 0.054083
0 0.508603 0.509631 0.011701 0.062404
0 0.515623 0.50339 0.014041 0.049923
0 0.524984 0.50131 0.014041 0.037442
0 0.533174 0.49819 0.009361 0.031202
0 0.540195 0.490909 0.009361 0.029122
0 0.622685 0.49923 0.022231 0.070724
0 0.607474 0.50131 0.017551 0.041602
0 0.602793 0.489869 0.012871 0.039522
0 0.594603 0.489869 0.012871 0.031202
0 0.585827 0.49195 0.018721 0.018721
0 0.579392 0.49403 0.017551 0.014561
