0 0.431284 0.478125 0.145019 0.154687
0 0.083897 0.413672 0.130517 0.096094
0 0.176182 0.418359 0.09624 0.063281
5 0.220347 0.440625 0.021094 0.103125
0 0.499839 0.440625 0.018457 0.0375
0 0.504453 0.437109 0.027686 0.053906
0 0.568394 0.489843 0.145019 0.253125
0 0.648154 0.448828 0.027686 0.082031
0 0.672544 0.437109 0.021094 0.044531
0 0.698911 0.440625 0.021094 0.032812
0 0.707481 0.437109 0.022412 0.030469
0 0.718687 0.440625 0.02373 0.051562
0 0.741758 0.442968 0.030322 0.065625
0 0.770103 0.455859 0.055371 0.063281
0 0.946763 0.515625 0.105469 0.135937
0 0.95665 0.682031 0.083057 0.253125
0 0.252647 0.424218 0.048779 0.051562
