0 0.062644 0.534304 0.046863 0.047607
0 0.089423 0.533454 0.008608 0.022103
0 0.25966 0.5054 0.054514 0.037406
0 0.631793 0.46893 0.022953 0.030605
0 0.602623 0.478281 0.021997 0.035705
0 0.598797 0.460428 0.014346 0.013602
0 0.582538 0.481682 0.039212 0.056108
0 0.532328 0.482532 0.032517 0.054408
0 0.506505 0.484232 0.013389 0.023804
0 0.436976 0.495284 0.041125 0.052708
0 0.297534 0.504635 0.012433 0.020403
0 0.330529 0.496134 0.015302 0.034005
0 0.171321 0.537606 0.170491 0.129872
0 0.382174 0.509449 0.099465 0.100762
0 0.483074 0.496474 0.054514 0.06461
0 0.550212 0.497324 0.052602 0.06971
2 0.62768 0.455668 0.021997 0.040806
0 0.736231 0.461619 0.024866 0.035705
0 0.819437 0.453117 0.017215 0.032305
2 0.734318 0.445466 0.043994 0.037406
