5 0.229586 0.340047 0.030088 0.160472
5 0.265405 0.336227 0.038685 0.173208
5 0.322717 0.31967 0.012895 0.068774
5 0.327015 0.324764 0.012895 0.073868
5 0.338477 0.326038 0.012895 0.056038
5 0.355671 0.320944 0.021492 0.091698
5 0.367133 0.315849 0.012895 0.086604
5 0.373581 0.318397 0.011462 0.071321
5 0.392207 0.305661 0.022925 0.066226
5 0.299076 0.318397 0.020059 0.08151
5 0.311254 0.31967 0.027223 0.124811
0 0.478174 0.285283 0.054446 0.050943
0 0.820609 0.347689 0.126085 0.114623
2 0.583484 0.340047 0.167636 0.221604
1 0.652257 0.285283 0.136115 0.193585
0 0.492919 0.538562 0.400345 0.460708
0 0.961739 0.529812 0.073072 0.254717
