0 0.390411 0.419384 0.008773 0.013864
0 0.401133 0.425449 0.014622 0.029461
0 0.40552 0.433248 0.011698 0.041592
0 0.418193 0.433248 0.021446 0.05199
0 0.439638 0.438447 0.044841 0.072786
0 0.419655 0.444512 0.012673 0.046791
0 0.445487 0.459243 0.031194 0.079718
0 0.481555 0.468774 0.070186 0.112644
0 0.492278 0.49217 0.060438 0.131707
0 0.351906 0.417651 0.011698 0.013864
0 0.344595 0.419384 0.008773 0.01733
0 0.337284 0.419384 0.007798 0.01733
0 0.329485 0.421983 0.007798 0.019063
0 0.322661 0.423716 0.009748 0.019063
0 0.311939 0.421983 0.011698 0.025995
0 0.303165 0.424583 0.017547 0.031194
0 0.299753 0.427182 0.012673 0.029461
0 0.289518 0.424583 0.013647 0.038126
0 0.27782 0.427182 0.021446 0.043325
0 0.268072 0.432381 0.019496 0.036393
0 0.2554 0.436714 0.031194 0.041592
0 0.080909 0.468774 0.161818 0.22009
0 0.193012 0.497369 0.155969 0.176765
0 0.586834 0.528562 0.194962 0.253017
0 0.3792 0.415918 0.009748 0.013864
5 0.157431 0.396855 0.008773 0.031194
5 0.206659 0.392523 0.005849 0.025995
5 0.219332 0.392523 0.005849 0.025995
5 0.285619 0.393389 0.011698 0.01733
5 0.271971 0.392523 0.007798 0.019063
5 0.181802 0.397722 0.004874 0.015597
5 0.175953 0.395989 0.004874 0.019063
5 0.168642 0.395122 0.005849 0.020796
