0 0.49467 0.355176 0.006316 0.017468
0 0.484844 0.365781 0.02316 0.036183
0 0.505548 0.360166 0.008422 0.022458
0 0.511864 0.363285 0.011229 0.026201
0 0.527305 0.365157 0.028073 0.049908
0 0.552219 0.361414 0.02316 0.03244
0 0.620296 0.357671 0.04983 0.029945
0 0.468 0.358919 0.009124 0.014972
0 0.459579 0.362038 0.017546 0.018715
0 0.442033 0.365781 0.017546 0.021211
0 0.419691 0.362038 0.01544 0.018715
0 0.399689 0.364533 0.020353 0.026201
0 0.374073 0.368276 0.028073 0.026201
0 0.340385 0.373891 0.022458 0.03244
0 0.322489 0.373891 0.02316 0.034935
0 0.30775 0.380129 0.021757 0.029945
0 0.262717 0.384496 0.036495 0.038678
0 0.215343 0.392606 0.047022 0.039926
0 0.677612 0.393854 0.08071 0.084843
0 0.787799 0.362038 0.077903 0.058641
0 0.013813 0.408579 0.025968 0.049908
6 0.572441 0.359089 0.009777 0.017382
4 0.573527 0.374954 0.009777 0.023176
