0 0.417248 0.534317 0.031965 0.018018
0 0.394249 0.544712 0.018711 0.041581
0 0.371639 0.539168 0.029627 0.074846
0 0.36891 0.551642 0.024169 0.060986
0 0.469874 0.531545 0.014034 0.045739
0 0.497552 0.52808 0.047558 0.08039
0 0.506128 0.537782 0.027288 0.069302
0 0.244947 0.571047 0.031965 0.08039
2 0.474163 0.147613 0.019491 0.084548
2 0.464027 0.507982 0.04444 0.079004
0 0.309657 0.539168 0.095896 0.180185
0 0.173219 0.583521 0.125523 0.141376
3 0.107465 0.598768 0.014285 0.06653
0 0.534975 0.545405 0.070948 0.081776
0 0.942202 0.509368 0.114608 0.156622
