0 0.596737 0.483662 0.019134 0.029764
0 0.582985 0.486851 0.027505 0.040394
0 0.581191 0.482599 0.016742 0.048898
0 0.554284 0.485788 0.029897 0.059528
0 0.535748 0.484725 0.035876 0.074409
0 0.495687 0.492165 0.051422 0.080787
6 0.52379 0.494291 0.023917 0.093543
3 0.521996 0.51874 0.015546 0.061654
0 0.382677 0.526181 0.19373 0.212598
0 0.217648 0.505984 0.23439 0.235984
0 0.086102 0.581457 0.172205 0.246614
5 0.081917 0.470906 0.025113 0.076535
0 0.701974 0.486851 0.013155 0.027638
0 0.715128 0.488977 0.017938 0.027638
0 0.649953 0.510236 0.100453 0.159449
0 0.757581 0.480473 0.066969 0.116929
2 0.820364 0.471969 0.072948 0.074409
0 0.860426 0.488977 0.050226 0.078661
0 0.902281 0.492165 0.076535 0.089291
5 0.887931 0.500669 0.023917 0.093543
2 0.957889 0.459213 0.080123 0.223228
