0 0.31075 0.503812 0.01793 0.031875
0 0.292821 0.509437 0.024258 0.024375
0 0.274891 0.50475 0.024258 0.03
0 0.223666 0.510187 0.037824 0.040875
0 0.441597 0.514875 0.01582 0.03
0 0.433687 0.519562 0.014766 0.046875
0 0.417867 0.532687 0.025312 0.080625
0 0.48273 0.50925 0.01582 0.04125
0 0.494859 0.50925 0.025312 0.04875
0 0.506988 0.5205 0.026367 0.05625
0 0.533355 0.537375 0.043242 0.0975
0 0.365182 0.539707 0.090703 0.1275
0 0.461686 0.499394 0.011602 0.016875
0 0.595632 0.543457 0.106523 0.135
0 0.127264 0.527519 0.053615 0.050625
0 0.846386 0.634687 0.304805 0.504375
