0 0.400704 0.530535 0.014011 0.014945
0 0.384591 0.534271 0.018214 0.022417
0 0.365677 0.535517 0.019615 0.019926
0 0.350265 0.536762 0.022417 0.022417
0 0.318041 0.534271 0.028021 0.042343
0 0.288619 0.541744 0.030823 0.052306
0 0.2634 0.549216 0.022417 0.037362
0 0.232576 0.556688 0.03923 0.042343
0 0.156919 0.556688 0.050438 0.067251
0 0.101577 0.565406 0.057444 0.054797
0 0.035027 0.569142 0.070053 0.072232
0 0.463751 0.536762 0.028021 0.027399
0 0.439233 0.526799 0.018214 0.022417
0 0.491072 0.518081 0.01261 0.019926
0 0.507184 0.520572 0.014011 0.024908
0 0.517692 0.524308 0.015412 0.03238
0 0.532403 0.531781 0.016813 0.027399
0 0.549216 0.534271 0.022417 0.047325
0 0.563927 0.539253 0.018214 0.042343
0 0.589146 0.540498 0.043433 0.059779
0 0.657098 0.54548 0.100876 0.124539
0 0.693525 0.574124 0.084064 0.112085
0 0.836994 0.567897 0.252191 0.244096
0 0.941373 0.62643 0.116288 0.306365
