0 0.206719 0.352098 0.012656 0.016875
0 0.266836 0.368303 0.014766 0.02625
0 0.251016 0.380491 0.023203 0.035625
0 0.283711 0.354643 0.010547 0.015
0 0.28793 0.37808 0.031641 0.024375
0 0.180351 0.381428 0.054844 0.0375
2 0.092285 0.337768 0.060117 0.04125
0 0.089121 0.441161 0.178242 0.18375
0 0.333808 0.367768 0.011602 0.0225
0 0.43084 0.380893 0.01582 0.03375
0 0.419238 0.388393 0.009492 0.0225
0 0.406055 0.394955 0.031641 0.046875
0 0.452461 0.394286 0.023203 0.04125
0 0.362285 0.424286 0.08543 0.10875
0 0.521015 0.40058 0.03375 0.035625
0 0.558608 0.40433 0.041133 0.046875
