0 0.160114 0.665176 0.31863 0.495484
0 0.823162 0.688322 0.353631 0.619934
0 0.305271 0.588766 0.093528 0.132712
0 0.472162 0.564359 0.06178 0.080847
0 0.576844 0.568173 0.058347 0.057966
0 0.426256 0.562938 0.038612 0.053598
0 0.550245 0.548342 0.029174 0.048814
0 0.533083 0.54224 0.013729 0.045763
0 0.524932 0.541478 0.012871 0.047288
0 0.514635 0.544528 0.011155 0.025932
0 0.399971 0.550658 0.012989 0.024868
0 0.387481 0.551546 0.017985 0.030197
0 0.370495 0.556875 0.013988 0.026645
0 0.347514 0.559539 0.021982 0.028421
