0 0.290177 0.225694 0.011701 0.018721
0 0.301293 0.231934 0.017551 0.027042
0 0.279062 0.223613 0.012871 0.018721
1 0.243375 0.216333 0.030422 0.033282
2 0.267361 0.218413 0.019891 0.041602
0 0.24747 0.246841 0.024571 0.045763
0 0.227579 0.259322 0.038612 0.054083
0 0.176096 0.263482 0.090095 0.124807
0 0.127538 0.265563 0.016381 0.066564
0 0.114082 0.252042 0.026912 0.064484
2 0.063769 0.244761 0.090095 0.120647
0 0.029837 0.317912 0.059674 0.189291
0 0.324475 0.243474 0.032031 0.114902
0 0.523168 0.317665 0.377933 0.63533
0 0.860148 0.336832 0.277307 0.588675
