5 0.799107 0.403593 0.021094 0.103125
5 0.836021 0.411797 0.021094 0.105469
5 0.738462 0.408281 0.01582 0.098437
5 0.747691 0.398906 0.013184 0.09375
5 0.845908 0.389531 0.022412 0.09375
5 0.685068 0.383672 0.011865 0.049219
5 0.678477 0.387187 0.011865 0.070312
5 0.669907 0.384843 0.010547 0.075
5 0.661338 0.381328 0.011865 0.072656
0 0.414146 0.369609 0.01582 0.039844
0 0.393052 0.371953 0.026367 0.053906
0 0.435899 0.377812 0.038232 0.070312
0 0.360093 0.37664 0.050098 0.072656
0 0.12938 0.396562 0.139746 0.164062
0 0.48336 0.377812 0.077783 0.126562
0 0.276377 0.41414 0.159521 0.175781
5 0.63563 0.37664 0.010547 0.049219
0 0.920395 0.405937 0.158203 0.370312
5 0.624027 0.366469 0.005998 0.049052
5 0.61383 0.365403 0.009597 0.05545
