0 0.013829 0.565564 0.02595 0.089838
0 0.917294 0.574063 0.158431 0.344784
0 0.01545 0.498793 0.030901 0.082554
0 0.343665 0.61534 0.251304 0.364209
0 0.636626 0.439305 0.151602 0.220953
0 0.141529 0.535214 0.183015 0.218525
0 0.237134 0.440519 0.081947 0.067986
0 0.41332 0.475726 0.125652 0.220953
0 0.485024 0.442947 0.050534 0.111691
0 0.528729 0.417453 0.080581 0.089838
0 0.515071 0.368892 0.07785 0.036421
0 0.321813 0.421095 0.049168 0.048561
0 0.284254 0.427165 0.034145 0.036421
0 0.084166 0.45873 0.060094 0.065558
0 0.125823 0.428379 0.02595 0.014568
0 0.289034 0.406527 0.027316 0.019424
0 0.310204 0.400456 0.015024 0.021853
0 0.336153 0.393172 0.02595 0.016996
0 0.19138 0.418667 0.031413 0.024281
0 0.359372 0.378604 0.015024 0.01214
0 0.416735 0.374962 0.02595 0.014568
0 0.034315 0.451446 0.012292 0.016996
0 0.021933 0.458376 0.02437 0.019063
5 0.822372 0.37739 0.034145 0.184533
5 0.877004 0.362821 0.031413 0.155396
5 0.769107 0.360393 0.020487 0.121403
5 0.720621 0.373748 0.019121 0.109263
5 0.696037 0.331257 0.021853 0.053417
5 0.749986 0.37132 0.017755 0.104407
5 0.734962 0.356751 0.017755 0.109263
5 0.849005 0.37739 0.027316 0.15054
5 0.936415 0.368892 0.032779 0.128687
