0 0.714935 0.396406 0.071727 0.06653
0 0.672834 0.396406 0.037423 0.044353
0 0.634439 0.392941 0.039368 0.045739
0 0.559785 0.393634 0.040542 0.022177
0 0.014034 0.433136 0.026508 0.034651
0 0.04483 0.430364 0.056914 0.037423
0 0.056134 0.406802 0.028067 0.023563
0 0.026508 0.410267 0.023389 0.01386
0 0.089659 0.408188 0.026508 0.018018
0 0.08732 0.429671 0.026508 0.027721
0 0.125523 0.424127 0.060812 0.030493
0 0.188284 0.419969 0.04444 0.030493
0 0.215962 0.419969 0.02183 0.027721
0 0.238961 0.414425 0.02261 0.022177
0 0.289638 0.413732 0.007017 0.012474
0 0.303282 0.413039 0.015593 0.011088
0 0.320044 0.417197 0.014813 0.030493
0 0.344603 0.413732 0.014034 0.020791
0 0.412432 0.414425 0.009356 0.019405
0 0.398399 0.419276 0.02183 0.026335
0 0.386314 0.425513 0.02105 0.041581
0 0.271317 0.424127 0.040542 0.052669
0 0.366823 0.433136 0.041321 0.054055
0 0.332519 0.427592 0.030406 0.040195
0 0.434531 0.423896 0.042101 0.067916
0 0.604487 0.391955 0.039782 0.037442
