0 0.39903 0.586067 0.023011 0.023123
0 0.366014 0.589625 0.019009 0.019565
0 0.348506 0.587846 0.02001 0.030237
0 0.335999 0.589625 0.015007 0.030237
0 0.324994 0.589625 0.023011 0.033794
0 0.311987 0.592293 0.015007 0.032016
0 0.298481 0.598518 0.030015 0.040909
0 0.208603 0.601186 0.053026 0.071146
0 0.163581 0.60919 0.075037 0.094269
0 0.092546 0.613637 0.093046 0.128063
0 0.031516 0.623419 0.063031 0.161858
0 0.428462 0.581621 0.010005 0.021344
0 0.446971 0.578953 0.035017 0.040909
0 0.507501 0.602075 0.076038 0.115613
0 0.576035 0.613637 0.115057 0.181423
0 0.652489 0.664625 0.189093 0.241897
0 0.85419 0.669791 0.290143 0.469565
