0 0.455791 0.625316 0.057911 0.089451
0 0.69769 0.634261 0.035506 0.044557
0 0.733481 0.634599 0.049367 0.057384
0 0.761012 0.645569 0.036076 0.055696
0 0.801076 0.643038 0.068354 0.077637
0 0.840474 0.660759 0.073101 0.075949
0 0.900854 0.673417 0.082595 0.081013
0 0.645949 0.632911 0.051266 0.135021
0 0.67424 0.633924 0.01519 0.033755
0 0.072152 0.64346 0.144304 0.12827
0 0.965269 0.792827 0.067405 0.273418
5 0.29981 0.630379 0.043671 0.119831
5 0.237626 0.62616 0.019937 0.108017
5 0.251772 0.62616 0.018987 0.114768
5 0.220918 0.624472 0.018038 0.111392
0 0.559272 0.666329 0.16424 0.263291
