0 0.142212 0.387102 0.16526 0.140827
0 0.577897 0.364035 0.053266 0.070414
0 0.383273 0.345825 0.03551 0.043705
0 0.424246 0.333685 0.021853 0.033993
0 0.492536 0.332471 0.010926 0.016996
0 0.508242 0.328829 0.00956 0.019424
0 0.216647 0.340969 0.040974 0.048561
0 0.256938 0.339755 0.066923 0.055845
0 0.280156 0.337327 0.053266 0.050989
0 0.540338 0.345825 0.027316 0.033993
0 0.733596 0.356751 0.080581 0.060701
0 0.818958 0.355537 0.109263 0.101978
0 0.767058 0.370106 0.046437 0.053417
0 0.523949 0.333685 0.016389 0.019424
0 0.439953 0.337327 0.00956 0.031565
0 0.321301 0.34357 0.032779 0.031565
