0 0.230054 0.523828 0.067236 0.072656
0 0.195776 0.507422 0.025049 0.030469
0 0.26644 0.513281 0.030322 0.042187
0 0.283579 0.508593 0.019775 0.042187
0 0.300718 0.488672 0.030322 0.025781
0 0.383774 0.494531 0.009229 0.01875
0 0.379819 0.50625 0.011865 0.032812
0 0.370591 0.503906 0.017139 0.046875
0 0.348838 0.507422 0.042187 0.067969
0 0.417392 0.478125 0.039551 0.01875
0 0.042187 0.541875 0.084375 0.121875
0 0.149634 0.544218 0.114697 0.117187
0 0.314033 0.52664 0.068555 0.086719
0 0.414228 0.533672 0.081738 0.110156
