0 0.064122 0.815531 0.127403 0.363289
0 0.108272 0.676495 0.14254 0.130066
0 0.19594 0.64622 0.037843 0.047093
0 0.224953 0.63725 0.032797 0.042608
0 0.269103 0.639493 0.050457 0.060548
0 0.299377 0.635008 0.030274 0.047093
0 0.351726 0.639493 0.036581 0.038123
0 0.429934 0.643978 0.059287 0.082973
0 0.481021 0.622674 0.040365 0.058306
0 0.520756 0.629402 0.046673 0.071761
0 0.563644 0.63725 0.031535 0.042608
0 0.588873 0.642857 0.036581 0.053821
0 0.624823 0.648463 0.03532 0.065033
0 0.658881 0.658554 0.063071 0.085216
0 0.709969 0.669767 0.071901 0.107641
0 0.848094 0.672009 0.214441 0.215282
0 0.949639 0.706769 0.099652 0.21304
0 0.324815 0.637998 0.023967 0.031395
