0 0.982404 0.564813 0.034162 0.046851
0 0.957027 0.567416 0.055635 0.058997
0 0.91164 0.563946 0.060516 0.062468
0 0.861373 0.567416 0.079061 0.062468
0 0.737413 0.552667 0.051731 0.046851
0 0.676897 0.557872 0.030258 0.03644
0 0.545129 0.532712 0.008785 0.024293
0 0.529024 0.543991 0.011713 0.026028
0 0.477293 0.537917 0.011713 0.027763
0 0.470461 0.547461 0.015617 0.03644
0 0.4607 0.545726 0.015617 0.03991
0 0.452404 0.551799 0.018545 0.041645
0 0.442155 0.55527 0.019521 0.048586
0 0.435323 0.563078 0.019521 0.046851
0 0.423122 0.570019 0.030258 0.060733
0 0.38896 0.57696 0.063444 0.098907
0 0.362606 0.601253 0.079061 0.109319
0 0.295258 0.635957 0.131768 0.147493
5 0.199604 0.583901 0.03221 0.133612
0 0.505599 0.565681 0.054659 0.097172
2 0.564651 0.556137 0.043923 0.067673
0 0.613942 0.59518 0.083941 0.114524
0 0.722772 0.600385 0.102486 0.111054
