5 0.12514 0.408955 0.024584 0.08741
5 0.158602 0.410169 0.020487 0.070414
5 0.206404 0.415025 0.015024 0.060701
5 0.190697 0.413811 0.008195 0.053417
5 0.249426 0.424737 0.013658 0.046133
5 0.270596 0.421095 0.006829 0.038849
5 0.542387 0.457516 0.004097 0.043705
5 0.650967 0.506077 0.005463 0.121403
5 0.629797 0.510933 0.031413 0.17482
5 0.665307 0.515789 0.02595 0.160252
5 0.927538 0.731886 0.121555 0.529317
5 0.586092 0.473298 0.020487 0.09955
5 0.53146 0.463586 0.00956 0.07527
5 0.502096 0.450232 0.005463 0.038849
0 0.31635 0.495151 0.114726 0.16268
0 0.450879 0.497579 0.088776 0.118975
0 0.376444 0.45873 0.040974 0.084982
0 0.398297 0.438091 0.027316 0.053417
0 0.44405 0.425951 0.034145 0.024281
2 0.337519 0.410169 0.031413 0.026709
