4 0.706395 0.720971 0.136233 0.206312
0 0.304633 0.590344 0.013876 0.02691
0 0.295803 0.593708 0.013876 0.029153
0 0.286973 0.593708 0.016398 0.029153
0 0.27562 0.594829 0.013876 0.03588
0 0.264267 0.594829 0.018921 0.03588
0 0.256699 0.601557 0.018921 0.04485
0 0.238408 0.599314 0.025228 0.053821
0 0.228948 0.607163 0.021444 0.051578
0 0.211288 0.607163 0.034058 0.060548
0 0.192366 0.618376 0.029013 0.065033
0 0.15957 0.617255 0.056764 0.089701
0 0.113528 0.626225 0.078208 0.107641
0 0.374642 0.58698 0.010091 0.015698
0 0.382841 0.590344 0.011353 0.022425
0 0.391671 0.592587 0.016398 0.031395
0 0.394824 0.592587 0.010091 0.02691
0 0.399239 0.595951 0.013876 0.033638
0 0.409015 0.599314 0.020183 0.04485
0 0.419737 0.603799 0.016398 0.04485
0 0.426044 0.607163 0.018921 0.047093
0 0.436136 0.613891 0.02649 0.060548
0 0.455057 0.619497 0.041627 0.076246
0 0.491007 0.628467 0.063071 0.103156
0 0.538311 0.662105 0.094606 0.121096
0 0.625664 0.699667 0.128665 0.170432
0 0.048565 0.646968 0.097129 0.143521
0 0.868908 0.790489 0.258591 0.414867
0 0.322713 0.592026 0.02649 0.031395
