0 0.082859 0.675867 0.165717 0.221823
0 0.270022 0.701862 0.247601 0.280745
0 0.170591 0.616079 0.040942 0.046791
0 0.378225 0.652471 0.037043 0.119576
0 0.433302 0.624744 0.032169 0.046791
0 0.876352 0.743453 0.243702 0.506034
0 0.70771 0.679333 0.148171 0.173299
0 0.634113 0.65767 0.057514 0.119576
0 0.602919 0.644673 0.045816 0.093582
0 0.577086 0.637741 0.021446 0.076252
0 0.55954 0.636008 0.009748 0.062388
0 0.546867 0.626477 0.009748 0.053723
0 0.540044 0.620411 0.015597 0.045058
0 0.528346 0.619545 0.009748 0.036393
0 0.450849 0.618678 0.018521 0.045058
