0 0.456779 0.562944 0.008391 0.01989
0 0.444892 0.566673 0.015383 0.027348
0 0.4703 0.571646 0.012114 0.022376
0 0.484049 0.567916 0.006992 0.024862
0 0.491041 0.566673 0.009789 0.027348
0 0.500831 0.561701 0.012586 0.022376
0 0.512019 0.552999 0.01818 0.054696
0 0.530199 0.551756 0.026571 0.067127
0 0.552575 0.560458 0.04615 0.074586
0 0.599424 0.559215 0.067127 0.126796
0 0.661656 0.58532 0.121668 0.169061
0 0.840716 0.610181 0.317563 0.387845
0 0.199703 0.591713 0.162224 0.198895
0 0.076077 0.583011 0.152155 0.395304
