0 0.442548 0.333015 0.02649 0.038123
0 0.422365 0.339742 0.023967 0.047093
0 0.400921 0.347591 0.029013 0.062791
0 0.378216 0.358804 0.031535 0.049336
0 0.353618 0.36441 0.032797 0.060548
0 0.321452 0.370016 0.041627 0.071761
0 0.279194 0.367774 0.058025 0.098671
0 0.565536 0.333015 0.022706 0.024668
0 0.578151 0.389078 0.055502 0.074003
0 0.641222 0.430564 0.103436 0.148007
0 0.766102 0.460839 0.267421 0.280315
0 0.895398 0.534842 0.205611 0.316196
0 0.187111 0.374501 0.143802 0.143521
0 0.481652 0.331893 0.031535 0.04485
0 0.529586 0.320681 0.029013 0.03588
