0 0.197886 0.398588 0.044841 0.020796
0 0.259299 0.408986 0.027295 0.013864
0 0.291468 0.413319 0.031194 0.019063
0 0.323636 0.415918 0.033143 0.024262
0 0.38115 0.424583 0.060438 0.048524
0 0.430053 0.444512 0.016572 0.012131
0 0.455073 0.445379 0.016572 0.01733
0 0.493415 0.45751 0.010723 0.013864
0 0.626477 0.471374 0.013647 0.024262
0 0.641586 0.476573 0.022421 0.041592
0 0.918561 0.576566 0.160843 0.386457
0 0.596777 0.478306 0.04874 0.072786
0 0.667451 0.485238 0.049715 0.058922
2 0.725647 0.453177 0.077985 0.112644
