0 0.859992 0.57189 0.016742 0.04252
0 0.791544 0.577205 0.022721 0.036142
0 0.764637 0.579331 0.016742 0.027638
0 0.815461 0.585709 0.053814 0.061654
0 0.874059 0.584646 0.056206 0.06378
0 0.906945 0.584646 0.016742 0.059528
0 0.614556 0.586772 0.029897 0.029764
2 0.595422 0.567638 0.056206 0.051024
0 0.686906 0.654803 0.172205 0.225354
0 0.533835 0.596339 0.095669 0.116929
0 0.100453 0.668622 0.200906 0.471969
0 0.941745 0.58252 0.057402 0.048898
0 0.982597 0.585624 0.029954 0.053319
0 0.386863 0.563917 0.037072 0.012756
0 0.342915 0.561791 0.03169 0.012756
0 0.297173 0.563917 0.037072 0.012756
0 0.237379 0.56498 0.025113 0.014882
0 0.205689 0.567106 0.028701 0.01063
