0 0.377981 0.411556 0.02595 0.021853
0 0.39437 0.415198 0.015024 0.033993
0 0.397102 0.416412 0.017755 0.031565
0 0.405296 0.420054 0.017755 0.033993
0 0.347933 0.41277 0.00956 0.019424
0 0.341104 0.411556 0.012292 0.026709
0 0.336324 0.41277 0.013658 0.024281
0 0.328129 0.413984 0.019121 0.026709
0 0.318569 0.41277 0.027316 0.038849
0 0.304911 0.420054 0.030047 0.038849
0 0.29057 0.427338 0.036876 0.043705
0 0.220233 0.452833 0.065558 0.089838
0 0.171064 0.467401 0.084679 0.104407
0 0.074777 0.483184 0.14887 0.155396
0 0.456513 0.449191 0.054631 0.092266
0 0.491341 0.458903 0.086044 0.116547
0 0.683916 0.529317 0.279986 0.26223
3 0.416905 0.446763 0.010926 0.038849
6 0.416223 0.433409 0.017755 0.067986
0 0.455147 0.447977 0.049168 0.097122
