2 0.425159 0.376217 0.029038 0.061008
0 0.403226 0.396553 0.024638 0.046929
0 0.372428 0.409849 0.031677 0.067265
0 0.324472 0.421582 0.095912 0.137659
0 0.2312 0.450521 0.153987 0.217439
0 0.11329 0.524044 0.226141 0.34102
0 0.464307 0.378042 0.015839 0.034415
0 0.471786 0.384299 0.013199 0.037543
0 0.480586 0.392121 0.014959 0.043801
0 0.490705 0.399942 0.012319 0.050058
0 0.502144 0.400724 0.014079 0.057879
0 0.523702 0.399942 0.046636 0.075087
0 0.555819 0.419235 0.052795 0.09073
0 0.619174 0.417671 0.110871 0.168946
0 0.699247 0.452086 0.205902 0.20336
