0 0.402281 0.62625 0.029004 0.070312
0 0.733848 0.677812 0.069873 0.060937
0 0.858433 0.71414 0.055371 0.067969
0 0.923032 0.725859 0.097559 0.077344
1 0.604649 0.628593 0.0646 0.084375
0 0.495884 0.627421 0.01582 0.025781
0 0.516319 0.630937 0.025049 0.023437
0 0.536094 0.63914 0.022412 0.030469
0 0.568394 0.653203 0.044824 0.077344
0 0.642881 0.662578 0.061963 0.086719
0 0.790537 0.700078 0.085693 0.077344
0 0.431944 0.637968 0.046143 0.084375
2 0.260692 0.602812 0.178248 0.253125
0 0.071941 0.568828 0.143882 0.335156
0 0.95731 0.752812 0.084375 0.079687
2 0.37671 0.605625 0.043242 0.18
