0 0.324544 0.325187 0.010926 0.016996
0 0.307472 0.326401 0.017755 0.014568
0 0.292448 0.326401 0.015024 0.019424
0 0.271962 0.333685 0.020487 0.019424
0 0.250792 0.328829 0.019121 0.019424
0 0.232354 0.326401 0.015024 0.019424
0 0.211184 0.326401 0.019121 0.019424
0 0.166796 0.321544 0.028681 0.033993
0 0.122408 0.333685 0.054631 0.048561
0 0.044559 0.321544 0.030047 0.024281
0 0.054119 0.330043 0.030047 0.026709
0 0.072557 0.328829 0.012292 0.019424
0 0.180454 0.292408 0.020487 0.014568
0 0.162016 0.294836 0.013658 0.019424
0 0.137432 0.285124 0.024584 0.024281
0 0.099873 0.292408 0.039608 0.033993
0 0.835347 0.268127 0.016389 0.019424
0 0.697403 0.298478 0.016389 0.016996
0 0.652332 0.305762 0.032779 0.036421
0 0.422198 0.313046 0.012292 0.016996
0 0.40854 0.315474 0.015024 0.021853
0 0.390102 0.319116 0.016389 0.019424
0 0.620919 0.298478 0.024584 0.021853
0 0.819641 0.303334 0.039608 0.055845
0 0.859931 0.255987 0.021853 0.029137
0 0.874272 0.253559 0.017755 0.029137
5 0.898173 0.347039 0.016389 0.01214
