0 0.892112 0.66889 0.211225 0.649849
2 0.821134 0.323711 0.352577 0.641925
0 0.62049 0.466569 0.05799 0.070103
0 0.633248 0.433579 0.053351 0.065979
2 0.584536 0.453166 0.032474 0.063918
0 0.540464 0.44625 0.032474 0.044761
0 0.568879 0.442857 0.028995 0.047423
0 0.521907 0.429455 0.020876 0.049485
0 0.510889 0.428424 0.019716 0.039175
2 0.44826 0.403918 0.033634 0.076289
0 0.33924 0.561856 0.296907 0.490722
5 0.144394 0.435052 0.017397 0.08866
5 0.17107 0.430928 0.017397 0.109278
5 0.190786 0.415464 0.017397 0.090722
0 0.390851 0.363918 0.018557 0.012371
0 0.029496 0.384312 0.058991 0.119139
0 0.468987 0.412658 0.01519 0.028692
0 0.476582 0.41969 0.01519 0.027004
0 0.49462 0.416315 0.017089 0.027004
0 0.40538 0.407876 0.009494 0.023629
0 0.397785 0.406188 0.011392 0.020253
5 0.277215 0.408439 0.011392 0.037131
