0 0.241618 0.48338 0.037279 0.058214
0 0.341875 0.481509 0.041321 0.06653
0 0.523142 0.478813 0.02183 0.036189
0 0.550598 0.500514 0.033082 0.054642
0 0.449768 0.516289 0.120619 0.181443
0 0.610516 0.525617 0.097423 0.129797
0 0.879588 0.490516 0.102062 0.076289
0 0.314884 0.492577 0.045232 0.051546
0 0.17147 0.499434 0.112373 0.106496
0 0.979906 0.49306 0.038264 0.054704
0 0.674633 0.460148 0.026309 0.031634
2 0.080109 0.442146 0.159827 0.176027
0 0.01302 0.542633 0.02604 0.08732
0 0.37462 0.488924 0.027288 0.036037
