5 0.25745 0.523975 0.023218 0.15054
5 0.277937 0.509407 0.00956 0.038849
5 0.17004 0.509407 0.012292 0.043705
5 0.114726 0.510621 0.013658 0.060701
5 0.648337 0.534902 0.017755 0.070414
5 0.693408 0.547042 0.015024 0.070414
5 0.884891 0.578607 0.031413 0.118975
5 0.920401 0.579821 0.031413 0.121403
5 0.34008 0.493625 0.008195 0.026709
5 0.290912 0.505765 0.008195 0.036421
5 0.291595 0.510621 0.00956 0.036421
5 0.285449 0.510621 0.010926 0.036421
5 0.241061 0.516691 0.00956 0.043705
5 0.2315 0.510621 0.00956 0.046133
5 0.142315 0.516691 0.010926 0.053417
5 0.132754 0.516691 0.010926 0.053417
5 0.034145 0.516691 0.019121 0.058273
5 0.011609 0.500909 0.015024 0.050989
5 0.681389 0.542186 0.012292 0.07527
5 0.72168 0.532473 0.013658 0.055845
0 0.040291 0.49411 0.066923 0.070414
0 0.096288 0.50018 0.036876 0.038849
0 0.239695 0.509892 0.020487 0.048561
0 0.385151 0.50018 0.03551 0.048561
0 0.44866 0.517177 0.017755 0.029137
0 0.487585 0.517581 0.010926 0.021853
0 0.499877 0.511511 0.016389 0.029137
0 0.512169 0.516367 0.016389 0.033993
0 0.521046 0.494515 0.02595 0.033993
0 0.551094 0.498157 0.031413 0.041277
0 0.572946 0.522437 0.017755 0.041277
0 0.317545 0.520819 0.06146 0.060701
0 0.415881 0.548741 0.072387 0.101978
0 0.470512 0.517177 0.031413 0.043705
0 0.599579 0.540243 0.057363 0.094694
0 0.538802 0.55117 0.069655 0.106835
