5 0.904622 0.525963 0.011698 0.019063
5 0.89 0.52423 0.015597 0.015597
0 0.077985 0.707927 0.15402 0.428049
0 0.262223 0.643806 0.187163 0.282478
0 0.381637 0.600482 0.057514 0.123042
0 0.955836 0.583152 0.079032 0.105712
0 0.447437 0.611746 0.093582 0.121309
0 0.596095 0.662869 0.151095 0.213158
0 0.834436 0.655937 0.245652 0.251284
0 0.5069 0.571887 0.031194 0.065854
0 0.465471 0.545026 0.051665 0.029461
2 0.44305 0.519898 0.084808 0.048524
0 0.644348 0.568421 0.033143 0.06932
0 0.592196 0.551958 0.051665 0.015597
0 0.649011 0.529392 0.028082 0.031202
0 0.723307 0.571887 0.066287 0.06932
0 0.540195 0.573074 0.035102 0.081125
