0 0.406595 0.558071 0.028701 0.048898
0 0.382079 0.560197 0.049031 0.074409
0 0.368327 0.574016 0.043051 0.076535
0 0.332451 0.569764 0.064577 0.110551
0 0.297771 0.588898 0.083711 0.127559
0 0.191339 0.613347 0.196122 0.206221
0 0.083711 0.707953 0.167421 0.361417
2 0.461604 0.531496 0.033484 0.085039
0 0.443069 0.575079 0.063381 0.087165
0 0.508841 0.554882 0.017938 0.046772
0 0.486718 0.549567 0.019134 0.019134
0 0.547109 0.569764 0.084907 0.136063
0 0.6075 0.577205 0.035876 0.095669
0 0.673632 0.578268 0.137525 0.153071
0 0.75794 0.618662 0.198514 0.174331
5 0.90264 0.612709 0.043051 0.182835
