1 0.427989 0.432422 0.017139 0.025781
0 0.368003 0.440625 0.02373 0.046875
0 0.349546 0.438281 0.02373 0.046875
0 0.308677 0.45 0.018457 0.046875
0 0.327134 0.451172 0.026367 0.049219
0 0.271763 0.448828 0.063281 0.072656
0 0.21837 0.46289 0.038232 0.091406
0 0.144542 0.459375 0.117334 0.121875
0 0.048961 0.488672 0.097559 0.142969
0 0.45106 0.435937 0.018457 0.01875
0 0.480064 0.447656 0.047461 0.084375
2 0.520274 0.424218 0.027686 0.065625
0 0.544663 0.45 0.018457 0.0375
0 0.559824 0.454687 0.014502 0.046875
0 0.573667 0.459375 0.018457 0.05625
0 0.585532 0.455859 0.026367 0.063281
0 0.618491 0.458203 0.055371 0.077344
0 0.633653 0.465234 0.043506 0.072656
0 0.677818 0.474609 0.073828 0.096094
0 0.736484 0.4875 0.106787 0.121875
0 0.846567 0.509765 0.179297 0.185156
0 0.944785 0.509765 0.109424 0.292969
