0 0.166179 0.333137 0.021035 0.043006
0 0.131997 0.331891 0.05364 0.057964
0 0.304837 0.326281 0.015776 0.016828
0 0.291339 0.325658 0.012621 0.016828
0 0.276965 0.325658 0.010518 0.013089
0 0.263292 0.331267 0.018932 0.016828
0 0.244536 0.329086 0.024191 0.022438
0 0.216138 0.331891 0.034708 0.035526
0 0.331657 0.338435 0.010518 0.018698
0 0.34235 0.3375 0.013673 0.028047
0 0.353919 0.344979 0.019984 0.028047
0 0.372851 0.350589 0.024191 0.035526
0 0.395464 0.357133 0.023139 0.041136
0 0.412117 0.362743 0.01788 0.056094
0 0.528337 0.375831 0.023139 0.037396
0 0.496258 0.368352 0.036812 0.044875
0 0.647713 0.403567 0.072572 0.087881
0 0.723791 0.418525 0.097814 0.072922
0 0.574264 0.412916 0.117798 0.114058
0 0.445949 0.349031 0.067313 0.104709
0 0.80688 0.40606 0.104125 0.076662
0 0.859994 0.483657 0.277666 0.265513
