0 0.166244 0.709754 0.108633 0.081563
0 0.549671 0.688192 0.011602 0.027188
0 0.554153 0.689598 0.013184 0.028125
0 0.562327 0.690067 0.011602 0.029063
0 0.573665 0.691942 0.02373 0.029063
0 0.607678 0.744911 0.045352 0.088125
0 0.40887 0.703192 0.018984 0.049688
0 0.38303 0.703661 0.03375 0.058125
0 0.488848 0.695625 0.024258 0.035625
0 0.435059 0.69375 0.01793 0.028125
0 0.453516 0.71276 0.044297 0.069895
0 0.530244 0.690938 0.01582 0.01875
0 0.725374 0.76927 0.099668 0.15
0 0.331712 0.710677 0.100723 0.070313
0 0.162171 0.775364 0.148711 0.126563
0 0.029531 0.803438 0.056953 0.2925
0 0.537891 0.846563 0.227813 0.29625
0 0.878052 0.744419 0.234141 0.358037
