0 0.224693 0.508633 0.049715 0.064121
0 0.308039 0.504301 0.027295 0.045058
0 0.479605 0.529429 0.089682 0.095315
0 0.789594 0.596149 0.339233 0.291143
0 0.601456 0.558023 0.138423 0.166367
0 0.430378 0.519898 0.032169 0.072786
0 0.411856 0.523364 0.016572 0.06932
0 0.396747 0.518165 0.015597 0.065854
0 0.370914 0.5095 0.032169 0.045058
0 0.351906 0.502568 0.019496 0.027728
0 0.008773 0.500835 0.011698 0.031194
0 0.057026 0.505167 0.036068 0.032927
0 0.094069 0.506034 0.010723 0.020796
0 0.174978 0.5069 0.043866 0.032927
0 0.923143 0.691464 0.148171 0.253017
