0 0.252593 0.633953 0.214784 0.213446
0 0.758143 0.619358 0.080042 0.100338
0 0.669892 0.591081 0.049257 0.065676
0 0.436948 0.618446 0.106723 0.105811
0 0.493902 0.6075 0.048231 0.083919
0 0.521095 0.598378 0.051309 0.08027
0 0.549828 0.601115 0.022576 0.063851
0 0.564195 0.597466 0.022576 0.038311
0 0.572918 0.585608 0.037969 0.065676
0 0.600624 0.582872 0.031812 0.052905
0 0.61653 0.583784 0.018471 0.036486
0 0.731463 0.600203 0.053361 0.069324
0 0.709913 0.580135 0.028733 0.058378
0 0.693494 0.581047 0.016419 0.045608
0 0.632993 0.579375 0.02373 0.032812
