0 0.463127 0.431628 0.016841 0.0313
0 0.478054 0.433669 0.013013 0.02994
0 0.489537 0.432989 0.016075 0.036744
0 0.501785 0.438433 0.022199 0.042188
0 0.520922 0.437752 0.02373 0.04627
0 0.546184 0.446598 0.032916 0.053075
0 0.576038 0.447959 0.032916 0.055796
0 0.636385 0.429814 0.093391 0.129284
0 0.671215 0.458392 0.06966 0.091179
0 0.761799 0.45431 0.14621 0.156502
0 0.915282 0.498765 0.163817 0.18372
0 0.403648 0.423236 0.014544 0.024496
0 0.394462 0.423236 0.00842 0.013609
0 0.382596 0.415071 0.019903 0.024496
0 0.365373 0.421875 0.009951 0.013609
0 0.357335 0.424597 0.009186 0.013609
0 0.349297 0.425958 0.011482 0.019052
0 0.335136 0.427999 0.012248 0.017692
0 0.324036 0.430721 0.013013 0.017692
0 0.309491 0.437525 0.019137 0.028579
0 0.298392 0.438206 0.013779 0.038105
0 0.288057 0.437525 0.022199 0.039466
0 0.265092 0.440247 0.037509 0.042188
0 0.238683 0.44433 0.026027 0.044909
0 0.221076 0.44501 0.016841 0.035383
0 0.199259 0.44501 0.040571 0.051714
0 0.18127 0.449773 0.04593 0.047631
0 0.147588 0.461341 0.055116 0.068044
0 0.122863 0.467057 0.042102 0.065323
0 0.053968 0.439158 0.107935 0.159224
0 0.431115 0.451401 0.059709 0.085736
