0 0.295437 0.321524 0.008987 0.011982
0 0.288136 0.324519 0.01011 0.017973
0 0.277464 0.323521 0.01348 0.027959
0 0.270724 0.325518 0.015727 0.031953
0 0.257806 0.33051 0.019097 0.03395
0 0.245449 0.33051 0.021343 0.037944
0 0.227476 0.338831 0.021343 0.035947
0 0.212311 0.340829 0.031453 0.059911
0 0.179172 0.345821 0.066277 0.069896
0 0.147719 0.363795 0.06403 0.081879
0 0.109525 0.370784 0.06403 0.099852
0 0.365084 0.325851 0.00674 0.017973
0 0.375756 0.327848 0.01685 0.021967
0 0.380811 0.33284 0.015727 0.023965
0 0.392044 0.334837 0.01348 0.027959
0 0.398223 0.336834 0.014603 0.031953
0 0.408894 0.338831 0.02022 0.035947
0 0.421251 0.340829 0.015727 0.039941
0 0.431923 0.343824 0.021343 0.041938
0 0.447649 0.34682 0.034823 0.051923
0 0.475733 0.357803 0.034823 0.05392
0 0.545941 0.348817 0.038193 0.047929
0 0.348796 0.325851 0.014603 0.021967
0 0.50831 0.3598 0.059537 0.073891
0 0.056167 0.380769 0.112334 0.163757
0 0.782965 0.421709 0.193214 0.173743
0 0.674563 0.393417 0.126937 0.123817
