0 0.269555 0.362532 0.06568 0.099883
0 0.313364 0.365768 0.034818 0.06612
0 0.347391 0.35381 0.039566 0.053458
0 0.368757 0.348183 0.02374 0.053458
0 0.417819 0.346073 0.014244 0.03517
0 0.428106 0.34959 0.006331 0.028136
0 0.437207 0.348183 0.007122 0.028136
0 0.472816 0.339742 0.007913 0.014068
0 0.554323 0.34959 0.022157 0.036577
0 0.680935 0.346073 0.044314 0.023916
0 0.638599 0.342556 0.013453 0.016882
0 0.842365 0.370691 0.115533 0.087222
2 0.190709 0.368481 0.148769 0.133646
2 0.480334 0.328065 0.011079 0.025322
0 0.396171 0.344565 0.027696 0.046424
0 0.450377 0.350896 0.020574 0.03095
0 0.506956 0.414905 0.108411 0.156155
0 0.586767 0.358633 0.037192 0.052052
0 0.909627 0.494959 0.178048 0.367174
