0 0.299507 0.640576 0.025488 0.020312
0 0.246333 0.627295 0.022852 0.021875
0 0.462984 0.65542 0.013184 0.034375
0 0.448921 0.654639 0.014941 0.042187
0 0.436617 0.654639 0.025488 0.057812
0 0.408931 0.659326 0.045703 0.082812
0 0.47397 0.649951 0.012305 0.020312
0 0.73896 0.669482 0.053613 0.0375
0 0.653267 0.696045 0.103711 0.1375
0 0.129878 0.69292 0.257519 0.521875
0 0.949458 0.846045 0.098437 0.303125
0 0.349605 0.681201 0.094043 0.114062
0 0.535494 0.737451 0.165234 0.242187
0 0.923531 0.677295 0.095801 0.059375
0 0.892924 0.678466 0.027295 0.036393
