0 0.495995 0.501581 0.02101 0.02668
0 0.450973 0.492688 0.04102 0.072925
0 0.419957 0.507806 0.035017 0.046245
0 0.38444 0.514032 0.04002 0.044466
0 0.304901 0.52915 0.075037 0.085376
0 0.22236 0.541601 0.128063 0.138735
0 0.052776 0.538933 0.103051 0.126285
0 0.116808 0.573617 0.195096 0.156522
0 0.514754 0.507984 0.009004 0.028459
0 0.524259 0.505316 0.016008 0.037352
0 0.543268 0.510652 0.026013 0.040909
0 0.581287 0.517767 0.06003 0.090711
0 0.618305 0.539111 0.050025 0.112055
0 0.695844 0.547115 0.157078 0.19921
0 0.867228 0.552451 0.264131 0.352174
