0 0.327134 0.273515 0.026367 0.011719
0 0.283628 0.272344 0.010547 0.014062
0 0.302745 0.272344 0.022412 0.014062
0 0.263194 0.274687 0.030322 0.014062
0 0.244078 0.275859 0.010547 0.016406
0 0.234849 0.273515 0.010547 0.011719
0 0.225621 0.274687 0.013184 0.014062
0 0.214415 0.271172 0.014502 0.021094
0 0.199253 0.27 0.029004 0.01875
0 0.161021 0.274687 0.052734 0.023437
0 0.413487 0.279375 0.017139 0.023437
2 0.528184 0.250078 0.048779 0.096094
0 0.044256 0.279375 0.088511 0.032812
0 0.391075 0.295781 0.048779 0.075
0 0.467539 0.28875 0.048779 0.065625
0 0.554551 0.27 0.059326 0.084375
0 0.698252 0.253594 0.09624 0.103125
