0 0.451558 0.326593 0.012621 0.018698
0 0.439989 0.329398 0.014725 0.024307
0 0.467335 0.329398 0.023139 0.020568
0 0.498888 0.322853 0.025242 0.011219
0 0.591093 0.364924 0.033657 0.057964
0 0.349011 0.323165 0.024191 0.043006
0 0.25593 0.336254 0.039967 0.054224
0 0.42544 0.333137 0.019984 0.031787
0 0.403878 0.330333 0.021035 0.026177
0 0.362859 0.333137 0.03576 0.046745
0 0.304837 0.341396 0.052939 0.074481
0 0.490649 0.38331 0.08309 0.121537
0 0.62212 0.373026 0.059951 0.067313
0 0.7294 0.403878 0.124108 0.117798
0 0.923451 0.499238 0.152506 0.252424
5 0.0894 0.314751 0.025242 0.086011
