5 0.715431 0.35738 0.022037 0.102842
0 0.332268 0.267365 0.011019 0.014692
5 0.416417 0.31179 0.008264 0.021221
0 0.450234 0.301813 0.012618 0.020393
0 0.426145 0.302832 0.014912 0.018353
0 0.411806 0.30997 0.013765 0.024471
0 0.404924 0.316088 0.011471 0.020393
0 0.469734 0.302832 0.014912 0.018353
0 0.462278 0.317107 0.025236 0.030589
0 0.497264 0.33852 0.060796 0.093807
0 0.181241 0.310989 0.082591 0.075453
0 0.087179 0.315068 0.096356 0.071375
0 0.026574 0.327304 0.053149 0.104003
0 0.387144 0.313029 0.024089 0.034668
0 0.256375 0.341579 0.122739 0.161103
0 0.539707 0.362991 0.083738 0.118278
5 0.35904 0.313029 0.009177 0.034668
