0 0.486202 0.547672 0.012855 0.022854
0 0.494466 0.555018 0.012855 0.017956
0 0.446718 0.548489 0.011019 0.017956
0 0.439831 0.55257 0.011937 0.019589
0 0.432486 0.557467 0.011937 0.026119
0 0.396216 0.557467 0.011019 0.026119
0 0.389329 0.563996 0.019283 0.035913
0 0.374178 0.563996 0.022037 0.039178
0 0.362241 0.565629 0.029383 0.048972
0 0.341581 0.568077 0.037647 0.063664
0 0.317707 0.581953 0.032138 0.058767
0 0.276846 0.58032 0.080804 0.097944
0 0.213947 0.583585 0.067949 0.111004
0 0.160296 0.599676 0.132225 0.155079
0 0.071469 0.627932 0.140489 0.222007
0 0.415498 0.563996 0.039484 0.058767
0 0.503557 0.555018 0.014692 0.026119
0 0.466827 0.54604 0.012855 0.017956
0 0.513198 0.555834 0.017446 0.037545
0 0.529726 0.562364 0.028465 0.04734
0 0.546713 0.567261 0.027547 0.053869
0 0.550845 0.576239 0.024792 0.052237
0 0.570312 0.583585 0.04132 0.076723
0 0.596022 0.582769 0.059685 0.104474
0 0.657543 0.596645 0.120288 0.158343
0 0.740433 0.63967 0.133642 0.212213
0 0.85533 0.639631 0.182727 0.226904
0 0.906751 0.73948 0.185482 0.342805
