0 0.403122 0.529629 0.008046 0.014305
0 0.312601 0.546616 0.026151 0.030397
0 0.27941 0.55198 0.028162 0.033974
0 0.255271 0.555556 0.020116 0.033974
0 0.235658 0.560921 0.021122 0.033974
0 0.204981 0.557344 0.036209 0.062583
0 0.160223 0.562709 0.051296 0.069735
0 0.106916 0.577907 0.075435 0.053642
0 0.033493 0.592212 0.065377 0.075099
0 0.471014 0.534099 0.015087 0.016093
0 0.49113 0.532311 0.017099 0.019669
0 0.496158 0.540358 0.01911 0.021457
0 0.548963 0.548404 0.054313 0.069735
0 0.813487 0.619927 0.219263 0.212781
0 0.364578 0.53896 0.023395 0.024262
