0 0.364775 0.465974 0.016059 0.02855
0 0.348142 0.468014 0.024089 0.02855
0 0.44966 0.446601 0.013765 0.022432
0 0.437042 0.455778 0.018353 0.02855
0 0.418115 0.459856 0.021795 0.036707
0 0.397467 0.468014 0.026383 0.032628
0 0.473175 0.441503 0.014912 0.016314
0 0.497838 0.447621 0.018353 0.020393
0 0.512177 0.452719 0.010324 0.018353
0 0.521927 0.454758 0.013765 0.018353
0 0.535118 0.462246 0.017206 0.033329
0 0.559781 0.464955 0.036707 0.038746
0 0.105897 0.499304 0.079149 0.106042
0 0.178738 0.492166 0.073414 0.08361
0 0.034882 0.528873 0.069764 0.095846
0 0.666252 0.448322 0.048178 0.036707
0 0.74196 0.465656 0.057355 0.046903
0 0.949126 0.495 0.094375 0.1125
0 0.320676 0.465486 0.043589 0.053021
