0 0.304353 0.462485 0.029114 0.043799
0 0.15871 0.466375 0.045411 0.056063
0 0.122027 0.469809 0.047934 0.087458
0 0.024267 0.415988 0.046673 0.060548
0 0.366111 0.468687 0.013876 0.022425
0 0.639209 0.505689 0.095868 0.051578
0 0.800039 0.500083 0.087038 0.049336
0 0.753998 0.525872 0.095868 0.056063
0 0.68525 0.529236 0.155155 0.04485
0 0.746429 0.553903 0.103436 0.04485
0 0.890862 0.557267 0.198043 0.136794
0 0.919874 0.504568 0.157677 0.053821
0 0.9779 0.589784 0.041627 0.179402
0 0.052814 0.467566 0.105628 0.132309
2 0.224832 0.459717 0.114789 0.161462
0 0.384402 0.482143 0.032797 0.04485
