0 0.026955 0.615099 0.052301 0.203841
0 0.029973 0.514073 0.058336 0.051854
0 0.08328 0.599007 0.140811 0.157351
0 0.279913 0.565927 0.139805 0.13053
0 0.264323 0.525695 0.096556 0.085828
0 0.40262 0.523013 0.073423 0.066159
0 0.368423 0.495298 0.049284 0.050066
0 0.460453 0.498874 0.046267 0.042914
0 0.515269 0.481887 0.033191 0.026821
0 0.526332 0.472947 0.01911 0.023245
0 0.48258 0.479329 0.022127 0.046737
0 0.633952 0.461324 0.017099 0.017881
0 0.619871 0.449702 0.011064 0.016093
0 0.601264 0.447914 0.008046 0.012517
0 0.524824 0.45596 0.018104 0.014305
0 0.545442 0.457748 0.013075 0.014305
0 0.669155 0.44702 0.015087 0.021457
0 0.646525 0.438079 0.01207 0.017881
0 0.655577 0.466689 0.01207 0.021457
0 0.642502 0.512285 0.058336 0.101921
0 0.569582 0.503344 0.047272 0.069735
5 0.304253 0.295033 0.011064 0.064371
0 0.691731 0.456513 0.014988 0.031974
0 0.608799 0.476941 0.030975 0.037303
