0 0.441853 0.391908 0.009564 0.011902
0 0.427507 0.395309 0.011477 0.011902
0 0.417465 0.393609 0.006695 0.015302
0 0.408858 0.396159 0.01052 0.020403
0 0.401685 0.397859 0.011477 0.023804
0 0.387339 0.398709 0.019128 0.028904
5 0.348605 0.414692 0.004782 0.028904
0 0.348605 0.397009 0.014346 0.015302
0 0.289309 0.421663 0.016259 0.034005
0 0.274485 0.424213 0.021041 0.039106
0 0.171194 0.432714 0.030605 0.052708
0 0.148241 0.458218 0.053558 0.073111
0 0.061687 0.408061 0.123375 0.231234
0 0.322304 0.418942 0.055471 0.071411
0 0.367733 0.407891 0.027735 0.042506
1 0.47724 0.377456 0.030605 0.057809
0 0.452852 0.389358 0.01052 0.020403
0 0.639826 0.388508 0.065035 0.06971
0 0.712321 0.393609 0.08225 0.062909
0 0.82135 0.385107 0.124331 0.090113
5 0.982119 0.418262 0.018171 0.129219
6 0.222057 0.455216 0.11668 0.121515
