0 0.432591 0.282984 0.022472 0.013317
0 0.718176 0.349568 0.031836 0.053268
0 0.70179 0.340413 0.047754 0.058261
0 0.640459 0.377867 0.039326 0.029963
0 0.48924 0.398675 0.029027 0.031628
0 0.433059 0.413656 0.027154 0.02164
0 0.441018 0.423644 0.050563 0.024969
0 0.394201 0.434464 0.02809 0.033292
0 0.303376 0.436128 0.0206 0.029963
0 0.292139 0.448613 0.013109 0.014982
0 0.28184 0.454439 0.026218 0.019975
0 0.259836 0.459433 0.021536 0.026634
0 0.236427 0.469421 0.032772 0.036621
0 0.213018 0.469421 0.019663 0.016646
0 0.179778 0.489396 0.026218 0.039951
0 0.198505 0.488564 0.046817 0.028298
0 0.125002 0.504377 0.06648 0.066584
0 0.0206 0.553483 0.041199 0.058261
2 0.345511 0.432799 0.0206 0.023305
0 0.839433 0.302959 0.062735 0.059926
0 0.76827 0.348736 0.094571 0.06492
