0 0.031413 0.424303 0.062826 0.050989
0 0.07785 0.418233 0.040974 0.06313
2 0.100385 0.397595 0.069655 0.094694
0 0.203502 0.414591 0.038242 0.036421
0 0.326422 0.400023 0.027316 0.026709
0 0.425442 0.398809 0.020487 0.029137
0 0.499194 0.395167 0.015024 0.026709
0 0.521046 0.403665 0.015024 0.038849
0 0.544606 0.407307 0.032779 0.060701
0 0.577385 0.403665 0.027316 0.058273
0 0.47939 0.400023 0.019121 0.026709
0 0.615285 0.432802 0.101068 0.126259
0 0.890149 0.605801 0.21716 0.433409
0 0.369444 0.396381 0.020487 0.024281
0 0.463683 0.397595 0.012292 0.021853
0 0.44866 0.398809 0.015024 0.019424
