5 0.097218 0.317767 0.016841 0.083014
5 0.074636 0.313685 0.019137 0.093901
5 0.02641 0.302797 0.031385 0.126563
5 0.124776 0.310963 0.024496 0.096623
5 0.86629 0.328654 0.027558 0.112954
5 0.760651 0.315045 0.018372 0.085736
5 0.739982 0.316406 0.019903 0.080292
5 0.721228 0.319128 0.011482 0.072127
5 0.894231 0.323211 0.017606 0.077571
5 0.942329 0.324231 0.020668 0.097984
5 0.905585 0.32151 0.014544 0.073488
5 0.886448 0.299735 0.013013 0.032661
5 0.769709 0.305179 0.019903 0.078931
5 0.70292 0.292251 0.020668 0.080292
2 0.367822 0.252853 0.032916 0.048992
0 0.302117 0.288508 0.053585 0.081653
0 0.264863 0.300076 0.06124 0.066683
0 0.349068 0.296673 0.042868 0.054435
0 0.201326 0.313685 0.071957 0.069405
1 0.620947 0.272177 0.124776 0.16875
2 0.415994 0.303867 0.087267 0.152419
0 0.498531 0.286807 0.025261 0.036744
0 0.522262 0.287487 0.026792 0.038105
3 0.937736 0.33993 0.06124 0.06124
3 0.966825 0.352178 0.036744 0.050353
