0 0.043379 0.305873 0.080909 0.064121
0 0.170591 0.298941 0.064337 0.050257
0 0.529321 0.314538 0.064337 0.084917
0 0.452311 0.28941 0.035093 0.062388
0 0.241265 0.285944 0.034118 0.045058
0 0.265148 0.285944 0.015597 0.038126
0 0.305992 0.296342 0.014622 0.01733
0 0.322564 0.28681 0.018521 0.025995
0 0.475609 0.292009 0.012673 0.029461
0 0.496567 0.28941 0.025345 0.05199
0 0.346447 0.28681 0.021446 0.025995
0 0.363018 0.285944 0.015597 0.020796
0 0.855199 0.559756 0.285619 0.5095
5 0.911445 0.295475 0.025345 0.057189
5 0.694063 0.324936 0.029244 0.13344
5 0.582935 0.292009 0.011698 0.060655
5 0.592683 0.285077 0.007798 0.036393
5 0.602431 0.288543 0.009748 0.039859
0 0.422579 0.284211 0.018521 0.020796
5 0.291955 0.28941 0.014622 0.08665
0 0.094069 0.285366 0.041917 0.03466
