5 0.787179 0.569075 0.017995 0.104502
5 0.722998 0.54135 0.011996 0.044787
5 0.81597 0.549881 0.017995 0.057583
0 0.538253 0.523222 0.016795 0.025592
0 0.519058 0.543483 0.040788 0.057583
0 0.559334 0.541748 0.034615 0.058378
0 0.609944 0.573341 0.072553 0.100237
2 0.457877 0.49763 0.047986 0.05545
5 0.403893 0.527488 0.009597 0.038389
5 0.383499 0.528554 0.014396 0.049052
5 0.240741 0.558412 0.026392 0.147156
3 0.27613 0.595734 0.03479 0.10237
6 0.270732 0.569075 0.035989 0.130095
5 0.290526 0.538151 0.013196 0.081043
5 0.315119 0.538151 0.011996 0.085308
5 0.344994 0.55144 0.014627 0.090558
5 0.359506 0.545616 0.011996 0.091706
5 0.367903 0.531753 0.011996 0.072512
0 0.453678 0.582938 0.09957 0.140758
