0 0.456342 0.529144 0.012292 0.026709
0 0.44405 0.529144 0.015024 0.031565
0 0.424929 0.524287 0.02595 0.031565
0 0.347763 0.531572 0.024584 0.021853
0 0.325227 0.538856 0.020487 0.021853
0 0.298594 0.543712 0.016389 0.016996
0 0.274693 0.55828 0.017755 0.021853
0 0.218013 0.563136 0.032779 0.031565
0 0.168845 0.563136 0.038242 0.031565
0 0.110799 0.578919 0.042339 0.033993
0 0.06368 0.566778 0.057363 0.048561
0 0.016133 0.587417 0.032267 0.041277
0 0.422198 0.544926 0.023218 0.033993
0 0.393516 0.549782 0.031413 0.033993
0 0.537606 0.542498 0.043705 0.038849
0 0.467952 0.535214 0.019121 0.024281
0 0.545118 0.559494 0.047802 0.058273
0 0.499365 0.532786 0.021853 0.029137
0 0.194112 0.548568 0.017755 0.021853
