0 0.554448 0.383531 0.017995 0.019194
0 0.535254 0.388862 0.010797 0.017062
0 0.522057 0.393128 0.015595 0.025592
0 0.502263 0.396327 0.040788 0.057583
0 0.472872 0.399526 0.044387 0.072512
0 0.44588 0.416587 0.062381 0.089573
0 0.427885 0.428317 0.059982 0.100237
0 0.350508 0.437914 0.152355 0.179147
0 0.229944 0.50936 0.215936 0.232464
0 0.090379 0.556279 0.180759 0.356161
0 0.574242 0.383531 0.011996 0.02346
0 0.585039 0.389929 0.019194 0.027725
0 0.608432 0.390995 0.025193 0.038389
0 0.627026 0.39526 0.045586 0.076777
0 0.679211 0.399526 0.082775 0.119431
0 0.697805 0.432583 0.076777 0.130095
0 0.767385 0.446445 0.160752 0.191943
0 0.880093 0.540284 0.239813 0.439336
