2 0.311079 0.397792 0.221419 0.401951
0 0.511058 0.455313 0.069388 0.109497
0 0.757815 0.478183 0.204267 0.191273
0 0.57265 0.445611 0.042881 0.056827
0 0.426856 0.451848 0.019491 0.030493
0 0.444008 0.452541 0.019491 0.037423
0 0.463499 0.446304 0.028847 0.052669
0 0.624886 0.442839 0.031965 0.056827
0 0.641648 0.443532 0.040542 0.055441
2 0.599158 0.422741 0.04444 0.08039
2 0.521973 0.410267 0.04444 0.102567
5 0.010107 0.499937 0.019121 0.104407
5 0.041215 0.490468 0.020487 0.077698
2 0.920097 0.392132 0.158431 0.157824
0 0.979912 0.420414 0.032605 0.10097
