0 0.439748 0.355873 0.005991 0.011982
0 0.443867 0.358535 0.009736 0.014645
0 0.450233 0.360533 0.011982 0.018639
0 0.461466 0.36253 0.017973 0.022633
0 0.467832 0.365858 0.018722 0.021302
0 0.482435 0.365858 0.01348 0.034615
0 0.498536 0.365858 0.029207 0.050592
0 0.517259 0.369186 0.027709 0.062574
0 0.543095 0.372515 0.044933 0.061243
0 0.561818 0.386494 0.043436 0.062574
0 0.593645 0.391819 0.054669 0.075888
0 0.638579 0.405799 0.081629 0.095858
0 0.709049 0.423772 0.125814 0.121154
0 0.418006 0.353033 0.008238 0.014645
0 0.412389 0.351701 0.008987 0.011982
0 0.409768 0.353698 0.008238 0.015976
0 0.406398 0.353698 0.010484 0.015976
0 0.401905 0.353033 0.008987 0.017308
0 0.396662 0.352367 0.010484 0.018639
0 0.384306 0.357692 0.024713 0.039941
0 0.383931 0.359689 0.020969 0.033284
0 0.356597 0.360355 0.039691 0.055917
0 0.321773 0.361021 0.047929 0.102515
0 0.322522 0.375 0.047929 0.077219
2 0.212618 0.310207 0.176738 0.276923
0 0.122968 0.412722 0.245636 0.276923
0 0.822488 0.449053 0.158877 0.192484
0 0.428365 0.358469 0.016476 0.022633
