5 0.087733 0.584885 0.054589 0.213158
5 0.181663 0.571534 0.059741 0.212131
5 0.297316 0.562571 0.062388 0.278581
5 0.385142 0.580462 0.100195 0.31905
5 0.639474 0.539827 0.033143 0.164634
5 0.631188 0.544159 0.018521 0.124775
0 0.670668 0.515565 0.035093 0.074519
0 0.693576 0.527696 0.032169 0.081451
0 0.425016 0.578819 0.315838 0.194095
0 0.070764 0.590084 0.141166 0.175032
0 0.809091 0.497369 0.046791 0.072786
0 0.855881 0.501701 0.077985 0.084917
0 0.74719 0.532028 0.108204 0.121309
5 0.915345 0.494769 0.025345 0.109178
0 0.960673 0.512099 0.07701 0.105712
