0 0.325132 0.547993 0.009992 0.023092
0 0.332127 0.544441 0.007993 0.040855
0 0.344616 0.544441 0.014988 0.047961
0 0.359604 0.545329 0.026978 0.063947
0 0.306148 0.551546 0.031974 0.065724
0 0.281169 0.554211 0.041965 0.071053
0 0.252192 0.579079 0.075938 0.113684
2 0.232933 0.481255 0.086928 0.090592
2 0.448808 0.493816 0.056953 0.035526
0 0.474287 0.532895 0.053956 0.071053
0 0.031151 0.590625 0.06095 0.136776
0 0.027816 0.770921 0.055631 0.248684
2 0.775039 0.43875 0.447632 0.785132
0 0.144059 0.602171 0.196838 0.223816
0 0.448308 0.693651 0.253791 0.381908
