5 0.062144 0.456328 0.026367 0.114844
5 0.718687 0.424687 0.026367 0.117187
0 0.667271 0.404765 0.042187 0.067969
0 0.696934 0.41414 0.069873 0.072656
0 0.414146 0.394218 0.010547 0.023437
0 0.400962 0.393047 0.02373 0.035156
0 0.393052 0.403593 0.026367 0.0375
0 0.372618 0.405937 0.022412 0.032812
0 0.358775 0.412968 0.02373 0.046875
0 0.340318 0.416484 0.031641 0.044531
0 0.308677 0.417656 0.036914 0.065625
0 0.2744 0.422343 0.047461 0.070312
0 0.460288 0.388359 0.01582 0.021094
0 0.47479 0.389531 0.01582 0.023437
0 0.447764 0.387187 0.017139 0.023437
0 0.21771 0.436406 0.084375 0.09375
0 0.856455 0.427031 0.172705 0.16875
0 0.56312 0.455156 0.179297 0.3
