5 0.017569 0.393894 0.035138 0.121465
3 0.072228 0.433804 0.056611 0.069409
5 0.18733 0.473227 0.141495 0.60483
5 0.363582 0.437275 0.026354 0.131877
5 0.466069 0.434672 0.008785 0.032969
5 0.458748 0.431202 0.007808 0.026028
5 0.42605 0.418187 0.006832 0.031234
5 0.663721 0.426863 0.011713 0.045116
0 0.45338 0.404306 0.014641 0.027763
0 0.428978 0.412114 0.024401 0.019087
0 0.403601 0.398232 0.014641 0.015617
0 0.409945 0.428599 0.029282 0.038175
0 0.570995 0.454627 0.080037 0.072879
0 0.715452 0.48239 0.228398 0.128406
0 0.968739 0.526639 0.05954 0.11626
0 0.38896 0.405173 0.008785 0.015617
0 0.383592 0.411247 0.007808 0.027763
0 0.374807 0.412114 0.011713 0.019087
0 0.329908 0.428599 0.033186 0.045116
0 0.285986 0.412982 0.011713 0.041645
0 0.245967 0.432937 0.035138 0.078085
