5 0.473635 0.372844 0.007017 0.027721
5 0.479872 0.372844 0.007017 0.027721
5 0.651784 0.378388 0.018711 0.088706
5 0.679741 0.40914 0.030975 0.15749
5 0.5937 0.493429 0.161387 0.590452
5 0.926219 0.429671 0.145014 0.823306
5 0.832661 0.453234 0.112269 0.742916
5 0.721172 0.46155 0.196471 0.698562
0 0.26313 0.448383 0.315756 0.372844
0 0.449466 0.401951 0.052236 0.072074
0 0.063151 0.451848 0.124743 0.16078
0 0.119676 0.333342 0.128642 0.070688
0 0.139557 0.38809 0.057694 0.033265
0 0.383196 0.386704 0.024169 0.038809
0 0.398009 0.377695 0.016373 0.026335
0 0.406585 0.377695 0.010135 0.023563
0 0.426466 0.387397 0.015593 0.048511
