0 0.271634 0.462451 0.02101 0.03913
0 0.254126 0.45 0.02001 0.042688
1 0.423209 0.447332 0.022011 0.048024
0 0.44622 0.466897 0.02001 0.033794
0 0.453224 0.469565 0.010005 0.024901
0 0.473234 0.46334 0.036018 0.055138
0 0.504749 0.486463 0.08104 0.097826
0 0.393194 0.467787 0.052026 0.088933
0 0.321159 0.525059 0.132065 0.18498
0 0.623308 0.536443 0.192095 0.202767
0 0.004502 0.519156 0.009004 0.094099
2 0.126262 0.387095 0.24372 0.405652
3 0.746569 0.549546 0.050025 0.123202
6 0.746369 0.500692 0.044022 0.154743
5 0.897844 0.469743 0.032016 0.062253
