0 0.422736 0.750877 0.129145 0.186735
0 0.496349 0.705724 0.045631 0.065816
0 0.471811 0.695775 0.012054 0.033673
0 0.520887 0.685826 0.018941 0.032143
0 0.530357 0.69654 0.020663 0.035204
0 0.558769 0.679704 0.049936 0.075
0 0.587612 0.698836 0.061129 0.073469
0 0.693942 0.751643 0.208355 0.228061
2 0.617315 0.626898 0.04477 0.070408
2 0.69265 0.613122 0.123119 0.097959
0 0.719771 0.656745 0.12398 0.102551
0 0.787787 0.662867 0.022385 0.032143
0 0.816199 0.677408 0.065434 0.064286
0 0.866997 0.671285 0.056824 0.052041
0 0.930278 0.677408 0.068017 0.104082
2 0.95869 0.584806 0.074904 0.24949
0 0.975479 0.757765 0.046492 0.191327
0 0.260874 0.69654 0.015497 0.019898
0 0.212229 0.646796 0.019802 0.009184
0 0.162723 0.653683 0.027551 0.010714
0 0.42575 0.618479 0.028412 0.016837
