0 0.392583 0.261085 0.017193 0.020377
0 0.403329 0.261085 0.010029 0.020377
0 0.40906 0.262359 0.012895 0.028019
0 0.421955 0.259812 0.015761 0.028019
0 0.426253 0.264906 0.012895 0.022925
0 0.437716 0.267453 0.018626 0.033113
0 0.446312 0.27 0.024357 0.053491
0 0.349599 0.253444 0.011462 0.015283
0 0.207037 0.249623 0.018626 0.022925
0 0.186262 0.258538 0.028656 0.030566
0 0.163337 0.255991 0.020059 0.025472
0 0.143278 0.261085 0.02579 0.040755
0 0.227813 0.286557 0.071639 0.071321
0 0.477834 0.275095 0.055879 0.094245
0 0.325958 0.254717 0.015761 0.022925
0 0.363211 0.266179 0.024357 0.03566
0 0.333839 0.259812 0.017193 0.022925
0 0.972144 0.231793 0.020059 0.033113
0 0.963547 0.250896 0.034387 0.050943
0 0.962115 0.258538 0.034387 0.061132
0 0.942056 0.291651 0.060177 0.106981
0 0.902654 0.305661 0.095997 0.084057
2 0.27008 0.245802 0.015761 0.030566
