0 0.468623 0.596948 0.024357 0.022925
0 0.497995 0.599495 0.017193 0.028019
0 0.508024 0.604589 0.020059 0.033113
0 0.586111 0.595674 0.021492 0.025472
0 0.575365 0.586759 0.040118 0.033113
0 0.726524 0.599495 0.055879 0.043302
0 0.865504 0.638976 0.267931 0.305661
0 0.539546 0.623693 0.065908 0.091698
0 0.455728 0.612231 0.044416 0.048396
0 0.121889 0.64025 0.064475 0.038208
0 0.197827 0.630061 0.055879 0.043302
0 0.2229 0.632608 0.028656 0.038208
0 0.015863 0.661901 0.030088 0.066226
0 0.274481 0.623693 0.040118 0.03566
2 0.896309 0.363882 0.203455 0.305661
