0 0.420847 0.463868 0.009361 0.016641
0 0.429038 0.465948 0.011701 0.024961
0 0.439569 0.477389 0.018721 0.022881
0 0.447174 0.487789 0.012871 0.027042
0 0.45712 0.49403 0.011701 0.018721
0 0.483446 0.49923 0.047973 0.074884
0 0.514453 0.520031 0.053823 0.087365
0 0.592848 0.530432 0.133388 0.195532
0 0.696399 0.594916 0.242205 0.232974
0 0.395691 0.448267 0.015211 0.018721
0 0.391011 0.463868 0.012871 0.020801
0 0.376385 0.469068 0.014041 0.022881
0 0.361174 0.474268 0.016381 0.024961
0 0.339528 0.478429 0.024571 0.024961
0 0.306181 0.482589 0.030422 0.024961
0 0.272249 0.49195 0.023401 0.043683
0 0.252942 0.49715 0.026912 0.054083
0 0.217255 0.50235 0.060844 0.076965
0 0.096738 0.541872 0.095946 0.106086
0 0.027119 0.551233 0.052653 0.128968
0 0.407977 0.447227 0.011701 0.012481
5 0.72097 0.460748 0.019891 0.043683
