0 0.414146 0.473906 0.010547 0.01875
0 0.406236 0.475078 0.010547 0.021094
0 0.397007 0.47625 0.013184 0.023437
0 0.389097 0.480937 0.01582 0.028125
0 0.366685 0.491484 0.013184 0.044531
0 0.369981 0.478593 0.035596 0.046875
0 0.352183 0.490312 0.02373 0.051562
0 0.319883 0.490312 0.051416 0.070312
0 0.29813 0.50789 0.055371 0.077344
0 0.249351 0.518437 0.068555 0.107812
0 0.176182 0.537187 0.130517 0.140625
0 0.497862 0.483281 0.022412 0.0375
0 0.511704 0.490312 0.029004 0.042187
0 0.516319 0.498515 0.014502 0.035156
0 0.534116 0.492656 0.029004 0.05625
0 0.545322 0.503203 0.027686 0.053906
0 0.559165 0.503203 0.034277 0.072656
0 0.5796 0.504375 0.046143 0.079687
0 0.690342 0.540703 0.117334 0.133594
0 0.797788 0.581718 0.203027 0.182812
0 0.470835 0.496172 0.034277 0.044531
0 0.591465 0.520781 0.056689 0.079687
2 0.057439 0.521953 0.114878 0.325781
0 0.928306 0.625078 0.142383 0.250781
