0 0.470321 0.429671 0.010915 0.015246
0 0.459796 0.428978 0.010135 0.01386
0 0.452389 0.427592 0.009356 0.01386
0 0.444203 0.424127 0.007017 0.018018
0 0.436796 0.427592 0.009356 0.016632
0 0.425881 0.427592 0.009356 0.01386
0 0.420424 0.452541 0.02183 0.033265
0 0.387289 0.470559 0.04444 0.069302
0 0.454338 0.451155 0.028847 0.033265
0 0.463304 0.509368 0.077965 0.102567
0 0.479287 0.428978 0.008576 0.01386
0 0.486694 0.420662 0.010915 0.019405
0 0.490982 0.429671 0.010135 0.012474
0 0.49566 0.419969 0.007017 0.018018
0 0.503846 0.430364 0.009356 0.01386
0 0.511642 0.43175 0.009356 0.016632
0 0.518659 0.429671 0.007796 0.009702
0 0.557252 0.449076 0.02261 0.037423
0 0.572065 0.449076 0.011695 0.020791
0 0.58181 0.452541 0.015593 0.024949
0 0.593895 0.456699 0.016373 0.033265
0 0.609878 0.460164 0.023389 0.034651
0 0.651979 0.464322 0.028067 0.037423
0 0.678097 0.467094 0.025728 0.037423
0 0.706554 0.478876 0.056134 0.049897
0 0.754112 0.456006 0.06549 0.045739
0 0.873398 0.456006 0.019491 0.031879
0 0.889381 0.455313 0.024949 0.027721
0 0.91316 0.45462 0.025728 0.029107
0 0.921346 0.469173 0.02183 0.047125
0 0.154955 0.552336 0.295486 0.302156
0 0.007641 0.478321 0.014034 0.042967
5 0.539133 0.432443 0.010135 0.033265
0 0.351628 0.426899 0.010915 0.016632
0 0.364099 0.426899 0.012466 0.016632
0 0.332917 0.432443 0.009356 0.016632
0 0.321222 0.433829 0.014034 0.019405
0 0.309138 0.435215 0.010135 0.016632
3 0.845759 0.488578 0.024949 0.042967
