5 0.099748 0.267469 0.035687 0.17161
0 0.069473 0.449307 0.137483 0.407704
0 0.821838 0.429843 0.354699 0.478428
0 0.263734 0.328971 0.182531 0.198652
0 0.440824 0.262616 0.007605 0.017681
0 0.434388 0.264176 0.008776 0.035362
0 0.42649 0.267296 0.010531 0.041602
0 0.407184 0.267296 0.037442 0.070724
0 0.401334 0.281857 0.028082 0.083205
0 0.361844 0.279777 0.073129 0.112327
0 0.348973 0.303178 0.066109 0.138328
0 0.463932 0.264696 0.00468 0.011441
0 0.46715 0.267296 0.006435 0.014561
0 0.473293 0.267816 0.009361 0.032242
0 0.478266 0.271976 0.009946 0.034322
0 0.482946 0.278216 0.008776 0.046803
0 0.501375 0.274056 0.031592 0.071764
0 0.49845 0.290177 0.014041 0.049923
0 0.530041 0.284717 0.060844 0.094126
0 0.542912 0.304998 0.060844 0.099846
0 0.648023 0.32391 0.197742 0.25426
