0 0.900439 0.541406 0.199072 0.199219
0 0.560443 0.49605 0.075949 0.10382
0 0.489111 0.491015 0.055371 0.079687
0 0.118877 0.527325 0.105917 0.100744
0 0.042847 0.526172 0.083057 0.089062
0 0.023071 0.496875 0.046143 0.079687
0 0.232031 0.510937 0.065918 0.075
0 0.257739 0.491015 0.035596 0.039844
0 0.301904 0.4875 0.044824 0.042187
0 0.346069 0.47193 0.027686 0.039844
0 0.377051 0.475446 0.026367 0.032812
0 0.527212 0.466406 0.019775 0.032812
1 0.24126 0.468281 0.073828 0.065625
0 0.404077 0.473437 0.014502 0.025781
0 0.41726 0.469336 0.011865 0.023437
0 0.442968 0.464648 0.01582 0.023437
6 0.776513 0.459765 0.01582 0.063281
3 0.779809 0.478515 0.017139 0.044531
