0 0.566115 0.419055 0.011713 0.022558
0 0.574899 0.425128 0.013665 0.034704
0 0.582708 0.431202 0.017569 0.03644
0 0.58954 0.439878 0.019521 0.053792
0 0.600277 0.437275 0.017569 0.062468
0 0.609549 0.439878 0.024401 0.067673
0 0.619798 0.445083 0.033186 0.091967
0 0.638831 0.453759 0.049779 0.1232
0 0.676409 0.458097 0.083941 0.117995
0 0.672505 0.50061 0.076133 0.161375
0 0.794025 0.517962 0.250847 0.331427
0 0.542201 0.414717 0.008785 0.017352
0 0.533417 0.415585 0.006832 0.022558
0 0.525608 0.414717 0.010737 0.031234
0 0.5178 0.412114 0.012689 0.029499
0 0.506087 0.410379 0.018545 0.050321
0 0.501207 0.41732 0.016593 0.053792
0 0.365046 0.443348 0.085893 0.157905
0 0.323564 0.469376 0.116151 0.171787
0 0.158122 0.486729 0.316243 0.352249
0 0.446059 0.455495 0.124936 0.178727
0 0.026842 0.623811 0.051731 0.272429
0 0.893095 0.596915 0.210829 0.589974
