0 0.671827 0.49195 0.015211 0.018721
0 0.660712 0.49819 0.016381 0.035362
2 0.571786 0.468028 0.025742 0.045763
2 0.62795 0.484669 0.053823 0.112327
2 0.512113 0.478429 0.088925 0.133128
0 0.571201 0.49611 0.015211 0.035362
0 0.561841 0.49611 0.012871 0.043683
0 0.342453 0.484669 0.053823 0.054083
0 0.393936 0.534592 0.156789 0.17057
0 0.280439 0.552273 0.105306 0.139368
0 0.957325 0.486749 0.022231 0.024961
0 0.14139 0.608436 0.282779 0.289137
2 0.815161 0.379623 0.269116 0.559554
0 0.609814 0.530432 0.073714 0.137288
1 0.130085 0.459708 0.038612 0.029122
