0 0.397042 0.373026 0.032605 0.039266
0 0.367592 0.399204 0.028398 0.046745
0 0.344979 0.395464 0.039967 0.080402
0 0.293969 0.407618 0.076779 0.09723
0 0.168283 0.462777 0.153558 0.185111
0 0.046979 0.472438 0.092555 0.321607
0 0.438762 0.36804 0.01788 0.020568
0 0.452961 0.378324 0.012621 0.033657
0 0.470841 0.385804 0.023139 0.048615
0 0.495031 0.410111 0.039967 0.052355
0 0.57181 0.430679 0.096763 0.138366
0 0.515541 0.426004 0.032605 0.084141
0 0.638598 0.488643 0.120953 0.183241
0 0.816888 0.577542 0.360756 0.334695
