5 0.530161 0.499687 0.010547 0.060937
5 0.404917 0.492656 0.026367 0.135937
5 0.39503 0.480937 0.017139 0.126562
5 0.375254 0.482109 0.027686 0.114844
5 0.377891 0.495 0.022412 0.126562
0 0.555029 0.502734 0.018457 0.05625
0 0.575463 0.508593 0.046143 0.058594
0 0.59392 0.508593 0.051416 0.063281
0 0.616992 0.513281 0.031641 0.067969
0 0.678295 0.516797 0.11206 0.098437
0 0.335522 0.489843 0.07251 0.119531
0 0.315747 0.521484 0.069873 0.1875
2 0.350683 0.43125 0.121289 0.063281
2 0.773217 0.528515 0.188525 0.138281
0 0.150384 0.523125 0.300767 0.35625
