0 0.221029 0.465708 0.092778 0.113655
0 0.604615 0.450462 0.145794 0.14692
0 0.531718 0.436601 0.076405 0.108111
0 0.495465 0.440067 0.025728 0.079004
0 0.48377 0.441453 0.017932 0.0596
0 0.473635 0.443532 0.02105 0.047125
0 0.464279 0.444918 0.02261 0.044353
0 0.449855 0.442839 0.024949 0.031879
0 0.400524 0.437988 0.01758 0.038809
0 0.820962 0.506751 0.357069 0.391939
2 0.17581 0.444918 0.100574 0.141376
0 0.008186 0.52115 0.016373 0.135832
0 0.41828 0.44076 0.019491 0.041581
5 0.686868 0.399872 0.023389 0.090092
0 0.333726 0.461953 0.139746 0.227344
