0 0.579041 0.535308 0.040788 0.038389
0 0.853759 0.53744 0.076777 0.081043
5 0.790778 0.571564 0.03239 0.145024
0 0.734994 0.534241 0.103169 0.108768
0 0.528656 0.543839 0.059982 0.063981
0 0.387098 0.540639 0.031191 0.070379
0 0.204752 0.527843 0.03359 0.040521
0 0.174761 0.513981 0.038389 0.046919
0 0.094384 0.523578 0.026392 0.031991
0 0.117778 0.527843 0.041988 0.031991
0 0.314519 0.556635 0.097171 0.136493
0 0.44528 0.598222 0.13556 0.223934
3 0.969467 0.60462 0.061066 0.104502
3 0.912542 0.592891 0.076777 0.123697
