0 0.392833 0.502435 0.016389 0.021853
0 0.407174 0.502435 0.012292 0.021853
0 0.426978 0.503649 0.010926 0.019424
0 0.435173 0.501221 0.016389 0.024281
0 0.416735 0.502435 0.023218 0.026709
0 0.38259 0.502435 0.012292 0.016996
0 0.370298 0.503649 0.017755 0.019424
0 0.280839 0.502435 0.013658 0.036421
0 0.24328 0.501221 0.034145 0.043705
0 0.205038 0.503649 0.045071 0.048561
0 0.078276 0.517003 0.156553 0.167536
0 0.310204 0.510933 0.055997 0.072842
0 0.663941 0.481796 0.036876 0.024281
0 0.689891 0.480582 0.045071 0.031565
0 0.751352 0.480582 0.039608 0.031565
0 0.825787 0.475726 0.062826 0.036421
0 0.942561 0.474512 0.102434 0.038849
0 0.338202 0.502435 0.016389 0.026709
