0 0.222979 0.626488 0.08732 0.119199
0 0.3524 0.633419 0.032745 0.116427
0 0.371891 0.600847 0.015593 0.034651
0 0.385535 0.568968 0.028847 0.034651
0 0.493516 0.630647 0.038982 0.072074
0 0.5286 0.629954 0.034304 0.051283
0 0.579277 0.623716 0.073287 0.099795
0 0.428415 0.648665 0.125523 0.188501
0 0.298994 0.638963 0.089659 0.141376
5 0.675953 0.629261 0.017152 0.108111
5 0.894253 0.647279 0.029627 0.127515
5 0.9461 0.643121 0.038203 0.14692
5 0.974947 0.641042 0.035084 0.142762
5 0.913355 0.634112 0.02261 0.123357
5 0.665038 0.637577 0.010915 0.06653
