5 0.007798 0.547625 0.015597 0.079718
5 0.134523 0.424583 0.062388 0.270347
5 0.232979 0.441913 0.060438 0.294609
5 0.072136 0.423716 0.068237 0.320603
5 0.313401 0.416785 0.028269 0.084917
5 0.939552 0.429493 0.019821 0.020218
5 0.965222 0.488126 0.02632 0.131707
5 0.753202 0.463864 0.015597 0.065854
5 0.694226 0.454333 0.012673 0.050257
5 0.673267 0.456066 0.007798 0.043325
5 0.630863 0.451733 0.006824 0.041592
5 0.640611 0.452311 0.010723 0.045058
5 0.620628 0.448845 0.009748 0.041592
0 0.550929 0.44769 0.018521 0.024262
0 0.87749 0.504012 0.168642 0.161168
0 0.57335 0.448556 0.02437 0.036393
0 0.422579 0.564955 0.307064 0.408986
5 0.609021 0.447664 0.009439 0.033559
