0 0.110606 0.337006 0.099561 0.067549
0 0.261216 0.319219 0.042187 0.0375
0 0.311314 0.321562 0.026367 0.032812
0 0.398985 0.321562 0.022412 0.0375
0 0.466221 0.322734 0.011865 0.021094
0 0.457652 0.332109 0.013184 0.021094
0 0.448423 0.330937 0.01582 0.032812
0 0.493247 0.325078 0.010547 0.021094
0 0.509727 0.327422 0.014502 0.030469
0 0.545982 0.327422 0.010547 0.025781
0 0.556529 0.329765 0.01582 0.035156
0 0.371299 0.315703 0.032959 0.067969
0 0.040301 0.323906 0.080601 0.075
0 0.973789 0.572343 0.051416 0.178125
0 0.341636 0.341484 0.050098 0.058594
0 0.400962 0.345 0.050098 0.070312
0 0.433262 0.334453 0.019775 0.049219
0 0.4827 0.328594 0.021094 0.032812
0 0.525547 0.33914 0.030322 0.044531
0 0.577622 0.352031 0.063281 0.09375
