0 0.354153 0.387943 0.156789 0.189291
0 0.79527 0.408745 0.201252 0.193452
0 0.696984 0.371302 0.105306 0.143529
0 0.516208 0.343221 0.019891 0.029122
0 0.555991 0.33594 0.012871 0.022881
0 0.564766 0.3401 0.011701 0.022881
0 0.577637 0.34114 0.016381 0.045763
0 0.604548 0.34114 0.046803 0.058243
0 0.628535 0.358822 0.054993 0.072804
0 0.671827 0.324499 0.031592 0.049923
0 0.499242 0.34114 0.011701 0.024961
0 0.531419 0.3349 0.010531 0.024961
0 0.54195 0.3349 0.010531 0.020801
0 0.033743 0.399384 0.067486 0.083205
4 0.121309 0.404584 0.070204 0.052003
0 0.96844 0.357781 0.060844 0.074884
