0 0.192746 0.462372 0.075118 0.097122
0 0.331902 0.448497 0.015331 0.05203
0 0.482668 0.446763 0.03551 0.053417
0 0.562566 0.449191 0.028681 0.072842
0 0.72646 0.48197 0.151602 0.148112
0 0.611734 0.455261 0.099702 0.138399
0 0.531836 0.446763 0.030047 0.053417
0 0.425988 0.466187 0.096971 0.131115
0 0.275069 0.455261 0.117457 0.138399
0 0.092532 0.473472 0.140676 0.140827
0 0.871028 0.529317 0.25267 0.257374
0 0.411442 0.396988 0.024584 0.009712
0 0.382078 0.381205 0.012292 0.016996
0 0.367737 0.373921 0.013658 0.026709
0 0.493594 0.399416 0.019121 0.01214
0 0.515447 0.41277 0.013658 0.009712
