0 0.495687 0.49174 0.010763 0.019134
0 0.504656 0.488551 0.01435 0.025512
0 0.511233 0.501307 0.017938 0.029764
0 0.53814 0.516189 0.05501 0.080787
0 0.442471 0.483236 0.021526 0.040394
0 0.468182 0.513 0.053814 0.087165
1 0.404801 0.475795 0.029897 0.029764
0 0.426326 0.50237 0.037072 0.048898
0 0.342616 0.484299 0.017938 0.029764
0 0.322884 0.500244 0.038268 0.048898
0 0.373708 0.506622 0.072948 0.099921
0 0.196122 0.461977 0.023917 0.027638
0 0.240369 0.550205 0.19373 0.182835
0 0.122576 0.514063 0.147092 0.170079
0 0.022124 0.46304 0.027505 0.025512
0 0.053216 0.46304 0.032288 0.029764
0 0.027505 0.501307 0.05501 0.068032
0 0.013237 0.458575 0.026473 0.023386
5 0.640386 0.534685 0.02033 0.093543
