0 0.09123 0.535312 0.058008 0.046875
0 0.032168 0.542812 0.064336 0.061875
0 0.299531 0.522187 0.023203 0.024375
0 0.49064 0.516562 0.014766 0.024375
0 0.481676 0.51375 0.011602 0.015
0 0.416285 0.509062 0.013711 0.016875
0 0.426305 0.509062 0.010547 0.016875
0 0.447926 0.5175 0.009492 0.01875
0 0.397301 0.516562 0.01793 0.020625
0 0.376734 0.515625 0.018984 0.0225
0 0.409957 0.519375 0.01582 0.01875
0 0.360387 0.516562 0.024258 0.024375
0 0.237305 0.530937 0.105469 0.121875
0 0.43643 0.514875 0.021094 0.03375
0 0.50973 0.517687 0.030586 0.039375
0 0.464906 0.513 0.023203 0.0375
0 0.880664 0.625312 0.23625 0.481875
