5 0.550547 0.424687 0.01793 0.0675
5 0.502709 0.435803 0.013711 0.07125
2 0.480937 0.469553 0.118125 0.1125
0 0.57164 0.471562 0.054844 0.045
0 0.347519 0.489937 0.011602 0.016875
0 0.354902 0.488062 0.009492 0.020625
0 0.362812 0.484312 0.012656 0.016875
0 0.366428 0.487098 0.012656 0.016875
0 0.377578 0.488169 0.012656 0.028125
0 0.394453 0.479598 0.029531 0.050625
0 0.32168 0.484375 0.010547 0.01875
0 0.328535 0.488973 0.011602 0.020625
0 0.256434 0.481875 0.014766 0.01875
0 0.236395 0.48375 0.025312 0.03
0 0.192098 0.47625 0.025312 0.06
0 0.166786 0.490312 0.042187 0.058125
0 0.127235 0.484687 0.022148 0.046875
0 0.090848 0.489375 0.059062 0.075
0 0.038641 0.496875 0.053789 0.0675
0 0.015893 0.515625 0.031786 0.10125
