0 0.671643 0.479172 0.060438 0.088383
0 0.490328 0.434114 0.013647 0.019063
0 0.503976 0.439313 0.027295 0.022529
0 0.746703 0.502568 0.10138 0.097048
0 0.41673 0.418518 0.010723 0.015597
0 0.411856 0.424583 0.014622 0.020796
0 0.40357 0.432381 0.021446 0.022529
0 0.397234 0.439313 0.022421 0.015597
0 0.393335 0.452311 0.018521 0.024262
0 0.300728 0.454044 0.020471 0.024262
0 0.218844 0.502568 0.135498 0.221823
0 0.265148 0.441046 0.037043 0.067587
0 0.364578 0.450578 0.033143 0.048524
5 0.548817 0.45491 0.005849 0.039859
5 0.555153 0.465308 0.006824 0.022529
0 0.502026 0.47224 0.04874 0.053723
0 0.586347 0.47224 0.041917 0.050257
1 0.452798 0.42025 0.02632 0.043325
0 0.428915 0.415918 0.011698 0.010398
0 0.339233 0.466175 0.042892 0.065854
0 0.897798 0.517298 0.20276 0.175032
0 0.111615 0.571887 0.223231 0.291143
