0 0.559201 0.559099 0.04132 0.027751
0 0.579402 0.587666 0.061521 0.035913
0 0.652861 0.600726 0.048666 0.042443
0 0.617542 0.608888 0.099103 0.068561
0 0.688409 0.576123 0.012855 0.031016
0 0.705855 0.576939 0.033056 0.026119
0 0.729729 0.586734 0.05693 0.035913
0 0.755899 0.596528 0.057848 0.042443
0 0.897503 0.586734 0.029383 0.026119
0 0.810599 0.58102 0.039484 0.017956
0 0.797285 0.607139 0.020201 0.044075
0 0.849624 0.575307 0.044075 0.019589
0 0.814731 0.614484 0.040402 0.039178
0 0.845033 0.612036 0.058767 0.060399
0 0.893568 0.627544 0.095233 0.062031
0 0.94958 0.589182 0.012855 0.021221
0 0.977126 0.590815 0.038566 0.027751
0 0.965517 0.618682 0.067031 0.032648
0 0.963681 0.644801 0.070704 0.032648
0 0.878745 0.581953 0.020201 0.021221
