0 0.517859 0.432583 0.009597 0.014929
0 0.505262 0.431516 0.008398 0.017062
0 0.467474 0.44218 0.028791 0.038389
0 0.432084 0.440047 0.025193 0.034123
0 0.410491 0.44218 0.017995 0.038389
0 0.397295 0.444312 0.017995 0.042654
0 0.330114 0.454976 0.140358 0.170616
0 0.098177 0.52109 0.196354 0.375355
0 0.538253 0.44218 0.045586 0.068246
0 0.578441 0.438981 0.029991 0.049052
0 0.589238 0.447512 0.03239 0.053317
0 0.612631 0.459241 0.064781 0.081043
0 0.651619 0.476303 0.094772 0.089573
0 0.836964 0.486966 0.086374 0.10237
0 0.948473 0.491232 0.103054 0.10237
