0 0.023158 0.588105 0.040168 0.096064
2 0.934941 0.60535 0.128156 0.063759
2 0.852999 0.60365 0.040647 0.062059
0 0.794317 0.616827 0.142981 0.06971
5 0.595285 0.596424 0.011477 0.037406
5 0.587566 0.593024 0.007651 0.034005
5 0.580632 0.590898 0.006217 0.039956
0 0.67166 0.651257 0.128156 0.138571
0 0.354821 0.569949 0.014346 0.037406
0 0.384264 0.576568 0.026779 0.039956
0 0.339314 0.575292 0.028692 0.049307
0 0.278105 0.568066 0.012433 0.016152
0 0.302971 0.585069 0.060253 0.072261
0 0.41463 0.585494 0.047341 0.073111
1 0.152392 0.524269 0.248184 0.354502
