6 0.1866 0.588631 0.013658 0.06313
3 0.188649 0.609269 0.034145 0.041277
3 0.175674 0.609269 0.021853 0.036421
0 0.210501 0.603199 0.017755 0.029137
0 0.278108 0.587417 0.008195 0.021853
0 0.286985 0.584989 0.017755 0.026709
0 0.384639 0.591059 0.010926 0.019424
0 0.457025 0.583775 0.038242 0.082554
0 0.480244 0.611698 0.049168 0.070414
0 0.368249 0.603199 0.038242 0.048561
0 0.24806 0.610484 0.060094 0.077698
0 0.312935 0.617768 0.07785 0.092266
0 0.416052 0.616554 0.073752 0.104407
2 0.569702 0.637192 0.143407 0.179676
0 0.092617 0.70275 0.185234 0.4759
5 0.637992 0.592273 0.006829 0.031565
5 0.645503 0.595915 0.010926 0.029137
0 0.697403 0.584989 0.027316 0.026709
0 0.945976 0.589845 0.030047 0.036421
