0 0.441775 0.527689 0.014328 0.028019
0 0.448223 0.534057 0.015761 0.03566
0 0.453954 0.532783 0.027223 0.043302
0 0.465416 0.534057 0.038685 0.056038
0 0.476162 0.540425 0.042984 0.058585
0 0.536339 0.551887 0.094564 0.132453
0 0.681767 0.627029 0.222082 0.262359
0 0.402374 0.533633 0.012895 0.028019
0 0.390911 0.53618 0.012895 0.028019
0 0.379449 0.53618 0.018626 0.028019
0 0.370136 0.533633 0.020059 0.033113
0 0.31569 0.537453 0.02579 0.056038
0 0.14304 0.576934 0.107459 0.119717
0 0.284169 0.538727 0.054446 0.068774
0 0.420283 0.541274 0.037252 0.053491
0 0.061132 0.599859 0.122264 0.170661
0 0.841522 0.743774 0.315213 0.509434
0 0.345779 0.537453 0.057311 0.074717
