0 0.054102 0.592683 0.108204 0.124775
0 0.15012 0.603948 0.093582 0.074519
0 0.212021 0.605681 0.041917 0.050257
0 0.239315 0.606547 0.02437 0.038126
0 0.259786 0.599615 0.012673 0.027728
0 0.335821 0.612613 0.041917 0.077985
0 0.36994 0.61088 0.032169 0.050257
0 0.384074 0.597016 0.033143 0.050257
0 0.411369 0.603081 0.015597 0.020796
0 0.597557 0.597016 0.038992 0.046791
0 0.608768 0.630809 0.049715 0.076252
0 0.639961 0.629076 0.059463 0.100514
0 0.879277 0.69493 0.218357 0.190629
0 0.969934 0.725257 0.058488 0.206226
0 0.29293 0.639474 0.102355 0.121309
0 0.479605 0.65767 0.148171 0.244352
0 0.547355 0.599615 0.012673 0.027728
0 0.710271 0.642156 0.119269 0.135763
