0 0.43571 0.361698 0.021492 0.030566
0 0.152305 0.390991 0.093131 0.094245
0 0.2867 0.379529 0.044416 0.091698
0 0.420665 0.362972 0.020059 0.043302
0 0.585436 0.373161 0.02579 0.033113
0 0.550332 0.360425 0.015761 0.033113
0 0.339427 0.394812 0.038685 0.076415
0 0.497749 0.355331 0.017193 0.022925
0 0.225234 0.383349 0.111757 0.119717
0 0.385992 0.370614 0.060177 0.09934
0 0.645613 0.38717 0.074505 0.096793
0 0.720834 0.411368 0.104593 0.109528
6 0.46193 0.350236 0.028656 0.028019
6 0.307332 0.384623 0.038685 0.137547
0 0.606784 0.384623 0.044416 0.061132
0 0.527981 0.36743 0.037252 0.040755
4 0.308765 0.419647 0.041551 0.084057
