0 0.13244 0.759672 0.264243 0.26796
0 0.811686 0.629539 0.163282 0.246862
0 0.287025 0.695063 0.076727 0.079798
0 0.356734 0.69597 0.064397 0.058942
0 0.415927 0.684521 0.052283 0.053275
0 0.465975 0.679534 0.049095 0.044207
0 0.507525 0.668766 0.03698 0.031738
0 0.537492 0.667632 0.021678 0.031738
0 0.55917 0.659131 0.021678 0.01927
0 0.589881 0.651763 0.023591 0.020403
0 0.61411 0.646096 0.024866 0.02267
0 0.653075 0.638712 0.026852 0.024741
0 0.688425 0.634843 0.01594 0.023804
0 0.893352 0.781176 0.177596 0.212298
