0 0.409391 0.311862 0.007749 0.02602
0 0.359885 0.304975 0.024107 0.018367
0 0.334056 0.301148 0.039605 0.032143
0 0.323294 0.307271 0.030134 0.02602
0 0.307797 0.311097 0.028412 0.027551
0 0.274219 0.314924 0.050797 0.056633
0 0.254847 0.313393 0.055102 0.071939
0 0.096604 0.322493 0.172585 0.080085
0 0.507542 0.314158 0.009471 0.018367
0 0.467507 0.309566 0.005166 0.018367
0 0.464063 0.311097 0.006888 0.018367
0 0.444691 0.312628 0.007749 0.015306
0 0.45287 0.314158 0.015497 0.02602
0 0.47913 0.313393 0.01808 0.030612
0 0.529066 0.325638 0.042188 0.055102
0 0.832988 0.353954 0.19544 0.194388
1 0.475686 0.295791 0.012915 0.012245
1 0.569101 0.295791 0.05338 0.10102
1 0.495919 0.304975 0.015497 0.027551
5 0.711592 0.317985 0.012915 0.068878
5 0.644866 0.313393 0.010332 0.035204
5 0.668974 0.307271 0.006888 0.05051
5 0.769707 0.304975 0.015497 0.039796
5 0.91026 0.304209 0.027551 0.059694
5 0.940825 0.333291 0.030134 0.157653
5 0.659933 0.317143 0.009471 0.061225
5 0.689637 0.318674 0.017219 0.064286
5 0.725367 0.319439 0.014636 0.068878
