0 0.475584 0.478876 0.014034 0.020791
0 0.463889 0.474024 0.009356 0.019405
0 0.453286 0.474717 0.014034 0.023563
0 0.442371 0.478876 0.018711 0.040195
0 0.430286 0.482341 0.02105 0.049897
0 0.418592 0.486499 0.028847 0.047125
0 0.408066 0.493429 0.032745 0.058214
0 0.399101 0.497587 0.039762 0.069302
0 0.390135 0.503131 0.032745 0.069302
0 0.359339 0.505903 0.074066 0.091478
0 0.505522 0.485113 0.018711 0.033265
0 0.521115 0.486499 0.015593 0.033265
0 0.535928 0.49135 0.029627 0.051283
0 0.550352 0.494815 0.02105 0.063758
0 0.579588 0.49828 0.048338 0.08732
0 0.626757 0.510061 0.105252 0.105339
