0 0.270251 0.391374 0.033974 0.016324
0 0.302848 0.411779 0.02571 0.04081
0 0.142158 0.406066 0.033056 0.042443
0 0.185774 0.417493 0.067031 0.065296
0 0.257396 0.426471 0.079886 0.073458
0 0.03243 0.419941 0.063358 0.04734
0 0.549625 0.411366 0.009182 0.022854
0 0.609769 0.409734 0.011937 0.022854
0 0.595996 0.413815 0.021119 0.034281
0 0.566394 0.416264 0.021119 0.026119
0 0.63067 0.412183 0.022956 0.034281
0 0.53242 0.606439 0.252513 0.350967
0 0.849821 0.61705 0.292915 0.368924
0 0.145131 0.615026 0.287406 0.390145
