0 0.070674 0.575353 0.112103 0.076252
0 0.007311 0.577953 0.012673 0.036393
0 0.135986 0.568421 0.018521 0.020796
0 0.154507 0.562356 0.020471 0.025995
0 0.16328 0.542426 0.096506 0.045058
0 0.217382 0.529429 0.076035 0.039859
2 0.238341 0.5069 0.084808 0.043325
0 0.973833 0.477439 0.04874 0.171566
0 0.905109 0.461842 0.186188 0.22009
0 0.89 0.417651 0.218357 0.173299
0 0.517623 0.467908 0.025345 0.038126
0 0.468395 0.476573 0.012673 0.01733
0 0.383099 0.493903 0.017547 0.024262
0 0.411856 0.490437 0.014622 0.01733
0 0.434764 0.486104 0.015597 0.019063
0 0.362141 0.499968 0.018521 0.019063
0 0.546867 0.45751 0.017547 0.024262
0 0.494715 0.47224 0.010723 0.015597
0 0.479118 0.470507 0.004874 0.015597
0 0.448899 0.480905 0.010723 0.012131
0 0.456697 0.477439 0.008773 0.015597
0 0.395285 0.491303 0.006824 0.022529
