0 0.046363 0.531487 0.091788 0.276535
0 0.085553 0.517895 0.062911 0.154011
0 0.11443 0.512395 0.029908 0.09534
0 0.133509 0.501394 0.018564 0.069672
0 0.15001 0.49406 0.026814 0.069672
0 0.168574 0.490394 0.018564 0.051337
0 0.184044 0.481226 0.012376 0.051337
0 0.195904 0.482143 0.013407 0.031169
0 0.209311 0.477559 0.01547 0.029335
0 0.769835 0.593067 0.457907 0.297021
0 0.482096 0.538064 0.162949 0.183346
0 0.388761 0.516979 0.077349 0.111841
0 0.351634 0.502311 0.05466 0.111841
0 0.320694 0.49406 0.034034 0.088006
0 0.303162 0.501394 0.02372 0.066005
0 0.288208 0.49131 0.020626 0.060504
0 0.273769 0.461975 0.012376 0.009167
0 0.261393 0.487643 0.016501 0.031169
0 0.247986 0.48306 0.012376 0.022002
