5 0.733804 0.286071 0.012398 0.060612
5 0.758083 0.294337 0.015497 0.08449
5 0.776164 0.290663 0.016531 0.080816
5 0.795277 0.28699 0.017564 0.08449
5 0.815941 0.264031 0.017564 0.049592
6 0.590194 0.2925 0.015497 0.055102
3 0.588128 0.274133 0.015497 0.128571
5 0.403967 0.296173 0.007232 0.033061
0 0.284378 0.314541 0.02273 0.022041
0 0.264231 0.311786 0.023763 0.023878
0 0.239952 0.311786 0.026862 0.027551
0 0.227038 0.306275 0.021696 0.023878
0 0.144901 0.310867 0.034094 0.022041
0 0.46544 0.289745 0.009298 0.023878
0 0.460274 0.293418 0.015497 0.020204
0 0.455108 0.300765 0.021696 0.038571
0 0.563332 0.269541 0.01963 0.023878
0 0.529754 0.264949 0.012398 0.01102
0 0.535437 0.272296 0.017564 0.01102
0 0.532337 0.305357 0.021696 0.051429
0 0.556617 0.299847 0.024796 0.040408
0 0.603626 0.289745 0.025829 0.049592
0 0.083686 0.360459 0.167372 0.161633
5 0.993645 0.296173 0.012398 0.124898
0 0.438836 0.309949 0.037194 0.049592
0 0.496693 0.33199 0.080587 0.104694
1 0.665615 0.256684 0.130179 0.192857
1 0.503925 0.255765 0.037194 0.036735
