0 0.538439 0.395224 0.031592 0.037442
0 0.519718 0.396264 0.022231 0.043683
0 0.487541 0.399384 0.063184 0.083205
0 0.410902 0.416025 0.099456 0.116487
0 0.313786 0.454507 0.097116 0.131048
0 0.219595 0.463868 0.112327 0.212173
0 0.112138 0.520031 0.224276 0.366102
0 0.639651 0.379623 0.035102 0.039522
0 0.670072 0.378583 0.021061 0.037442
0 0.689964 0.377543 0.023401 0.047843
0 0.704589 0.380663 0.029252 0.054083
0 0.714535 0.393144 0.030422 0.054083
0 0.737936 0.396264 0.053823 0.072804
0 0.791175 0.402504 0.106476 0.076965
0 0.921637 0.49819 0.152109 0.309939
0 0.834467 0.553313 0.249225 0.299538
