0 0.394965 0.518588 0.016633 0.038746
0 0.409591 0.518588 0.022942 0.046903
0 0.43368 0.519607 0.041295 0.067296
0 0.436834 0.530313 0.029251 0.068316
0 0.333883 0.500234 0.018353 0.026511
0 0.239534 0.509921 0.018927 0.029569
0 0.217166 0.495136 0.021221 0.02855
0 0.20082 0.501764 0.02753 0.041805
0 0.143179 0.494116 0.041869 0.016314
0 0.472398 0.53762 0.07112 0.090748
0 0.341626 0.516446 0.029251 0.037727
0 0.313522 0.510838 0.029251 0.042825
0 0.274234 0.521035 0.036707 0.042825
0 0.159525 0.537859 0.096356 0.098905
0 0.04436 0.573206 0.08872 0.186594
