0 0.108324 0.700322 0.216647 0.354497
0 0.988998 0.685753 0.020487 0.116547
0 0.228257 0.598343 0.184381 0.23795
0 0.308838 0.56435 0.11336 0.160252
0 0.366884 0.55221 0.054631 0.116547
0 0.905002 0.614126 0.188478 0.172392
0 0.802568 0.577705 0.122921 0.114119
2 0.674185 0.565564 0.136578 0.16268
5 0.72267 0.519431 0.012292 0.026709
5 0.756132 0.524287 0.027316 0.046133
5 0.783448 0.506077 0.021853 0.033993
0 0.415369 0.54007 0.036876 0.053417
0 0.431758 0.515789 0.020487 0.024281
2 0.461123 0.489081 0.024584 0.043705
2 0.523266 0.467228 0.096971 0.092266
0 0.508242 0.638406 0.211696 0.332644
0 0.591555 0.542498 0.020487 0.029137
0 0.610676 0.547354 0.023218 0.038849
0 0.577897 0.534 0.012292 0.026709
