0 0.469517 0.636796 0.01582 0.025781
0 0.458311 0.634453 0.017139 0.035156
0 0.439854 0.634453 0.030322 0.058594
0 0.417442 0.641484 0.030322 0.058594
0 0.389097 0.642656 0.039551 0.09375
0 0.333067 0.627421 0.09624 0.166406
0 0.222325 0.65789 0.235986 0.250781
0 0.52291 0.633281 0.014502 0.032812
0 0.532139 0.635625 0.017139 0.032812
0 0.541367 0.63914 0.022412 0.049219
0 0.561802 0.645 0.031641 0.060937
0 0.584873 0.637968 0.040869 0.103125
0 0.639585 0.652031 0.105469 0.13125
0 0.065349 0.687187 0.130699 0.389062
0 0.891392 0.753984 0.216211 0.321094
