5 0.050211 0.545781 0.021997 0.112217
5 0.085119 0.542381 0.021041 0.098615
5 0.091814 0.53983 0.011477 0.093514
5 0.100899 0.53558 0.012433 0.081612
5 0.151588 0.528779 0.014346 0.088413
5 0.142024 0.515177 0.012433 0.051008
5 0.137242 0.53643 0.016259 0.100315
5 0.129591 0.532179 0.016259 0.088413
5 0.216145 0.516027 0.015302 0.06971
5 0.208972 0.524528 0.012433 0.096914
5 0.172629 0.518577 0.012433 0.06801
5 0.538449 0.504125 0.017215 0.103715
5 0.82967 0.476921 0.018171 0.096914
5 0.807673 0.47267 0.021997 0.098615
5 0.777547 0.482022 0.021041 0.100315
5 0.792371 0.484572 0.021997 0.102015
5 0.840191 0.447166 0.020084 0.06801
5 0.870699 0.477771 0.026779 0.129219
5 0.549734 0.506675 0.019128 0.098615
5 0.201321 0.53558 0.027735 0.122418
5 0.069338 0.547481 0.027735 0.122418
5 0.112854 0.546631 0.022953 0.141121
5 0.025344 0.550882 0.025823 0.125819
5 0.181715 0.533029 0.015302 0.090113
5 0.112854 0.53983 0.024866 0.127519
5 0.904173 0.481172 0.036343 0.13602
5 0.976859 0.477771 0.030605 0.13262
5 0.849659 0.496474 0.038256 0.142821
5 0.757845 0.487973 0.024866 0.119018
5 0.721024 0.499024 0.025823 0.103715
2 0.244836 0.508418 0.038256 0.095979
0 0.28357 0.529204 0.054514 0.078212
0 0.405642 0.586417 0.235272 0.351952
0 0.944437 0.420813 0.110941 0.193829
