0 0.408444 0.648139 0.021446 0.027728
0 0.429403 0.656804 0.020471 0.045058
0 0.445 0.662003 0.032169 0.065854
0 0.470832 0.666335 0.044841 0.109178
0 0.526884 0.668068 0.106254 0.157702
0 0.619978 0.71226 0.185213 0.214891
0 0.823225 0.713126 0.351906 0.240886
0 0.345569 0.644673 0.014622 0.020796
0 0.311451 0.642073 0.036068 0.050257
0 0.288543 0.642073 0.015597 0.043325
0 0.275383 0.648139 0.022421 0.045058
0 0.241265 0.65767 0.049715 0.053723
0 0.183264 0.65767 0.066287 0.102247
0 0.105279 0.670668 0.132574 0.131707
