0 0.101396 0.403745 0.201543 0.242933
0 0.107635 0.308347 0.132906 0.080978
0 0.179704 0.327204 0.038686 0.061011
0 0.263628 0.306683 0.04555 0.064339
0 0.283908 0.330532 0.046174 0.074322
0 0.380935 0.329423 0.011855 0.027732
0 0.368456 0.327204 0.015599 0.032169
0 0.355352 0.331087 0.030575 0.044371
0 0.22619 0.329978 0.064269 0.066557
0 0.320722 0.350499 0.078621 0.094289
0 0.394975 0.327204 0.027455 0.065448
0 0.449884 0.332196 0.086108 0.157518
0 0.49247 0.317255 0.00624 0.018858
0 0.531157 0.312264 0.00624 0.008874
0 0.522733 0.314482 0.011855 0.01553
0 0.514309 0.315037 0.008736 0.016639
0 0.506198 0.315592 0.009984 0.017749
0 0.500894 0.320583 0.018095 0.029951
0 0.54114 0.307272 0.004992 0.007765
0 0.555492 0.306163 0.00624 0.012202
0 0.578267 0.305608 0.006864 0.008874
