0 0.400303 0.636328 0.009229 0.025781
0 0.38646 0.633984 0.010547 0.021094
0 0.371958 0.635156 0.010547 0.01875
0 0.35482 0.639843 0.013184 0.023437
0 0.31461 0.638671 0.017139 0.016406
0 0.284288 0.644531 0.011865 0.023437
0 0.259898 0.646875 0.026367 0.028125
0 0.229576 0.651562 0.021094 0.032812
0 0.195958 0.660937 0.027686 0.0375
2 0.162339 0.638671 0.068555 0.082031
0 0.427329 0.638671 0.01582 0.030469
0 0.44315 0.6375 0.01582 0.01875
0 0.463584 0.636328 0.014502 0.021094
0 0.549278 0.641015 0.046143 0.039844
0 0.516319 0.642187 0.025049 0.0375
0 0.495884 0.6375 0.013184 0.028125
0 0.478086 0.643359 0.027686 0.044531
0 0.640244 0.666796 0.122607 0.128906
0 0.411509 0.636328 0.013184 0.025781
