0 0.495524 0.54839 0.007722 0.013729
0 0.50625 0.555254 0.012013 0.015254
0 0.445328 0.558305 0.025742 0.033559
0 0.541001 0.575847 0.014587 0.041186
0 0.553443 0.579661 0.018877 0.048814
0 0.57661 0.579661 0.03089 0.076271
0 0.623374 0.589576 0.076367 0.114407
0 0.675286 0.588813 0.06178 0.118983
0 0.843378 0.668135 0.311472 0.317288
0 0.08366 0.632135 0.165604 0.213559
0 0.38741 0.570356 0.023167 0.038136
0 0.366817 0.574169 0.028316 0.045763
0 0.341504 0.583322 0.046335 0.045763
0 0.266854 0.596288 0.102966 0.086949
0 0.196923 0.610017 0.062638 0.117458
