0 0.459685 0.502217 0.015761 0.022925
0 0.481893 0.50434 0.020059 0.030566
0 0.397359 0.529812 0.028656 0.050943
0 0.684632 0.529812 0.03582 0.040755
0 0.297064 0.496699 0.034387 0.045849
0 0.338068 0.529137 0.070546 0.085255
0 0.440161 0.526815 0.056949 0.068724
0 0.488341 0.529387 0.021492 0.058585
0 0.517713 0.529812 0.057311 0.08151
0 0.569293 0.527265 0.040118 0.056038
0 0.215395 0.568019 0.214918 0.219057
5 0.625888 0.52217 0.010029 0.050943
5 0.638067 0.5175 0.008597 0.043302
0 0.033482 0.550189 0.066965 0.061132
