0 0.454764 0.483722 0.008608 0.015302
0 0.464807 0.484572 0.007651 0.017003
0 0.473892 0.486272 0.012433 0.020403
0 0.488238 0.486272 0.012433 0.023804
0 0.415074 0.484572 0.019128 0.017003
0 0.397381 0.483722 0.018171 0.022103
1 0.376022 0.47097 0.029648 0.051008
0 0.348764 0.485989 0.030605 0.032305
0 0.166093 0.522544 0.177889 0.180227
0 0.679285 0.538697 0.143604 0.168325
2 0.248343 0.392475 0.174063 0.321348
0 0.431652 0.484289 0.009564 0.018703
0 0.443607 0.481738 0.01052 0.020403
0 0.511989 0.486839 0.026779 0.030605
0 0.565068 0.503842 0.073642 0.091814
0 0.072845 0.436115 0.14059 0.355353
0 0.863941 0.468136 0.271615 0.646096
