0 0.300427 0.462832 0.013093 0.019695
0 0.264673 0.473574 0.0282 0.034019
0 0.226403 0.486108 0.040285 0.030438
0 0.211296 0.477155 0.016114 0.019695
0 0.179067 0.490786 0.026185 0.029052
0 0.142811 0.511174 0.064456 0.044761
0 0.059219 0.53445 0.092656 0.066247
0 0.015097 0.530869 0.029831 0.048342
0 0.007453 0.565783 0.014905 0.057294
0 0.433368 0.430604 0.013093 0.026857
0 0.463078 0.425232 0.0141 0.023276
0 0.477681 0.415385 0.009064 0.025066
0 0.489263 0.415385 0.016114 0.028647
0 0.502356 0.422547 0.020143 0.035809
0 0.545662 0.43508 0.082585 0.107427
0 0.603069 0.409118 0.054385 0.109218
0 0.654746 0.412886 0.07251 0.123915
0 0.757159 0.409118 0.179269 0.195159
0 0.893939 0.419861 0.211117 0.309748
