0 0.31535 0.508113 0.057514 0.072786
0 0.50495 0.500315 0.044841 0.053723
0 0.085783 0.568768 0.169617 0.343132
0 0.669206 0.547105 0.139398 0.129974
5 0.152557 0.478652 0.02632 0.083184
5 0.192037 0.499448 0.029244 0.097048
0 0.350931 0.495982 0.027295 0.06932
0 0.361166 0.476919 0.039967 0.083184
1 0.477656 0.470854 0.046791 0.071053
0 0.384562 0.48905 0.008773 0.027728
0 0.391873 0.487317 0.011698 0.031194
0 0.447437 0.482118 0.013647 0.041592
1 0.399671 0.480385 0.017547 0.041592
0 0.427453 0.48905 0.012673 0.013864
0 0.417218 0.490783 0.009748 0.01733
