0 0.435473 0.365062 0.010531 0.014561
0 0.426113 0.367142 0.010531 0.018721
0 0.432548 0.377543 0.011701 0.010401
0 0.442494 0.387943 0.015211 0.018721
0 0.395691 0.372342 0.015211 0.012481
0 0.399786 0.357781 0.009361 0.016641
0 0.413242 0.368182 0.010531 0.012481
0 0.300915 0.359862 0.010531 0.012481
0 0.29214 0.364022 0.009361 0.012481
0 0.278684 0.367142 0.010531 0.014561
0 0.249432 0.381703 0.019891 0.027042
0 0.244752 0.365062 0.012871 0.014561
0 0.214915 0.375463 0.011701 0.018721
0 0.207895 0.381703 0.009361 0.014561
0 0.199119 0.382743 0.00819 0.016641
0 0.185663 0.385863 0.016381 0.022881
0 0.162262 0.386903 0.023401 0.024961
0 0.263473 0.386903 0.019891 0.033282
0 0.403296 0.359862 0.009361 0.012481
0 0.412657 0.378583 0.011701 0.016641
0 0.395691 0.390023 0.015211 0.027042
0 0.429038 0.400424 0.021061 0.027042
0 0.471745 0.403544 0.026912 0.033282
0 0.530834 0.452117 0.105306 0.152469
0 0.037064 0.403544 0.023401 0.033282
0 0.836807 0.450347 0.090095 0.081125
0 0.718045 0.427466 0.051483 0.047843
2 0.650181 0.402504 0.070204 0.093606
0 0.599283 0.418105 0.031592 0.045763
0 0.003321 0.401464 0.006643 0.041602
5 0.604548 0.418105 0.011701 0.045763
5 0.592263 0.420185 0.010531 0.049923
