0 0.418707 0.613637 0.009004 0.028459
0 0.407201 0.614526 0.018009 0.033794
0 0.429212 0.618083 0.024012 0.037352
0 0.509252 0.608301 0.022011 0.017787
0 0.513254 0.626087 0.026013 0.035573
0 0.560277 0.617194 0.016008 0.021344
0 0.472634 0.632312 0.066833 0.104941
0 0.337667 0.62253 0.02101 0.035573
0 0.370683 0.634091 0.071035 0.090711
0 0.306151 0.641206 0.058029 0.06581
0 0.804698 0.670909 0.311154 0.174308
0 0.979784 0.679803 0.039019 0.099605
0 0.977283 0.738498 0.044022 0.120949
5 0.550522 0.617194 0.013006 0.030237
5 0.552523 0.630534 0.011005 0.046245
5 0.593043 0.626087 0.012006 0.055138
5 0.602047 0.630534 0.018009 0.074704
5 0.643568 0.626087 0.017008 0.058696
3 0.216007 0.655969 0.02101 0.042688
3 0.227012 0.663083 0.023011 0.035573
