5 0.171421 0.469755 0.023862 0.089834
5 0.830786 0.393646 0.043513 0.177172
2 0.933357 0.397514 0.131241 0.112292
0 0.334858 0.432235 0.032986 0.049908
0 0.452965 0.421006 0.035793 0.042421
0 0.51999 0.42163 0.014037 0.031192
0 0.545255 0.421006 0.008422 0.029945
0 0.482442 0.440969 0.076499 0.069871
0 0.300319 0.442217 0.037899 0.029945
0 0.259613 0.446584 0.044917 0.041174
0 0.195396 0.461556 0.028775 0.043669
0 0.359222 0.42974 0.031582 0.022458
0 0.387245 0.455228 0.124925 0.084843
0 0.560646 0.425908 0.031582 0.046164
0 0.027963 0.494501 0.055444 0.067375
