5 0.347569 0.319219 0.019775 0.042187
5 0.331089 0.318047 0.018457 0.049219
0 0.513682 0.341484 0.009229 0.021094
0 0.50709 0.348515 0.009229 0.025781
0 0.494566 0.347344 0.018457 0.028125
0 0.525547 0.341484 0.019775 0.035156
0 0.45897 0.347344 0.058008 0.103125
0 0.436558 0.366093 0.076465 0.103125
0 0.373277 0.42 0.084375 0.164062
0 0.232212 0.444609 0.271582 0.325781
0 0.58751 0.340312 0.017139 0.028125
0 0.590806 0.352031 0.013184 0.0375
0 0.597398 0.352031 0.018457 0.051562
0 0.609263 0.353203 0.021094 0.053906
0 0.624424 0.362578 0.038232 0.072656
0 0.649473 0.369609 0.046143 0.077344
0 0.671885 0.377812 0.043506 0.084375
0 0.710117 0.383672 0.085693 0.128906
0 0.787241 0.410625 0.15293 0.178125
0 0.108196 0.554765 0.216392 0.550781
0 0.895347 0.483281 0.208301 0.225
0 0.555869 0.380156 0.07251 0.117187
