0 0.852863 0.379305 0.293656 0.362991
0 0.083164 0.291616 0.162887 0.191692
0 0.219095 0.247772 0.092914 0.095846
0 0.27989 0.22534 0.053913 0.075453
0 0.314877 0.204947 0.045884 0.067296
0 0.340686 0.198829 0.019501 0.050982
0 0.364202 0.187613 0.029824 0.053021
0 0.484646 0.189653 0.020648 0.0571
0 0.509882 0.193731 0.025236 0.061178
0 0.546589 0.215143 0.057355 0.091767
0 0.576987 0.241654 0.056208 0.108082
0 0.661872 0.278361 0.150269 0.177417
0 0.461283 0.182647 0.020846 0.031765
0 0.404702 0.181324 0.01489 0.023824
0 0.385346 0.182647 0.023824 0.026471
