0 0.051717 0.398088 0.10125 0.193729
0 0.05901 0.319529 0.047193 0.042712
0 0.082607 0.339359 0.048051 0.091525
0 0.320287 0.366817 0.032606 0.085424
0 0.4949 0.332495 0.007722 0.022881
1 0.51721 0.347749 0.045477 0.09
0 0.610308 0.384359 0.060064 0.086949
0 0.698687 0.420206 0.090953 0.112881
0 0.353731 0.356949 0.020593 0.056441
0 0.20885 0.384712 0.222407 0.290441
0 0.427138 0.417813 0.169894 0.263898
5 0.932958 0.445424 0.030032 0.134237
5 0.852731 0.439322 0.024025 0.128136
5 0.806825 0.437034 0.012871 0.099153
0 0.546407 0.358983 0.010297 0.040678
5 0.643795 0.388983 0.009439 0.048814
5 0.028144 0.280678 0.017161 0.048814
5 0.06976 0.273814 0.014587 0.038136
5 0.103653 0.27839 0.013729 0.041186
5 0.556615 0.353964 0.005849 0.024262
5 0.560027 0.355697 0.004874 0.020796
5 0.563926 0.359163 0.006824 0.027728
