0 0.467915 0.508026 0.022981 0.042632
0 0.397473 0.50625 0.029975 0.053289
0 0.386482 0.511579 0.02398 0.060395
0 0.357506 0.517796 0.073939 0.079934
0 0.35201 0.535559 0.04896 0.058618
0 0.261085 0.505362 0.132891 0.161645
0 0.242101 0.555099 0.098919 0.108355
0 0.200576 0.478717 0.116023 0.079934
0 0.056354 0.603059 0.112707 0.218487
0 0.103815 0.534671 0.207629 0.255789
0 0.596809 0.525789 0.022981 0.053289
0 0.670748 0.523125 0.140884 0.119013
0 0.821624 0.557763 0.226813 0.181184
0 0.920043 0.58352 0.159868 0.278882
0 0.503386 0.533783 0.067944 0.104803
