0 0.497463 0.331132 0.011462 0.030566
0 0.506776 0.329859 0.015761 0.028019
0 0.514656 0.331132 0.022925 0.03566
0 0.450181 0.341321 0.028656 0.040755
0 0.424391 0.340047 0.02579 0.038208
0 0.379974 0.350236 0.028656 0.038208
0 0.359199 0.347689 0.021492 0.033113
0 0.326245 0.355331 0.038685 0.033113
0 0.542309 0.342595 0.047282 0.058585
0 0.676704 0.328585 0.010029 0.030566
0 0.242141 0.382076 0.126085 0.147736
0 0.480556 0.345142 0.02579 0.038208
0 0.610796 0.365519 0.107459 0.119717
0 0.84348 0.469953 0.310914 0.517076
1 0.622401 0.300566 0.100295 0.112076
