0 0.424424 0.528733 0.008736 0.012202
0 0.416312 0.534834 0.007488 0.013311
0 0.407577 0.536498 0.011232 0.014421
0 0.401961 0.539826 0.008736 0.012202
0 0.390417 0.538716 0.020591 0.025514
0 0.371074 0.547036 0.024335 0.028841
0 0.300521 0.553137 0.027455 0.034388
0 0.318304 0.545927 0.010608 0.019967
0 0.262147 0.568112 0.048046 0.059901
0 0.335151 0.555356 0.041806 0.047699
0 0.444659 0.515421 0.007488 0.012202
0 0.443411 0.547591 0.038686 0.058792
0 0.473985 0.531506 0.008736 0.024404
0 0.150455 0.601945 0.147882 0.156409
0 0.564595 0.545372 0.071757 0.092071
2 0.510443 0.516689 0.064893 0.112038
