0 0.365062 0.457075 0.023401 0.022881
0 0.165565 0.491397 0.050313 0.049923
0 0.063184 0.517398 0.126367 0.079045
0 0.411173 0.485676 0.084245 0.100886
0 0.448323 0.448754 0.009946 0.014561
0 0.473479 0.455514 0.038027 0.061364
0 0.48986 0.451354 0.011116 0.038482
0 0.502731 0.440954 0.018136 0.036402
0 0.512677 0.448754 0.009946 0.027042
0 0.52818 0.443034 0.031592 0.055123
0 0.551694 0.470352 0.071374 0.099358
0 0.592646 0.435786 0.033932 0.056163
0 0.610197 0.439946 0.021061 0.060324
0 0.635061 0.442546 0.056748 0.073844
0 0.658463 0.417065 0.035687 0.043683
0 0.710043 0.439946 0.095946 0.114407
0 0.779175 0.405624 0.043878 0.079045
0 0.877259 0.457107 0.242204 0.319299
0 0.261966 0.540263 0.225823 0.222822
