0 0.038505 0.618678 0.07506 0.166367
0 0.080422 0.57362 0.110153 0.114377
0 0.239315 0.594416 0.225181 0.374326
0 0.794468 0.57362 0.208609 0.197561
1 0.615104 0.461842 0.144272 0.209692
0 0.519085 0.490437 0.038018 0.048524
0 0.411856 0.503434 0.051665 0.071053
0 0.326561 0.512099 0.040942 0.077985
0 0.348006 0.504301 0.021446 0.058922
0 0.377738 0.496502 0.030219 0.060655
0 0.452798 0.486971 0.030219 0.045058
2 0.382125 0.444512 0.035093 0.057189
2 0.335821 0.459243 0.043866 0.031194
5 0.876352 0.480039 0.033143 0.114377
5 0.853444 0.462709 0.018521 0.072786
5 0.831511 0.452311 0.019496 0.045058
5 0.815914 0.450578 0.019496 0.03466
5 0.979194 0.45751 0.020471 0.10398
5 0.928504 0.467908 0.02632 0.10398
5 0.950925 0.45491 0.018521 0.084917
5 0.787645 0.453177 0.011698 0.036393
5 0.699425 0.47224 0.016572 0.064121
5 0.725744 0.467908 0.014622 0.055456
5 0.743778 0.460976 0.013647 0.027728
5 0.489841 0.47484 0.006824 0.03466
5 0.482042 0.47484 0.006824 0.027728
