2 0.431488 0.392914 0.104768 0.04625
2 0.843414 0.41332 0.312009 0.432326
0 0.318764 0.399245 0.028295 0.024471
0 0.342853 0.41216 0.016824 0.023112
0 0.292381 0.420317 0.032119 0.050302
0 0.264851 0.427795 0.038236 0.059819
0 0.248409 0.435272 0.028295 0.063897
0 0.42162 0.414199 0.015295 0.02719
0 0.436915 0.41216 0.016824 0.025831
0 0.45565 0.414879 0.023707 0.033988
0 0.473239 0.41284 0.019118 0.02719
0 0.490828 0.416918 0.028295 0.038066
0 0.514152 0.418278 0.026001 0.040785
0 0.534035 0.432553 0.042825 0.066616
2 0.63243 0.44932 0.164417 0.180816
0 0.196535 0.428248 0.083355 0.11148
0 0.939486 0.603678 0.119298 0.269184
0 0.328312 0.417885 0.028295 0.035347
