5 0.492912 0.269072 0.009278 0.037113
5 0.701119 0.308956 0.032474 0.140206
0 0.367075 0.279588 0.010438 0.020619
0 0.358956 0.28268 0.012758 0.02268
0 0.351418 0.284742 0.011598 0.026804
0 0.33692 0.283711 0.026675 0.024742
0 0.259794 0.328041 0.032474 0.063918
0 0.22616 0.322887 0.053351 0.082474
0 0.198905 0.328041 0.05451 0.096907
0 0.425644 0.285773 0.018557 0.028866
0 0.39433 0.290928 0.041753 0.039175
0 0.433183 0.268247 0.010438 0.014433
0 0.443621 0.266186 0.010438 0.014433
0 0.44884 0.27134 0.011598 0.020619
0 0.453479 0.275464 0.016237 0.020619
0 0.376933 0.317732 0.039433 0.05567
0 0.488853 0.316701 0.019716 0.053608
0 0.50451 0.316701 0.027835 0.070103
0 0.510309 0.324949 0.018557 0.078351
0 0.545683 0.32268 0.075387 0.113402
0 0.465657 0.285567 0.024356 0.035052
0 0.435082 0.318969 0.039433 0.063918
0 0.324322 0.336495 0.080026 0.098969
0 0.586435 0.345773 0.105541 0.125773
2 0.137459 0.300709 0.067268 0.107217
0 0.100925 0.409987 0.200644 0.412371
0 0.928438 0.555348 0.139175 0.34433
