5 0.337022 0.293437 0.011865 0.051562
5 0.319224 0.280547 0.013184 0.049219
5 0.299449 0.271172 0.013184 0.030469
5 0.265171 0.26414 0.01582 0.044531
5 0.36123 0.292969 0.010547 0.049219
5 0.387597 0.3 0.005273 0.025781
5 0.379028 0.291797 0.006592 0.032812
5 0.375732 0.292969 0.005273 0.039844
5 0.39353 0.297656 0.006592 0.049219
0 0.415942 0.282756 0.011865 0.016406
0 0.408691 0.294475 0.01582 0.030469
0 0.400781 0.301506 0.01582 0.030469
0 0.431103 0.278069 0.01582 0.011719
0 0.446924 0.283928 0.00791 0.023437
0 0.456152 0.292131 0.013184 0.030469
0 0.464062 0.297991 0.021094 0.023437
0 0.475927 0.305022 0.013184 0.0375
0 0.481201 0.308538 0.021094 0.049219
0 0.53789 0.302678 0.010547 0.028125
0 0.548437 0.307366 0.021094 0.042187
0 0.561621 0.310881 0.029004 0.044531
0 0.284765 0.361272 0.110742 0.15
5 0.231372 0.276897 0.014502 0.046875
5 0.215552 0.273381 0.011865 0.021094
0 0.146997 0.401116 0.24917 0.257812
0 0.432603 0.311015 0.036914 0.058594
0 0.510386 0.32039 0.055371 0.091406
2 0.710776 0.367265 0.324316 0.382031
0 0.03305 0.565312 0.066099 0.370312
0 0.933379 0.418518 0.131599 0.15077
