0 0.044845 0.564449 0.068164 0.065906
0 0.009567 0.565512 0.019134 0.068032
0 0.313317 0.544252 0.016742 0.025512
0 0.293585 0.547441 0.02033 0.019134
0 0.262493 0.547441 0.017938 0.027638
0 0.242163 0.548504 0.025113 0.034016
0 0.434697 0.544252 0.010763 0.012756
0 0.412574 0.545315 0.011959 0.014882
0 0.478945 0.538937 0.013155 0.027638
0 0.489109 0.537874 0.011959 0.029764
0 0.502862 0.537874 0.025113 0.034016
0 0.454429 0.541063 0.023917 0.036142
0 0.402409 0.545315 0.013155 0.019134
0 0.423935 0.544252 0.010763 0.02126
0 0.891399 0.512362 0.035876 0.051024
0 0.861024 0.498543 0.045443 0.036142
0 0.811993 0.517677 0.081319 0.048898
0 0.760571 0.517677 0.043051 0.044646
0 0.71453 0.517677 0.068164 0.05315
0 0.656531 0.526181 0.045443 0.048898
5 0.915316 0.545315 0.031093 0.138189
