0 0.292286 0.536635 0.030501 0.037396
0 0.237068 0.541309 0.021035 0.031787
0 0.333831 0.53009 0.023139 0.028047
0 0.360651 0.527286 0.026294 0.033657
0 0.404615 0.51588 0.022087 0.028047
0 0.387786 0.516815 0.015776 0.018698
0 0.418813 0.513075 0.010518 0.011219
0 0.440901 0.514945 0.010518 0.011219
0 0.471928 0.507466 0.009466 0.014958
0 0.504532 0.506531 0.009466 0.013089
0 0.516628 0.51214 0.010518 0.020568
0 0.526094 0.516815 0.016828 0.026177
0 0.545551 0.508401 0.01788 0.024307
0 0.305433 0.543927 0.044174 0.046745
0 0.135152 0.563747 0.080986 0.063573
0 0.392046 0.524481 0.022087 0.022438
0 0.488283 0.534765 0.042071 0.065443
0 0.539819 0.523546 0.029449 0.039266
0 0.609762 0.540374 0.080986 0.110319
0 0.039441 0.562438 0.078882 0.074792
0 0.256105 0.545984 0.045226 0.046745
