0 0.379257 0.41148 0.012915 0.022959
0 0.36419 0.422194 0.034439 0.05051
0 0.351706 0.405357 0.014636 0.02602
0 0.328977 0.415868 0.043909 0.056633
0 0.463202 0.414796 0.021524 0.05051
0 0.490322 0.420919 0.018941 0.029082
0 0.542841 0.419388 0.013776 0.022959
0 0.560061 0.437755 0.030995 0.044388
0 0.588473 0.443878 0.046492 0.056633
0 0.418862 0.45 0.105899 0.185204
0 0.518611 0.440051 0.059407 0.096429
0 0.674016 0.474014 0.089787 0.121497
0 0.290762 0.411516 0.030995 0.045918
0 0.26278 0.406924 0.038744 0.052041
0 0.250727 0.432179 0.033578 0.041327
0 0.845704 0.460744 0.068878 0.058163
5 0.723645 0.469711 0.023246 0.090306
0 0.866997 0.610528 0.263457 0.44847
0 0.202532 0.406378 0.030134 0.047449
