0 0.504257 0.492223 0.006695 0.025504
0 0.509996 0.494773 0.007651 0.028904
0 0.516451 0.495198 0.007173 0.034855
0 0.533906 0.499874 0.033474 0.057809
0 0.556142 0.500299 0.017693 0.077361
0 0.58579 0.506675 0.066469 0.096914
0 0.599418 0.525378 0.046863 0.098615
0 0.671626 0.536004 0.144415 0.192979
0 0.83493 0.596363 0.328521 0.293293
0 0.948262 0.752361 0.101856 0.292443
0 0.0636 0.637169 0.126722 0.305195
0 0.450613 0.496872 0.010042 0.011902
0 0.442244 0.496872 0.005738 0.015302
0 0.436028 0.496872 0.008608 0.017003
0 0.429572 0.498147 0.008129 0.024654
0 0.415704 0.496022 0.026301 0.049307
0 0.407336 0.505798 0.020084 0.038256
0 0.494715 0.490071 0.013389 0.020403
0 0.474805 0.491771 0.033474 0.054408
0 0.265399 0.549077 0.130069 0.148772
0 0.150153 0.569906 0.079381 0.105416
