5 0.588823 0.478501 0.020487 0.128687
5 0.060095 0.387417 0.020146 0.02491
0 0.065045 0.453874 0.1038 0.104407
0 0.12992 0.440519 0.080581 0.101978
0 0.189332 0.440519 0.049168 0.058273
0 0.222793 0.435663 0.028681 0.048561
0 0.370298 0.439305 0.015024 0.031565
0 0.381907 0.442947 0.021853 0.038849
0 0.392833 0.451446 0.019121 0.041277
0 0.411954 0.456302 0.03551 0.050989
0 0.432441 0.4648 0.040974 0.048561
0 0.246038 0.454161 0.073947 0.081818
5 0.128252 0.387744 0.005458 0.007623
5 0.110515 0.386358 0.004288 0.004851
5 0.159827 0.400565 0.009356 0.023563
0 0.21908 0.401604 0.014034 0.018712
0 0.234673 0.40403 0.017152 0.015246
0 0.288859 0.425167 0.020271 0.009009
