5 0.853444 0.542426 0.036068 0.114377
5 0.652634 0.525096 0.020471 0.100514
0 0.464983 0.480039 0.037043 0.024262
0 0.52201 0.521631 0.036068 0.05199
0 0.413319 0.512099 0.023395 0.039859
0 0.400159 0.512966 0.006824 0.027728
0 0.391385 0.513832 0.014622 0.032927
0 0.381637 0.517298 0.014622 0.032927
0 0.363116 0.519898 0.02632 0.03466
0 0.332897 0.519898 0.043866 0.062388
0 0.283182 0.533761 0.069211 0.076252
0 0.233466 0.529429 0.02437 0.067587
0 0.155482 0.533761 0.153045 0.145571
0 0.455723 0.540693 0.080909 0.117843
