5 0.959653 0.400077 0.026912 0.033282
5 0.942102 0.397997 0.017551 0.037442
5 0.908755 0.417758 0.028082 0.047843
5 0.848496 0.43752 0.040952 0.133128
5 0.888863 0.477042 0.028082 0.045763
5 0.788237 0.483282 0.039782 0.191371
5 0.761911 0.491603 0.031592 0.199692
5 0.726224 0.515178 0.035102 0.237134
5 0.655278 0.503044 0.055305 0.200385
5 0.624427 0.457974 0.025742 0.093606
5 0.500985 0.468375 0.017551 0.106086
5 0.533747 0.471495 0.019891 0.104006
5 0.553638 0.473575 0.022231 0.112327
5 0.83153 0.460748 0.014041 0.076965
5 0.817294 0.461788 0.017551 0.104006
0 0.474463 0.470455 0.045633 0.081125
0 0.347511 0.452774 0.023401 0.033282
0 0.241034 0.465255 0.070204 0.091525
0 0.304803 0.472188 0.085415 0.097072
0 0.17317 0.468721 0.086585 0.083205
5 0.699946 0.45 0.015308 0.079045
3 0.054408 0.489869 0.026912 0.027042
6 0.056163 0.479469 0.014041 0.043683
0 0.515299 0.458668 0.023401 0.056163
0 0.534605 0.458668 0.033932 0.076965
0 0.559762 0.463868 0.060844 0.091525
0 0.407477 0.469068 0.105306 0.17473
3 0.651612 0.538752 0.111157 0.128968
0 0.012432 0.499081 0.023401 0.089445
0 0.888815 0.625969 0.219973 0.447227
5 0.091998 0.454966 0.006237 0.049897
