0 0.363189 0.476647 0.049767 0.064068
0 0.396653 0.481986 0.020593 0.035085
0 0.414243 0.476647 0.014587 0.03661
0 0.425827 0.481986 0.012013 0.025932
0 0.437411 0.475122 0.011155 0.033559
0 0.471304 0.471308 0.022309 0.032034
0 0.497474 0.47741 0.023167 0.022881
0 0.522358 0.483512 0.007722 0.019831
0 0.533513 0.485037 0.019735 0.038136
0 0.539948 0.487325 0.022309 0.042712
0 0.561828 0.486562 0.036896 0.077797
0 0.589715 0.500291 0.058347 0.083898
0 0.606876 0.516308 0.063496 0.100678
0 0.648491 0.534613 0.090095 0.137288
0 0.775054 0.577325 0.252267 0.256271
