5 0.574277 0.4875 0.009492 0.045
6 0.560566 0.48 0.009492 0.0375
3 0.560566 0.488036 0.011602 0.045
6 0.409891 0.488812 0.030586 0.110625
3 0.408836 0.53475 0.01582 0.0825
0 0.492097 0.449687 0.041304 0.020625
0 0.545711 0.491241 0.019859 0.039983
0 0.296367 0.49375 0.073828 0.0825
0 0.429258 0.475937 0.014766 0.039375
1 0.452988 0.44875 0.032695 0.04125
0 0.769012 0.528187 0.088594 0.110625
0 0.521015 0.45683 0.016875 0.016875
1 0.522597 0.448393 0.020039 0.01875
0 0.364922 0.494471 0.0675 0.132844
0 0.603953 0.490687 0.045352 0.054375
0 0.48161 0.560062 0.146602 0.211875
0 0.88541 0.523125 0.182461 0.22875
5 0.174491 0.488704 0.015597 0.065854
5 0.203735 0.475706 0.013647 0.057189
