0 0.261035 0.384375 0.01582 0.016406
0 0.232031 0.382031 0.021094 0.021094
0 0.212915 0.382031 0.011865 0.021094
0 0.198413 0.380859 0.017139 0.023437
0 0.18457 0.380859 0.013184 0.01875
0 0.392212 0.384375 0.014502 0.016406
0 0.407373 0.392578 0.010547 0.01875
0 0.431103 0.38789 0.010547 0.009375
0 0.419238 0.397265 0.01582 0.028125
0 0.429126 0.40664 0.019775 0.023437
0 0.446924 0.407812 0.029004 0.035156
0 0.553711 0.326953 0.036914 0.051562
0 0.585351 0.322265 0.050098 0.065625
0 0.641381 0.321094 0.093603 0.072656
0 0.768784 0.295781 0.155566 0.15
0 0.77999 0.449297 0.141064 0.147656
2 0.060826 0.359062 0.063281 0.046875
2 0.179478 0.367265 0.026367 0.030469
2 0.294175 0.375468 0.021094 0.028125
2 0.485996 0.41414 0.0646 0.086719
2 0.131358 0.377812 0.035596 0.042187
0 0.392393 0.405937 0.030322 0.042187
0 0.609922 0.455156 0.175342 0.215625
0 0.021844 0.3825 0.043687 0.042187
