5 0.692851 0.406216 0.019984 0.09723
5 0.673393 0.40902 0.016828 0.087881
5 0.712309 0.393127 0.016828 0.089751
5 0.730189 0.415565 0.021035 0.104709
5 0.773837 0.4165 0.032605 0.110319
5 0.80539 0.41463 0.024191 0.102839
6 0.50774 0.394062 0.009466 0.035526
5 0.747951 0.412292 0.016828 0.121537
3 0.507622 0.409488 0.007362 0.026177
0 0.444371 0.395464 0.01788 0.024307
0 0.427543 0.384245 0.007362 0.016828
0 0.423336 0.38892 0.011569 0.022438
0 0.419129 0.389855 0.009466 0.020568
2 0.404404 0.377701 0.030501 0.059834
0 0.395464 0.395464 0.023139 0.050485
0 0.383369 0.404813 0.038915 0.057964
0 0.362334 0.392659 0.009466 0.033657
0 0.345505 0.391725 0.026294 0.028047
0 0.329203 0.398269 0.029449 0.044875
0 0.30659 0.408553 0.028398 0.050485
0 0.232791 0.450234 0.175996 0.200225
1 0.028501 0.371693 0.057003 0.098504
