0 0.388657 0.285945 0.016742 0.014882
0 0.374306 0.284882 0.011959 0.014882
0 0.364141 0.285945 0.013155 0.017008
0 0.353976 0.285945 0.01435 0.02126
0 0.340224 0.283819 0.017938 0.025512
0 0.408986 0.288071 0.009567 0.02126
0 0.400017 0.283819 0.008371 0.017008
0 0.430512 0.290197 0.038268 0.059528
0 0.332451 0.289134 0.019134 0.023386
2 0.038866 0.276378 0.077731 0.116929
2 0.174597 0.292323 0.200906 0.208347
6 0.044845 0.340158 0.077731 0.231732
3 0.045443 0.389055 0.076535 0.142441
5 0.297173 0.313583 0.022721 0.097795
5 0.261895 0.315709 0.021526 0.102047
