0 0.350514 0.212034 0.007722 0.021356
0 0.340217 0.205932 0.018019 0.033559
0 0.334211 0.218136 0.018019 0.024407
0 0.323914 0.228051 0.016303 0.035085
0 0.314905 0.234152 0.022309 0.032034
0 0.294311 0.241017 0.024025 0.033559
0 0.270286 0.25322 0.044619 0.061017
0 0.251409 0.277627 0.042903 0.054915
0 0.232961 0.284491 0.036896 0.044237
0 0.18062 0.320339 0.081515 0.115932
0 0.307611 0.300508 0.062638 0.085424
0 0.456054 0.260085 0.036896 0.050339
0 0.467638 0.272288 0.046335 0.056441
0 0.47536 0.296695 0.044619 0.065593
0 0.461631 0.354661 0.008581 0.001525
0 0.48866 0.320339 0.060922 0.091525
0 0.232103 0.37322 0.122701 0.137288
0 0.514573 0.344746 0.095244 0.128136
0 0.434774 0.213559 0.023167 0.042712
0 0.373424 0.219661 0.015445 0.009153
