0 0.539484 0.568166 0.021853 0.029137
0 0.581141 0.573427 0.015024 0.026709
0 0.593433 0.568571 0.015024 0.021853
0 0.601628 0.575855 0.015024 0.021853
0 0.630309 0.578283 0.064192 0.080126
0 0.42271 0.573022 0.036876 0.043705
0 0.39198 0.579092 0.043705 0.055845
0 0.351689 0.579092 0.064192 0.065558
0 0.300472 0.582734 0.090142 0.082554
0 0.156382 0.55813 0.195307 0.225971
0 0.560654 0.567761 0.023218 0.031565
0 0.490316 0.60054 0.111994 0.169964
0 0.792382 0.637366 0.318228 0.434623
2 0.876014 0.490468 0.245841 0.369065
