0 0.519269 0.481875 0.01793 0.03
0 0.503901 0.48433 0.01793 0.031875
0 0.481225 0.485268 0.031641 0.0525
0 0.544506 0.479643 0.025312 0.04125
0 0.562436 0.479643 0.014766 0.03
0 0.584584 0.48058 0.03375 0.046875
0 0.415834 0.49183 0.086484 0.121875
0 0.368373 0.502143 0.014766 0.03
0 0.336733 0.504018 0.023203 0.04125
0 0.356772 0.498393 0.016875 0.03375
0 0.223354 0.51433 0.062227 0.076875
0 0.152163 0.532143 0.080156 0.0825
0 0.708462 0.478705 0.183516 0.301875
0 0.872466 0.534018 0.163477 0.19125
0 0.958423 0.55916 0.080156 0.226875
5 0.866004 0.549375 0.076992 0.19875
5 0.723094 0.533437 0.071719 0.226875
5 0.665086 0.522187 0.046406 0.283125
5 0.613933 0.474375 0.013711 0.06375
