0 0.446133 0.59558 0.012656 0.009375
0 0.425039 0.594643 0.018984 0.015
0 0.409219 0.593705 0.010547 0.013125
0 0.467226 0.596518 0.023203 0.045
0 0.391289 0.59183 0.023203 0.016875
0 0.368086 0.593705 0.018984 0.020625
0 0.333808 0.594643 0.026367 0.02625
0 0.544219 0.59933 0.021094 0.028125
0 0.505216 0.624082 0.066445 0.0975
0 0.600665 0.623144 0.0675 0.076875
0 0.171408 0.669082 0.341719 0.3975
0 0.756211 0.599062 0.031641 0.039375
0 0.796289 0.59625 0.054844 0.04875
0 0.837422 0.599062 0.031641 0.054375
0 0.883755 0.605503 0.074051 0.072574
0 0.954957 0.609722 0.087342 0.081013
