0 0.324742 0.369072 0.027835 0.037113
0 0.313724 0.369072 0.022036 0.03299
0 0.294588 0.354639 0.037113 0.065979
0 0.204124 0.259794 0.027835 0.053608
0 0.183827 0.243299 0.045232 0.074227
0 0.151353 0.217526 0.052191 0.080412
0 0.102062 0.170103 0.041753 0.059794
0 0.089884 0.170103 0.028995 0.051546
0 0.05393 0.140206 0.089304 0.107217
0 0.040013 0.16701 0.080026 0.181443
0 0.139755 0.250516 0.096263 0.101031
0 0.259214 0.336083 0.077706 0.094845
0 0.465657 0.529897 0.05683 0.115464
0 0.510309 0.554639 0.046392 0.041237
0 0.404188 0.489691 0.156572 0.2
0 0.588595 0.609897 0.244717 0.164948
0 0.690328 0.833574 0.487615 0.332029
0 0.957178 0.964536 0.082345 0.070103
