0 0.211778 0.541875 0.054053 0.079687
0 0.312632 0.540703 0.047461 0.044531
0 0.356138 0.543046 0.031641 0.039844
0 0.387119 0.544218 0.022412 0.028125
0 0.409532 0.550078 0.017139 0.021094
0 0.426011 0.543046 0.02373 0.025781
0 0.477427 0.552421 0.021094 0.030469
0 0.493247 0.552421 0.021094 0.030469
0 0.586192 0.557109 0.030322 0.049219
0 0.683091 0.574687 0.052734 0.060937
0 0.625083 0.579375 0.058008 0.075
0 0.540049 0.574687 0.083057 0.140625
0 0.834702 0.641484 0.261035 0.283594
0 0.97313 0.618046 0.052734 0.175781
0 0.132586 0.680156 0.265171 0.370312
