2 0.369103 0.300711 0.009597 0.012796
0 0.365504 0.31564 0.011996 0.034123
0 0.353508 0.314573 0.011996 0.031991
0 0.34391 0.320971 0.021594 0.044787
0 0.334913 0.323104 0.025193 0.036256
0 0.321717 0.332701 0.046786 0.059716
0 0.27913 0.341232 0.055184 0.093839
0 0.204752 0.354028 0.136759 0.119431
0 0.132173 0.383886 0.262722 0.209005
0 0.403893 0.316706 0.021594 0.03199
0 0.421287 0.318839 0.008398 0.019194
0 0.432684 0.310308 0.016795 0.010664
0 0.433884 0.320971 0.014396 0.02346
0 0.44648 0.332701 0.025193 0.034123
0 0.465074 0.334834 0.026392 0.038389
0 0.47827 0.354028 0.031191 0.068246
0 0.968325 0.379621 0.056383 0.1109
0 0.7152 0.440403 0.548237 0.599289
