0 0.366228 0.383226 0.009798 0.017419
0 0.352142 0.383226 0.011023 0.017419
1 0.340507 0.377782 0.007349 0.019597
0 0.333158 0.384315 0.012248 0.010887
0 0.319073 0.383226 0.011023 0.017419
2 0.294577 0.385403 0.025721 0.047903
0 0.267019 0.398468 0.012248 0.021774
0 0.256608 0.398468 0.018372 0.030484
0 0.241298 0.405 0.029395 0.034839
0 0.205779 0.401734 0.036744 0.037016
5 0.17026 0.400645 0.009798 0.034839
5 0.159849 0.401734 0.008574 0.037016
5 0.149438 0.401734 0.007349 0.032661
0 0.092485 0.43875 0.086961 0.089274
0 0.410933 0.381048 0.023271 0.013065
0 0.421956 0.405 0.023271 0.034839
0 0.451351 0.402823 0.03307 0.039194
0 0.390723 0.424597 0.05879 0.095806
0 0.485645 0.409355 0.067364 0.047903
5 0.553622 0.403911 0.012248 0.050081
5 0.559746 0.437661 0.014698 0.074032
0 0.959054 0.391936 0.080885 0.052258
0 0.798581 0.419153 0.095534 0.063145
0 0.860458 0.501895 0.278078 0.2025
