0 0.399188 0.419528 0.011019 0.026119
0 0.380824 0.417896 0.023874 0.039178
0 0.361541 0.421161 0.018365 0.045707
0 0.333994 0.421161 0.03122 0.065296
0 0.171468 0.439934 0.11386 0.158343
0 0.05681 0.459522 0.113619 0.171403
0 0.290286 0.422793 0.066112 0.08162
0 0.466219 0.411366 0.033056 0.045707
0 0.423062 0.405653 0.044075 0.057134
0 0.492848 0.421977 0.012855 0.044075
0 0.502948 0.430139 0.022037 0.044075
0 0.514426 0.43422 0.024792 0.052237
0 0.53325 0.439117 0.029383 0.068561
0 0.556205 0.448096 0.047748 0.076723
0 0.598077 0.469317 0.099169 0.106106
0 0.860047 0.620314 0.276387 0.430955
0 0.673462 0.434118 0.084871 0.09
0 0.751633 0.44603 0.071471 0.087353
