0 0.61258 0.467602 0.021524 0.022959
0 0.753779 0.478317 0.01808 0.029082
0 0.765833 0.481378 0.023246 0.047449
0 0.807159 0.47449 0.07146 0.097959
0 0.675 0.468368 0.012054 0.015306
0 0.68318 0.471429 0.014636 0.018367
0 0.655198 0.469388 0.013776 0.018367
0 0.695233 0.471684 0.012915 0.016837
0 0.725367 0.477041 0.037022 0.052041
0 0.551882 0.495408 0.11537 0.162245
0 0.314254 0.454405 0.110204 0.09949
0 0.878728 0.585177 0.239963 0.343764
0 0.019918 0.632938 0.039837 0.264796
5 0.496623 0.449952 0.015497 0.065816
5 0.12081 0.433881 0.02669 0.131633
5 0.08594 0.423932 0.030995 0.133163
5 0.04978 0.431585 0.027551 0.145408
5 0.027395 0.433116 0.027551 0.145408
