0 0.00694 0.539082 0.01388 0.062631
0 0.092119 0.513832 0.145246 0.088383
0 0.889512 0.564955 0.219332 0.322336
0 0.733056 0.485238 0.105279 0.135173
0 0.434764 0.485238 0.054589 0.05199
0 0.462059 0.481772 0.023395 0.041592
0 0.479605 0.473107 0.027295 0.05199
0 0.504463 0.477439 0.016572 0.029461
0 0.516648 0.480039 0.007798 0.01733
0 0.526884 0.480905 0.012673 0.015597
0 0.537119 0.479172 0.009748 0.019063
0 0.550766 0.477439 0.013647 0.019063
0 0.816889 0.461842 0.070186 0.057189
0 0.649709 0.467908 0.039967 0.041592
0 0.625827 0.471374 0.009748 0.024262
0 0.616079 0.469641 0.009748 0.01733
0 0.607305 0.47224 0.011698 0.015597
