0 0.507077 0.441673 0.014079 0.020336
0 0.494318 0.441673 0.013199 0.020336
0 0.460881 0.441673 0.030797 0.032851
0 0.379488 0.451059 0.043996 0.051622
0 0.420844 0.443238 0.036957 0.032851
0 0.57967 0.438545 0.007919 0.017207
0 0.58583 0.437763 0.007919 0.018772
0 0.592869 0.440109 0.009679 0.017207
0 0.601669 0.438545 0.011439 0.020336
0 0.613548 0.440109 0.017598 0.020336
0 0.540954 0.434634 0.014959 0.0219
0 0.254538 0.491731 0.251658 0.326941
2 0.907714 0.348867 0.183567 0.127734
0 0.059635 0.480525 0.097672 0.073011
