0 0.70771 0.436714 0.023395 0.027728
0 0.690164 0.448845 0.011698 0.020796
0 0.677979 0.444512 0.008773 0.019063
0 0.659945 0.447112 0.009748 0.013864
0 0.651172 0.445379 0.011698 0.024262
0 0.641911 0.435847 0.008773 0.008665
0 0.642886 0.448845 0.010723 0.01733
0 0.629238 0.441913 0.014622 0.020796
0 0.617541 0.443646 0.008773 0.020796
0 0.620465 0.459243 0.016572 0.01733
0 0.602919 0.45751 0.010723 0.024262
0 0.636062 0.460109 0.014622 0.022529
0 0.553691 0.45751 0.013647 0.020796
0 0.565389 0.461842 0.011698 0.022529
0 0.579036 0.45751 0.015597 0.020796
0 0.587322 0.459243 0.012673 0.024262
0 0.526884 0.464442 0.036068 0.045058
0 0.767174 0.438447 0.017547 0.031194
0 0.861243 0.44018 0.034118 0.027728
0 0.500076 0.452311 0.017547 0.027728
0 0.478143 0.453177 0.022421 0.025995
