0 0.45948 0.621845 0.020894 0.01537
0 0.443629 0.617363 0.018012 0.019213
0 0.449753 0.630811 0.031701 0.01537
0 0.430661 0.622486 0.010807 0.011528
0 0.409407 0.615441 0.036023 0.03074
0 0.421295 0.640418 0.043949 0.039706
0 0.387793 0.664753 0.047551 0.090939
0 0.525763 0.624407 0.018012 0.020493
0 0.539812 0.61416 0.023055 0.035863
0 0.55242 0.626328 0.026657 0.024336
0 0.589164 0.636575 0.055476 0.096063
0 0.477131 0.601992 0.018732 0.067884
0 0.509552 0.754732 0.315566 0.483515
0 0.661932 0.666675 0.103027 0.144734
0 0.711842 0.723416 0.158828 0.190076
0 0.285324 0.694341 0.208612 0.262571
0 0.13797 0.807567 0.274499 0.377846
1 0.892827 0.592666 0.212809 0.81245
