5 0.101495 0.459973 0.019984 0.104709
5 0.983822 0.457168 0.008414 0.031787
5 0.973831 0.457168 0.009466 0.035526
5 0.955425 0.457168 0.008414 0.039266
5 0.730872 0.415097 0.005259 0.018698
5 0.731924 0.417902 0.007362 0.020568
5 0.082081 0.460485 0.016915 0.06631
0 0.048381 0.492227 0.077831 0.123407
0 0.411241 0.425849 0.018932 0.024307
0 0.517995 0.427718 0.01788 0.020568
0 0.53903 0.432393 0.024191 0.018698
0 0.563747 0.436132 0.027346 0.033657
0 0.675234 0.426783 0.010518 0.014958
0 0.666294 0.427718 0.009466 0.016828
0 0.656828 0.429588 0.013673 0.020568
0 0.640526 0.427718 0.014725 0.020568
0 0.626853 0.430523 0.016828 0.018698
0 0.612654 0.429588 0.015776 0.024307
0 0.592144 0.431458 0.018932 0.028047
0 0.755168 0.428653 0.012621 0.018698
0 0.768315 0.433328 0.019984 0.031787
0 0.73834 0.450156 0.031553 0.043006
0 0.79461 0.438002 0.013673 0.018698
0 0.809334 0.445482 0.022087 0.029917
0 0.83668 0.4567 0.036812 0.044875
0 0.856401 0.471659 0.023139 0.067313
0 0.889531 0.477268 0.062054 0.086011
0 0.926343 0.505315 0.0894 0.10097
