0 0.270445 0.589921 0.055371 0.077344
0 0.224302 0.581718 0.052734 0.140625
0 0.397007 0.57 0.02373 0.042187
0 0.45106 0.561796 0.021094 0.030469
0 0.479405 0.554765 0.014502 0.025781
0 0.49918 0.55125 0.017139 0.028125
0 0.52357 0.555937 0.021094 0.032812
0 0.596738 0.580546 0.035596 0.044531
0 0.542686 0.561796 0.017139 0.025781
0 0.109514 0.619218 0.219029 0.440625
5 0.644859 0.548906 0.00791 0.023437
5 0.696275 0.568828 0.01582 0.058594
5 0.776035 0.546562 0.025049 0.051562
5 0.949399 0.593437 0.034277 0.173437
6 0.98104 0.592265 0.036914 0.185156
3 0.973789 0.661406 0.051416 0.09375
0 0.423374 0.560625 0.018457 0.032812
