0 0.401919 0.50443 0.022231 0.031202
0 0.33464 0.510671 0.028082 0.039522
0 0.318844 0.518991 0.017551 0.039522
0 0.305973 0.515871 0.017551 0.033282
0 0.284912 0.521071 0.026912 0.043683
0 0.262681 0.525231 0.024571 0.039522
0 0.240449 0.527312 0.022231 0.035362
0 0.212368 0.533552 0.036272 0.047843
0 0.1603 0.530432 0.063184 0.074884
0 0.069619 0.550193 0.099456 0.085285
0 0.427661 0.520031 0.038612 0.058243
0 0.596151 0.540832 0.073714 0.104006
0 0.552669 0.534592 0.042915 0.079045
0 0.497865 0.521071 0.029252 0.035362
0 0.375593 0.516911 0.023401 0.035362
0 0.469198 0.517951 0.023401 0.037442
