1 0.357329 0.482527 0.030214 0.059085
0 0.370422 0.49685 0.022157 0.051923
0 0.377975 0.504012 0.013093 0.044761
0 0.403154 0.504907 0.043307 0.071618
0 0.438907 0.500431 0.030214 0.044761
0 0.308987 0.488793 0.084599 0.107427
0 0.206764 0.721552 0.409901 0.540716
0 0.478185 0.492374 0.0141 0.010743
0 0.507895 0.503117 0.053378 0.057294
0 0.543648 0.516545 0.070499 0.066247
0 0.585948 0.490584 0.040285 0.03939
0 0.632779 0.526393 0.111791 0.103846
0 0.789388 0.51565 0.17524 0.093103
0 0.830176 0.61502 0.315231 0.241711
5 0.688675 0.498641 0.0141 0.044761
