5 0.856856 0.362195 0.011698 0.055456
5 0.841259 0.361329 0.009748 0.053723
0 0.382612 0.365661 0.010723 0.01733
0 0.361654 0.389923 0.037043 0.055456
0 0.120389 0.360462 0.018521 0.038126
0 0.016572 0.37346 0.033143 0.029461
0 0.536144 0.37086 0.070186 0.097048
0 0.091145 0.37346 0.016572 0.019063
0 0.069699 0.376926 0.010723 0.015597
0 0.299266 0.42285 0.118927 0.135173
0 0.450361 0.468774 0.193012 0.275546
0 0.694551 0.394256 0.1277 0.140372
0 0.961161 0.454044 0.076035 0.155969
0 0.608767 0.367394 0.057514 0.058922
0 0.475219 0.329268 0.018521 0.01733
