0 0.563249 0.530288 0.013658 0.024281
0 0.525007 0.52786 0.013658 0.024281
0 0.512715 0.52786 0.010926 0.019424
0 0.501106 0.525432 0.012292 0.019424
0 0.488814 0.522033 0.015024 0.014568
0 0.486082 0.531745 0.015024 0.024281
0 0.451255 0.526889 0.019121 0.024281
0 0.41711 0.531745 0.024584 0.033993
0 0.468327 0.537815 0.036876 0.046133
0 0.547543 0.537815 0.02595 0.046133
0 0.585785 0.536601 0.023218 0.033993
0 0.356333 0.536601 0.020487 0.033993
0 0.313994 0.549955 0.080581 0.094694
0 0.242973 0.546313 0.083313 0.092266
0 0.878745 0.55724 0.062826 0.055845
2 0.818651 0.565009 0.117457 0.129658
0 0.716217 0.578849 0.109263 0.135971
1 0.638367 0.522033 0.040974 0.077698
