0 0.03443 0.575536 0.017215 0.028904
0 0.055949 0.574685 0.025823 0.030605
0 0.077946 0.578086 0.018171 0.030605
0 0.097552 0.578936 0.021041 0.032305
0 0.120984 0.581486 0.02391 0.030605
0 0.140111 0.582337 0.012433 0.032305
0 0.1908 0.581486 0.014346 0.037406
0 0.200842 0.578086 0.009564 0.027204
0 0.219492 0.578936 0.027735 0.049307
0 0.244836 0.582337 0.021041 0.042506
0 0.373949 0.571285 0.043994 0.088413
0 0.382079 0.587437 0.035387 0.079912
0 0.451895 0.577236 0.113811 0.147922
0 0.518843 0.601039 0.111898 0.147922
0 0.016737 0.598489 0.031561 0.06801
0 0.165934 0.576386 0.04495 0.054408
0 0.302698 0.597639 0.113811 0.188728
0 0.671196 0.622973 0.277354 0.255038
0 0.944724 0.735189 0.109029 0.289043
