0 0.017362 0.354661 0.034724 0.180971
0 0.088094 0.316179 0.174078 0.212173
0 0.185663 0.33906 0.112327 0.153929
0 0.30501 0.365062 0.145089 0.118567
0 0.357664 0.360902 0.070204 0.085285
0 0.403296 0.366102 0.053823 0.074884
0 0.418507 0.352581 0.079565 0.093606
0 0.451269 0.349461 0.042123 0.083205
0 0.306181 0.312019 0.093606 0.058243
1 0.475841 0.32866 0.109987 0.116487
2 0.546045 0.350501 0.030422 0.064484
0 0.579977 0.361942 0.028082 0.049923
0 0.605133 0.369222 0.029252 0.039522
0 0.644916 0.374422 0.010531 0.016641
0 0.660127 0.376503 0.012871 0.024961
0 0.668902 0.370262 0.018721 0.024961
0 0.708685 0.376503 0.023401 0.029122
0 0.775379 0.379623 0.016381 0.018721
