0 0.377025 0.390521 0.005162 0.006118
0 0.366127 0.406326 0.010897 0.013255
0 0.840245 0.67398 0.317745 0.58935
2 0.339826 0.407855 0.028677 0.061178
0 0.349767 0.429437 0.00975 0.023452
0 0.334569 0.425869 0.02753 0.042825
0 0.315068 0.429437 0.02753 0.068316
0 0.301303 0.436065 0.026383 0.071375
0 0.290119 0.441163 0.028104 0.077492
0 0.397372 0.414653 0.013192 0.020393
0 0.411137 0.423829 0.024662 0.038746
0 0.433218 0.429437 0.041295 0.05608
0 0.447844 0.440143 0.034986 0.063218
0 0.474514 0.44881 0.064237 0.078512
0 0.261441 0.442183 0.077429 0.091767
0 0.838907 0.442353 0.200741 0.11318
