0 0.205091 0.18124 0.032288 0.055276
0 0.18237 0.182303 0.015546 0.074409
2 0.132143 0.162106 0.101649 0.195591
1 0.029299 0.15998 0.058597 0.106299
0 0.333049 0.238642 0.271462 0.182835
0 0.514223 0.18815 0.016742 0.027638
0 0.567439 0.191339 0.065773 0.110551
0 0.776715 0.201304 0.058597 0.065108
0 0.697788 0.206221 0.115999 0.131811
0 0.896265 0.253205 0.204897 0.189213
5 0.649355 0.181772 0.016742 0.040394
5 0.834715 0.172205 0.023917 0.080787
5 0.846673 0.158386 0.009567 0.044646
5 0.08333 0.318566 0.135133 0.522992
