0 0.112103 0.60828 0.224206 0.450578
0 0.148658 0.493903 0.049715 0.045058
0 0.222744 0.514699 0.129649 0.149037
0 0.430865 0.504301 0.038992 0.072786
0 0.299266 0.496502 0.038992 0.077985
0 0.365553 0.515565 0.107229 0.157702
0 0.503001 0.545892 0.144272 0.211425
1 0.593171 0.446245 0.082859 0.209692
5 0.730618 0.505167 0.022421 0.119576
5 0.829561 0.502568 0.027295 0.138639
5 0.94995 0.523364 0.045816 0.166367
5 0.644835 0.498235 0.018521 0.074519
0 0.954824 0.503434 0.086758 0.140372
0 0.904134 0.5095 0.065312 0.117843
0 0.858806 0.514699 0.04874 0.090116
0 0.822738 0.512099 0.068237 0.095315
0 0.785208 0.511233 0.016572 0.065854
0 0.7623 0.520764 0.007798 0.050257
0 0.664332 0.493903 0.028269 0.062388
0 0.412344 0.466175 0.017547 0.031194
