5 0.584873 0.42 0.006592 0.032812
0 0.39503 0.429375 0.030322 0.042187
0 0.366026 0.437578 0.030322 0.044531
0 0.15377 0.43289 0.035596 0.025781
0 0.199913 0.421172 0.017139 0.025781
0 0.122789 0.429375 0.031641 0.042187
0 0.447764 0.423515 0.017139 0.044531
0 0.456333 0.417656 0.010547 0.01875
0 0.519615 0.418828 0.010547 0.016406
2 0.244737 0.43289 0.083057 0.086719
0 0.470176 0.417656 0.014502 0.01875
0 0.486656 0.415312 0.013184 0.014062
0 0.512364 0.422343 0.017139 0.023437
0 0.422715 0.437578 0.048779 0.063281
0 0.309996 0.437578 0.081738 0.100781
