0 0.151792 0.58289 0.021094 0.039844
0 0.360752 0.566484 0.017139 0.035156
0 0.52357 0.544218 0.010547 0.023437
0 0.625083 0.55125 0.021094 0.01875
0 0.638267 0.550078 0.021094 0.030469
0 0.735825 0.534843 0.031641 0.046875
0 0.775376 0.54539 0.079102 0.053906
0 0.795811 0.547734 0.08833 0.035156
0 0.86898 0.555937 0.058008 0.060937
0 0.413487 0.555937 0.017139 0.023437
0 0.385801 0.566484 0.035596 0.044531
0 0.33043 0.574687 0.059326 0.075
0 0.491929 0.54539 0.013184 0.016406
0 0.475449 0.552421 0.014502 0.025781
0 0.534116 0.548906 0.013184 0.01875
0 0.569053 0.575859 0.067236 0.096094
0 0.78856 0.598125 0.105469 0.098437
2 0.509727 0.543046 0.025049 0.053906
0 0.0726 0.602812 0.145201 0.126562
5 0.270997 0.565302 0.007798 0.038126
