0 0.521575 0.571837 0.050625 0.073469
0 0.465268 0.560816 0.026862 0.033061
0 0.479215 0.563265 0.015497 0.022041
0 0.567551 0.56602 0.012398 0.012857
0 0.581499 0.574286 0.017564 0.055102
0 0.599062 0.582551 0.034094 0.108367
0 0.644005 0.593571 0.113648 0.137755
0 0.811409 0.57551 0.153534 0.069796
0 0.406377 0.558061 0.028929 0.027551
0 0.375383 0.556224 0.020663 0.027551
0 0.359885 0.559898 0.018597 0.031224
0 0.339222 0.561735 0.030995 0.042245
0 0.272066 0.56449 0.033061 0.040408
0 0.235906 0.566326 0.045459 0.051429
0 0.171849 0.560816 0.047526 0.077143
0 0.303578 0.566939 0.046492 0.055102
1 0.074216 0.511837 0.147742 0.209388
0 0.700657 0.680204 0.226263 0.27551
0 0.558597 0.564796 0.012398 0.012857
