0 0.196432 0.606159 0.113655 0.114437
0 0.316121 0.575762 0.047272 0.053642
0 0.339757 0.562351 0.040232 0.059007
0 0.36792 0.567715 0.018104 0.030397
0 0.378983 0.563245 0.016093 0.028609
0 0.397088 0.556093 0.020116 0.028609
0 0.410666 0.54894 0.015087 0.025033
0 0.423238 0.548046 0.01207 0.016093
0 0.433799 0.54894 0.011064 0.014305
0 0.549969 0.54 0.044255 0.039338
0 0.502193 0.541788 0.01911 0.028609
0 0.462464 0.545364 0.010058 0.014305
0 0.482077 0.54 0.011064 0.021457
0 0.472019 0.543704 0.007041 0.024778
0 0.612385 0.525951 0.032185 0.021457
0 0.58372 0.528633 0.025145 0.023245
