6 0.132574 0.547625 0.035093 0.124775
3 0.134036 0.583152 0.034118 0.077985
5 0.022421 0.551958 0.021446 0.095315
5 0.044354 0.499968 0.014622 0.019063
5 0.065312 0.545026 0.017547 0.088383
5 0.045329 0.551958 0.016572 0.081451
5 0.425016 0.526829 0.025345 0.10398
5 0.414781 0.516432 0.014622 0.107445
0 0.318275 0.519898 0.053614 0.062388
0 0.340208 0.507767 0.031194 0.045058
0 0.358729 0.504301 0.027295 0.058922
0 0.386511 0.506034 0.022421 0.038126
0 0.442075 0.500835 0.018521 0.031194
2 0.562419 0.48957 0.033235 0.050257
0 0.602806 0.502568 0.041691 0.041592
0 0.488379 0.486971 0.013647 0.020796
0 0.477168 0.486971 0.008773 0.01733
0 0.46742 0.485238 0.008773 0.020796
2 0.511774 0.475706 0.011698 0.022529
0 0.030218 0.822939 0.058729 0.318076
