0 0.317088 0.496371 0.017089 0.018565
0 0.306645 0.511561 0.011392 0.038819
0 0.300949 0.514937 0.011392 0.042194
0 0.291456 0.52 0.009494 0.055696
0 0.326013 0.519831 0.029241 0.065485
2 0.257437 0.498171 0.065506 0.163713
0 0.597171 0.557753 0.168038 0.205907
0 0.217747 0.56529 0.115519 0.150095
0 0.800088 0.656092 0.395392 0.490348
5 0.085918 0.533164 0.008544 0.035443
5 0.462911 0.485907 0.013291 0.038819
5 0.657626 0.429367 0.034747 0.084388
5 0.945664 0.388017 0.05943 0.069198
5 0.897057 0.391392 0.019937 0.048945
5 0.500696 0.484894 0.013291 0.048945
5 0.072627 0.544641 0.016139 0.062447
5 0.028006 0.542109 0.010443 0.060759
5 0.018513 0.530295 0.008544 0.050633
5 0.009494 0.544641 0.009494 0.062447
0 0.364747 0.528607 0.062658 0.104641
