0 0.501879 0.441876 0.011921 0.014835
0 0.489958 0.445055 0.011921 0.016954
0 0.430948 0.443995 0.013113 0.010597
0 0.417239 0.443995 0.011921 0.010597
0 0.550159 0.441876 0.017882 0.014835
0 0.594863 0.436578 0.023842 0.016954
0 0.627646 0.437637 0.03934 0.036028
0 0.655661 0.437637 0.019074 0.040267
0 0.683914 0.436578 0.041724 0.046625
0 0.716101 0.436578 0.046492 0.055102
0 0.746977 0.439757 0.059606 0.06146
0 0.886573 0.423862 0.053645 0.050863
0 0.461228 0.445055 0.017882 0.012716
0 0.39447 0.446114 0.017882 0.019074
0 0.375396 0.446114 0.020266 0.027551
0 0.330453 0.442935 0.023842 0.02967
0 0.259523 0.452472 0.02265 0.03179
0 0.223759 0.45883 0.029803 0.036028
0 0.190023 0.463069 0.050069 0.040267
0 0.814808 0.447174 0.106098 0.09325
0 0.01669 0.481436 0.033379 0.065699
0 0.973359 0.42916 0.051261 0.057221
