0 0.436283 0.273821 0.012895 0.01783
0 0.44273 0.289104 0.014328 0.012736
0 0.452043 0.296746 0.012895 0.028019
0 0.461357 0.30184 0.020059 0.038208
0 0.46852 0.313302 0.020059 0.03566
0 0.481416 0.315849 0.031521 0.050943
0 0.569532 0.318397 0.030088 0.040755
0 0.549473 0.326038 0.032954 0.045849
0 0.506489 0.332406 0.050147 0.068774
0 0.431268 0.309481 0.020059 0.048396
0 0.410493 0.323491 0.047282 0.076415
0 0.386852 0.281463 0.014328 0.022925
0 0.376106 0.28783 0.015761 0.020377
0 0.371808 0.299293 0.010029 0.028019
0 0.358912 0.299293 0.032954 0.048396
0 0.341719 0.290378 0.015761 0.03566
0 0.277244 0.347689 0.150442 0.211415
0 0.179814 0.324764 0.078803 0.109528
0 0.018626 0.313302 0.037252 0.050943
0 0.842082 0.456162 0.312784 0.690356
