0 0.043295 0.540764 0.086591 0.127647
0 0.096151 0.514749 0.081947 0.106835
0 0.141222 0.496538 0.030047 0.050989
0 0.257314 0.471044 0.016389 0.029137
0 0.251168 0.479542 0.017755 0.041277
0 0.244339 0.485612 0.017755 0.048561
0 0.383649 0.478328 0.02595 0.033993
0 0.409598 0.491682 0.045071 0.055845
0 0.347455 0.472258 0.013658 0.021853
0 0.297741 0.479542 0.010926 0.021853
0 0.190527 0.508678 0.116092 0.138399
0 0.276571 0.490468 0.047802 0.058273
0 0.355787 0.4759 0.012292 0.019424
0 0.310033 0.4759 0.016389 0.024281
0 0.450709 0.512321 0.065558 0.08741
5 0.50534 0.458094 0.013658 0.029137
