0 0.465059 0.562592 0.013254 0.045739
0 0.474804 0.564671 0.015593 0.052669
0 0.487278 0.566057 0.031186 0.052669
0 0.510278 0.570908 0.038203 0.098409
0 0.317186 0.574327 0.032485 0.044446
0 0.288859 0.57576 0.030406 0.055441
0 0.279893 0.584769 0.037423 0.051283
0 0.262741 0.591006 0.023389 0.058214
0 0.223368 0.591699 0.06627 0.092864
0 0.072897 0.59692 0.080303 0.085934
0 0.021704 0.640811 0.043408 0.191273
0 0.125271 0.627644 0.143455 0.131673
0 0.555497 0.577053 0.097456 0.124743
0 0.367733 0.566658 0.017152 0.023563
0 0.375139 0.565272 0.008576 0.023563
2 0.312638 0.546791 0.059253 0.070688
0 0.161776 0.573403 0.06627 0.051283
