0 0.318636 0.366914 0.022127 0.017881
0 0.303549 0.365126 0.010058 0.021457
0 0.278404 0.357079 0.048278 0.03755
0 0.220068 0.359762 0.046267 0.04649
0 0.141113 0.362444 0.117678 0.069735
0 0.021423 0.347245 0.041238 0.114437
0 0.440337 0.383007 0.010058 0.028609
0 0.451401 0.383901 0.016093 0.033974
0 0.460453 0.381219 0.018104 0.04649
0 0.47906 0.382113 0.035203 0.05543
0 0.500182 0.395523 0.045261 0.067947
0 0.611825 0.410722 0.061353 0.080464
0 0.657589 0.415192 0.044255 0.060795
0 0.548963 0.418768 0.094545 0.114437
0 0.394573 0.408934 0.099574 0.134106
0 0.766214 0.444695 0.140811 0.134106
0 0.866794 0.568073 0.263518 0.631192
