0 0.228278 0.627343 0.114053 0.149037
0 0.052812 0.580552 0.055564 0.065854
0 0.084981 0.549358 0.020471 0.038126
0 0.273119 0.577086 0.063363 0.079718
0 0.311136 0.587484 0.014622 0.045058
0 0.194159 0.570154 0.036068 0.045058
0 0.067434 0.538094 0.008773 0.019063
0 0.883349 0.613479 0.041917 0.041592
0 0.810238 0.603081 0.043866 0.038126
0 0.774657 0.585751 0.023395 0.013864
0 0.705933 0.590084 0.049715 0.039859
0 0.665966 0.585751 0.038018 0.03466
0 0.558738 0.579686 0.038018 0.029461
0 0.611865 0.584018 0.007798 0.013864
0 0.272144 0.528562 0.039967 0.01733
0 0.231202 0.537227 0.034118 0.027728
1 0.145419 0.545026 0.045816 0.043325
0 0.15273 0.559756 0.031194 0.024262
0 0.455408 0.579686 0.051665 0.039859
0 0.742976 0.602215 0.061413 0.039859
