2 0.624852 0.364249 0.012793 0.02201
0 0.588853 0.382228 0.042044 0.024407
0 0.551083 0.380593 0.013729 0.033559
0 0.537354 0.383644 0.024025 0.039661
0 0.531348 0.391271 0.013729 0.030508
0 0.510755 0.393559 0.034322 0.044237
0 0.460559 0.399661 0.057489 0.068644
0 0.409076 0.417966 0.043761 0.074746
0 0.343006 0.418729 0.10554 0.125085
0 0.249907 0.454576 0.053199 0.117458
0 0.121154 0.517663 0.24197 0.398136
0 0.663135 0.363378 0.033464 0.041186
0 0.659274 0.366428 0.017161 0.025932
0 0.673861 0.364903 0.03089 0.028983
0 0.672574 0.40609 0.038612 0.105254
0 0.818495 0.502627 0.359523 0.605593
0 0.588775 0.251695 0.030032 0.021356
0 0.513695 0.309661 0.025742 0.015254
0 0.547172 0.306314 0.020567 0.017713
