0 0.761 0.437869 0.023395 0.031194
0 0.786345 0.442202 0.037043 0.032927
0 0.825825 0.445668 0.034118 0.019063
0 0.865304 0.453466 0.027295 0.020796
0 0.885775 0.473396 0.029244 0.050257
0 0.913557 0.473396 0.049715 0.077985
0 0.946701 0.476862 0.084808 0.074519
0 0.847271 0.489859 0.055564 0.072786
0 0.732243 0.450867 0.02437 0.060655
0 0.704949 0.453466 0.049715 0.062388
0 0.661082 0.424872 0.032169 0.019063
0 0.634113 0.426605 0.02372 0.019063
0 0.598857 0.426605 0.042892 0.032927
0 0.546055 0.48466 0.096506 0.128241
0 0.701049 0.498813 0.045816 0.11611
0 0.628914 0.517298 0.137448 0.1681
0 0.812665 0.536361 0.132574 0.164634
0 0.945726 0.54907 0.108204 0.199294
5 0.470345 0.482638 0.02437 0.154236
5 0.157919 0.445663 0.038992 0.186595
5 0.485942 0.484371 0.036068 0.1681
6 0.226452 0.446774 0.049333 0.188798
3 0.222744 0.485238 0.102355 0.159435
