0 0.389256 0.455897 0.021434 0.028579
0 0.366355 0.46066 0.018244 0.021774
0 0.354107 0.466671 0.018244 0.028352
0 0.647558 0.471353 0.092625 0.155336
0 0.697315 0.511791 0.132431 0.243599
5 0.809668 0.541497 0.108242 0.56749
0 0.190609 0.483795 0.047461 0.032661
0 0.435697 0.450227 0.045164 0.06124
0 0.403928 0.450907 0.019903 0.04627
0 0.607806 0.414163 0.012248 0.019052
0 0.583597 0.425844 0.033108 0.056023
0 0.71268 0.402142 0.027558 0.024496
0 0.27208 0.438983 0.047461 0.084375
0 0.226533 0.441025 0.045164 0.080292
0 0.49279 0.439567 0.022965 0.036744
0 0.520731 0.434123 0.034447 0.042188
0 0.559771 0.426638 0.017606 0.035383
0 0.465998 0.442288 0.016841 0.066683
0 0.542484 0.434577 0.012248 0.048992
