5 0.118989 0.519165 0.027505 0.110551
5 0.058597 0.496843 0.011959 0.125433
5 0.044845 0.512788 0.017938 0.080787
5 0.07534 0.504284 0.026309 0.131811
5 0.310686 0.52278 0.004783 0.044646
5 0.237977 0.504709 0.019134 0.068032
3 0.235586 0.520866 0.023917 0.04252
5 0.25173 0.508642 0.008371 0.06378
5 0.303152 0.522461 0.008371 0.044646
5 0.33843 0.521398 0.010763 0.05315
0 0.372512 0.528839 0.037072 0.038268
5 0.934869 0.547973 0.044247 0.155197
5 0.44845 0.530965 0.007175 0.02126
5 0.433502 0.525118 0.008371 0.038268
0 0.422739 0.530433 0.013155 0.027638
0 0.408986 0.52937 0.021526 0.029764
0 0.468182 0.527244 0.029897 0.06378
0 0.601521 0.544252 0.045443 0.089291
0 0.533835 0.551693 0.117195 0.189213
0 0.026989 0.582307 0.053978 0.176457
