5 0.609993 0.526022 0.043705 0.167536
5 0.65643 0.509025 0.032779 0.148112
5 0.791642 0.502955 0.038242 0.126259
5 0.547167 0.476247 0.013658 0.072842
5 0.566288 0.498099 0.019121 0.038849
5 0.252158 0.477461 0.010926 0.055845
5 0.194795 0.478675 0.016389 0.058273
5 0.177723 0.473818 0.015024 0.048561
5 0.773204 0.487173 0.015024 0.07527
5 0.6257 0.505383 0.017755 0.116547
5 0.672136 0.490815 0.012292 0.08741
5 0.680331 0.485959 0.006829 0.082554
5 0.562191 0.454394 0.013658 0.043705
5 0.57858 0.458036 0.013658 0.041277
5 0.823055 0.489948 0.024584 0.129381
5 0.956219 0.499313 0.036876 0.240378
5 0.983535 0.420401 0.023218 0.043705
5 0.706964 0.470176 0.013658 0.050989
5 0.713793 0.466534 0.005463 0.048561
0 0.104909 0.629908 0.209818 0.359353
2 0.449513 0.500007 0.102434 0.172392
0 0.515754 0.481796 0.038242 0.058273
0 0.399662 0.47694 0.021853 0.06313
5 0.591555 0.4648 0.012292 0.048561
