5 0.763273 0.385734 0.046779 0.273049
5 0.794459 0.454343 0.062372 0.396406
5 0.938875 0.428701 0.108475 0.41387
5 0.694014 0.295226 0.011695 0.069302
5 0.207776 0.263347 0.02105 0.076232
5 0.283401 0.258842 0.017932 0.07346
5 0.706749 0.295572 0.013254 0.069302
5 0.723901 0.300423 0.016373 0.067916
5 0.838899 0.504517 0.074846 0.413039
5 0.952532 0.54194 0.091998 0.500359
6 0.557836 0.282058 0.016373 0.079004
6 0.522752 0.285524 0.017932 0.074846
6 0.421398 0.293147 0.02261 0.098409
6 0.384755 0.349974 0.061592 0.278593
3 0.385145 0.425167 0.057694 0.192659
3 0.422958 0.319828 0.02261 0.067916
3 0.521193 0.319135 0.016373 0.044353
3 0.558226 0.302502 0.015593 0.055441
3 0.247537 0.307354 0.031965 0.070688
0 0.570623 0.277207 0.010135 0.024949
0 0.541776 0.272356 0.013254 0.031879
0 0.53125 0.275821 0.015593 0.036037
0 0.506302 0.280672 0.02183 0.034651
1 0.599352 0.249833 0.04444 0.067223
2 0.398399 0.244982 0.121625 0.170482
0 0.609995 0.289266 0.071727 0.070688
5 0.490787 0.27499 0.007017 0.033265
5 0.006627 0.259189 0.013254 0.133059
