0 0.50073 0.317729 0.013658 0.024281
0 0.485024 0.317729 0.023218 0.033993
0 0.47 0.321371 0.020487 0.031565
0 0.454294 0.334725 0.027316 0.043705
0 0.388053 0.359006 0.050534 0.067986
0 0.325227 0.359006 0.088776 0.140827
2 0.534192 0.298304 0.02595 0.06313
0 0.550581 0.332297 0.028681 0.048561
0 0.573117 0.338367 0.043705 0.080126
0 0.633211 0.355364 0.109263 0.143256
0 0.431758 0.34201 0.034145 0.053417
0 0.515071 0.331083 0.034145 0.060701
0 0.85242 0.445202 0.293643 0.560882
0 0.162272 0.560535 0.324544 0.485612
