0 0.408986 0.510768 0.01435 0.025512
0 0.395234 0.513957 0.013155 0.019134
0 0.350987 0.499075 0.017938 0.023386
0 0.318698 0.500138 0.015546 0.025512
0 0.295379 0.503327 0.033484 0.044646
0 0.245153 0.492697 0.076535 0.070157
0 0.137525 0.507579 0.112411 0.091417
0 0.04134 0.525384 0.075175 0.11002
0 0.571624 0.523524 0.023917 0.072283
0 0.585377 0.527776 0.029897 0.059528
0 0.600325 0.533091 0.033484 0.070157
0 0.643376 0.539469 0.076535 0.104173
0 0.750406 0.547973 0.175792 0.176457
0 0.895106 0.601388 0.198514 0.253524
0 0.435893 0.505984 0.031093 0.044646
