0 0.164976 0.477422 0.034277 0.067969
0 0.130699 0.479765 0.052734 0.063281
0 0.075328 0.487968 0.055371 0.065625
0 0.424693 0.472734 0.010547 0.021094
0 0.431944 0.465703 0.011865 0.035156
0 0.441831 0.463359 0.02373 0.053906
0 0.222984 0.48914 0.081738 0.086719
0 0.283628 0.469218 0.021094 0.028125
0 0.337681 0.471562 0.026367 0.032812
0 0.366026 0.466875 0.019775 0.023437
0 0.393052 0.466875 0.01582 0.023437
1 0.457652 0.459843 0.039551 0.084375
1 0.511704 0.455156 0.089648 0.140625
0 0.027117 0.491484 0.054234 0.091406
