5 0.905778 0.651308 0.019883 0.107402
5 0.93977 0.645117 0.013765 0.101964
5 0.97533 0.656673 0.019118 0.114199
5 0.87018 0.653954 0.024471 0.095166
5 0.88968 0.647836 0.020648 0.110121
5 0.955928 0.680491 0.031354 0.188973
0 0.92524 0.640359 0.033648 0.054381
0 0.847238 0.641718 0.068826 0.043505
0 0.782619 0.644437 0.109356 0.087009
0 0.5625 0.6538 0.02753 0.043505
0 0.536499 0.669434 0.036707 0.082931
0 0.402289 0.65448 0.01453 0.031269
1 0.343665 0.617247 0.09865 0.193051
0 0.464109 0.691554 0.137651 0.207579
0 0.691234 0.690661 0.145298 0.163142
0 0.027573 0.689147 0.054296 0.065257
0 0.091045 0.728573 0.179711 0.163142
