5 0.745972 0.441046 0.012673 0.027728
5 0.760594 0.439313 0.016572 0.03466
5 0.776678 0.44018 0.017547 0.032927
5 0.786426 0.432381 0.017547 0.041592
5 0.794712 0.44018 0.016572 0.039859
5 0.814208 0.425449 0.010723 0.020796
0 0.481848 0.429782 0.012673 0.024262
0 0.469662 0.428049 0.015597 0.024262
0 0.466738 0.438447 0.017547 0.01733
1 0.430215 0.413319 0.056539 0.084917
1 0.52136 0.442779 0.069211 0.109178
0 0.48136 0.488877 0.056539 0.095315
0 0.533202 0.482762 0.02632 0.076252
0 0.702332 0.47583 0.093582 0.145571
0 0.74766 0.526953 0.117952 0.154236
0 0.072258 0.542922 0.106254 0.160426
1 0.26332 0.421488 0.307064 0.469641
0 0.024492 0.583523 0.047766 0.114377
0 0.044293 0.764992 0.087367 0.296589
0 0.594615 0.517298 0.129649 0.22009
0 0.377494 0.648139 0.280745 0.391656
0 0.884394 0.538094 0.22908 0.303274
