0 0.037072 0.473032 0.026309 0.014882
0 0.068762 0.471969 0.027505 0.017008
0 0.093278 0.471969 0.011959 0.017008
0 0.10703 0.476221 0.017938 0.017008
0 0.126762 0.478347 0.021526 0.017008
0 0.146494 0.482599 0.02033 0.012756
0 0.169813 0.484725 0.023917 0.017008
0 0.19373 0.49004 0.01435 0.014882
0 0.203895 0.491102 0.005979 0.017008
0 0.245751 0.493228 0.010763 0.012756
0 0.23439 0.493228 0.011959 0.012756
0 0.222431 0.491102 0.009567 0.012756
0 0.287008 0.499606 0.016742 0.012756
0 0.261895 0.494291 0.009567 0.014882
0 0.419151 0.504921 0.010763 0.01063
0 0.444862 0.512362 0.009567 0.012756
0 0.392244 0.509173 0.009567 0.023386
0 0.380883 0.514488 0.025113 0.034016
0 0.319296 0.526181 0.016742 0.03189
0 0.489707 0.513425 0.022721 0.027638
0 0.528573 0.516614 0.031093 0.034016
0 0.549501 0.51874 0.03468 0.029764
0 0.57581 0.516614 0.027505 0.034016
0 0.589562 0.519803 0.028701 0.027638
0 0.684036 0.519803 0.121978 0.087165
0 0.410063 0.512362 0.015546 0.029764
0 0.430392 0.516614 0.025113 0.038268
0 0.350269 0.536811 0.063381 0.078661
2 0.107628 0.45815 0.01435 0.019134
0 0.221833 0.473457 0.010763 0.014882
