0 0.469237 0.503066 0.010029 0.03566
0 0.457058 0.505614 0.017193 0.045849
0 0.445596 0.509434 0.022925 0.068774
0 0.430552 0.511982 0.027223 0.078962
0 0.411209 0.524717 0.034387 0.084057
0 0.381837 0.53618 0.050147 0.127359
0 0.372524 0.552736 0.042984 0.084057
0 0.274378 0.531085 0.179098 0.203774
0 0.531563 0.511982 0.014328 0.022925
0 0.545891 0.520897 0.020059 0.030566
0 0.570248 0.523444 0.031521 0.050943
0 0.504101 0.510708 0.024357 0.033113
0 0.114384 0.631699 0.227813 0.433019
0 0.653827 0.596038 0.20059 0.285283
0 0.900027 0.648255 0.195336 0.346415
