0 0.444722 0.479301 0.017215 0.018703
0 0.430855 0.485422 0.012433 0.022103
0 0.39499 0.488823 0.028692 0.025504
0 0.361038 0.493923 0.046863 0.049307
0 0.186018 0.54068 0.098508 0.078212
0 0.4825 0.482872 0.008608 0.013602
0 0.484413 0.486272 0.008608 0.013602
0 0.525538 0.481172 0.008608 0.010202
0 0.519799 0.486272 0.018171 0.010202
0 0.517408 0.503275 0.022953 0.027204
0 0.492064 0.489673 0.012433 0.017003
0 0.468632 0.498174 0.026779 0.044207
0 0.555664 0.512626 0.070773 0.110516
2 0.411727 0.481172 0.018171 0.037406
2 0.308436 0.488823 0.05834 0.093514
2 0.01578 0.430164 0.031561 0.380857
0 0.969564 0.844741 0.05834 0.170025
