0 0.518558 0.479111 0.023874 0.050605
0 0.573652 0.466868 0.020201 0.032648
0 0.596608 0.472582 0.02571 0.04734
0 0.542891 0.479927 0.04132 0.065296
2 0.468974 0.439117 0.084477 0.163241
0 0.434081 0.49315 0.093659 0.125695
2 0.353277 0.452177 0.099169 0.101209
2 0.246762 0.458706 0.126716 0.146917
0 0.286246 0.548489 0.205683 0.222007
0 0.037865 0.665206 0.074377 0.357497
5 0.096632 0.478295 0.019283 0.09468
5 0.158613 0.479111 0.016528 0.079988
5 0.613136 0.482376 0.016528 0.109371
5 0.646192 0.490538 0.023874 0.13549
5 0.682921 0.530532 0.029383 0.26445
5 0.681085 0.561548 0.055094 0.319952
5 0.659965 0.595012 0.051421 0.308525
5 0.943939 0.519921 0.057848 0.21711
5 0.87599 0.537878 0.063358 0.295466
