0 0.489354 0.521631 0.023395 0.03466
0 0.529321 0.525963 0.029244 0.060655
0 0.553691 0.53896 0.054589 0.08665
0 0.415268 0.514699 0.023395 0.038126
0 0.388948 0.512966 0.027295 0.03466
0 0.366528 0.517298 0.019496 0.022529
0 0.325098 0.5095 0.036068 0.055456
0 0.300241 0.512099 0.027295 0.053723
0 0.265148 0.5069 0.042892 0.088383
0 0.211533 0.515565 0.093582 0.098781
0 0.065312 0.538094 0.130624 0.109178
0 0.630701 0.552824 0.118927 0.135173
0 0.889512 0.72959 0.217382 0.308473
0 0.450849 0.525096 0.061413 0.10398
