0 0.426253 0.482689 0.018626 0.03566
0 0.405478 0.489057 0.037252 0.058585
0 0.378971 0.48651 0.027223 0.068774
0 0.333839 0.48651 0.068774 0.104434
0 0.227096 0.490331 0.153308 0.178302
0 0.073788 0.53618 0.147577 0.229245
0 0.500042 0.478868 0.011462 0.022925
0 0.524399 0.491604 0.034387 0.053491
0 0.54016 0.513255 0.017193 0.045849
0 0.560219 0.542548 0.048715 0.104434
0 0.636873 0.569293 0.124652 0.229245
0 0.796986 0.629152 0.401896 0.557831
0 0.132712 0.515243 0.074985 0.146003
0 0.481572 0.481387 0.016663 0.019044
0 0.456577 0.477155 0.023805 0.027508
