5 0.046568 0.744735 0.053307 0.148411
5 0.785324 0.911026 0.040232 0.173444
5 0.75163 0.904768 0.035203 0.178808
0 0.124014 0.77245 0.141817 0.153775
0 0.245716 0.775132 0.073423 0.094768
0 0.372949 0.784073 0.05029 0.051854
0 0.308578 0.766192 0.044255 0.062583
6 0.464979 0.816258 0.035203 0.141258
3 0.465482 0.849338 0.030174 0.100132
5 0.622386 0.833245 0.020116 0.089404
5 0.578634 0.819834 0.015087 0.073311
0 0.40966 0.774238 0.027156 0.035762
0 0.492638 0.811788 0.042243 0.089404
0 0.432815 0.771181 0.017547 0.03466
0 0.343132 0.772914 0.025345 0.045058
5 0.870991 0.91242 0.028269 0.1681
5 0.70771 0.898556 0.023395 0.123042
