0 0.901161 0.402504 0.031592 0.047843
0 0.860794 0.400424 0.042123 0.047843
0 0.815746 0.388983 0.038612 0.020801
0 0.05169 0.401464 0.101796 0.099846
0 0.089133 0.397304 0.122857 0.079045
0 0.139446 0.392104 0.071374 0.076965
0 0.178058 0.390023 0.085415 0.060324
0 0.227201 0.391063 0.054993 0.054083
0 0.254697 0.382743 0.063184 0.049923
0 0.287459 0.379623 0.051483 0.039522
0 0.313201 0.378583 0.046803 0.041602
0 0.337187 0.379623 0.043293 0.031202
0 0.367609 0.374422 0.031592 0.033282
0 0.406807 0.378583 0.018721 0.024961
0 0.407977 0.365062 0.021061 0.022881
0 0.704004 0.396264 0.037442 0.047843
0 0.674753 0.396264 0.021061 0.035362
0 0.646086 0.394184 0.029252 0.027042
0 0.437228 0.362982 0.014041 0.014561
0 0.452439 0.361942 0.011701 0.016641
0 0.443664 0.385863 0.022231 0.027042
0 0.500412 0.393144 0.023401 0.029122
0 0.526739 0.374422 0.010531 0.016641
0 0.505092 0.362982 0.009361 0.014561
0 0.486371 0.359862 0.009361 0.012481
0 0.549555 0.372342 0.023401 0.020801
2 0.595188 0.391063 0.065524 0.091525
0 0.823937 0.474268 0.136898 0.149769
