0 0.477427 0.370312 0.010547 0.01875
0 0.46688 0.372656 0.00791 0.023437
0 0.460288 0.367968 0.010547 0.023437
0 0.450401 0.372656 0.009229 0.032812
0 0.439195 0.375 0.010547 0.0375
0 0.430625 0.376172 0.017139 0.049219
0 0.402281 0.378515 0.047461 0.077344
0 0.391075 0.39375 0.032959 0.065625
0 0.338999 0.391406 0.092285 0.107812
0 0.157725 0.441797 0.278174 0.283594
0 0.066099 0.528515 0.129199 0.396093
0 0.493907 0.36914 0.011865 0.025781
0 0.503794 0.372656 0.013184 0.032812
0 0.511045 0.376172 0.011865 0.025781
0 0.521592 0.378515 0.022412 0.039844
0 0.527525 0.384375 0.01582 0.051562
0 0.546641 0.384375 0.032959 0.060937
0 0.582896 0.401953 0.089648 0.105469
0 0.789878 0.43125 0.295312 0.328125
0 0.907871 0.553125 0.180615 0.464062
