0 0.631013 0.395616 0.014396 0.014929
0 0.643009 0.402014 0.009597 0.014929
0 0.651407 0.399881 0.009597 0.014929
0 0.662803 0.397749 0.013196 0.02346
0 0.671201 0.405213 0.010797 0.017062
0 0.617217 0.39455 0.010797 0.025592
0 0.60702 0.395616 0.014396 0.027725
2 0.56123 0.343768 0.078769 0.124504
2 0.491767 0.341822 0.0838 0.159001
2 0.325703 0.295734 0.245927 0.328436
0 0.680798 0.396682 0.013196 0.034123
0 0.688596 0.393483 0.016795 0.049052
0 0.698792 0.39455 0.017995 0.046919
0 0.701792 0.397749 0.016795 0.053317
0 0.722785 0.39455 0.046786 0.081043
0 0.761774 0.422275 0.086374 0.115166
