0 0.465985 0.626185 0.01911 0.028609
0 0.446372 0.620821 0.01207 0.021457
0 0.436817 0.621715 0.011064 0.030397
0 0.418712 0.626185 0.023133 0.042914
0 0.364902 0.629762 0.024139 0.035762
0 0.484592 0.624397 0.010058 0.014305
0 0.49465 0.624397 0.010058 0.032185
0 0.516777 0.627973 0.042243 0.053642
0 0.523818 0.647642 0.040232 0.053642
0 0.392059 0.63155 0.042243 0.064371
0 0.228114 0.658371 0.132765 0.135894
0 0.583663 0.644066 0.035203 0.060795
0 0.693294 0.656583 0.18406 0.114437
0 0.877355 0.674464 0.099574 0.096556
0 0.95983 0.677146 0.077446 0.087616
3 0.106916 0.663735 0.043249 0.075099
3 0.730509 0.711119 0.047272 0.123377
5 0.805943 0.728106 0.061353 0.389801
