0 0.44788 0.625828 0.013075 0.028609
0 0.430279 0.625828 0.014081 0.028609
0 0.40966 0.629404 0.021122 0.035762
0 0.37496 0.639238 0.048278 0.073311
0 0.220068 0.648179 0.100579 0.116225
0 0.104401 0.66606 0.150869 0.159139
0 0.163743 0.611523 0.044255 0.042914
0 0.029067 0.800166 0.058135 0.359404
0 0.51024 0.638344 0.035203 0.039338
0 0.738555 0.66606 0.089516 0.076887
0 0.632444 0.708973 0.124719 0.144834
5 0.687259 0.667848 0.01911 0.080464
5 0.886407 0.635662 0.025145 0.048278
0 0.864279 0.820728 0.266536 0.350464
