1 0.790489 0.484975 0.417656 0.964285
2 0.314795 0.551511 0.110652 0.113786
0 0.047387 0.589118 0.094379 0.096429
0 0.384766 0.567904 0.037969 0.042429
0 0.415684 0.569832 0.028205 0.038571
0 0.440635 0.567904 0.028205 0.034714
0 0.460161 0.570797 0.023866 0.025071
0 0.475891 0.563082 0.02929 0.028929
0 0.492163 0.562118 0.024951 0.027
0 0.51386 0.562118 0.022781 0.030857
0 0.531217 0.558261 0.016272 0.019286
5 0.111934 0.590082 0.013018 0.082929
5 0.220416 0.579475 0.015187 0.069429
5 0.238315 0.575618 0.016272 0.073286
0 0.589748 0.54789 0.019724 0.033312
