0 0.367806 0.415102 0.018597 0.040408
0 0.073182 0.468367 0.145676 0.165306
0 0.573233 0.454592 0.034094 0.053265
0 0.654853 0.486735 0.091952 0.139592
0 0.749904 0.490408 0.065089 0.08449
0 0.397063 0.428486 0.04236 0.066122
0 0.340756 0.414711 0.047526 0.071633
0 0.238989 0.446853 0.102283 0.154286
0 0.498313 0.486343 0.14361 0.273673
0 0.108023 0.677889 0.212832 0.512449
5 0.818093 0.48551 0.021696 0.080816
5 0.84494 0.497531 0.016531 0.082653
5 0.926043 0.510388 0.029962 0.126735
0 0.977375 0.60949 0.042667 0.115714
0 0.426441 0.431471 0.029779 0.042353
5 0.596035 0.448677 0.004467 0.034412
5 0.602736 0.448677 0.005956 0.039706
