0 0.849666 0.655912 0.299662 0.3991
0 0.498279 0.516227 0.024401 0.046851
0 0.420194 0.514492 0.014641 0.029499
0 0.429466 0.525771 0.019521 0.031234
0 0.442155 0.530977 0.025378 0.041645
0 0.468021 0.537917 0.041971 0.058997
0 0.545325 0.564132 0.106782 0.152327
0 0.358214 0.512757 0.009761 0.019087
0 0.409457 0.50061 0.006832 0.022558
0 0.350894 0.521433 0.012689 0.026028
0 0.331372 0.511889 0.012689 0.017352
0 0.280129 0.537917 0.03709 0.058997
0 0.233766 0.548329 0.067348 0.08329
0 0.160074 0.571754 0.097606 0.109319
