0 0.419677 0.533552 0.021061 0.031202
0 0.393936 0.534592 0.023401 0.041602
0 0.37931 0.532512 0.012871 0.049923
0 0.355323 0.533552 0.037442 0.056163
0 0.163432 0.596996 0.095946 0.108166
0 0.30267 0.548113 0.030422 0.056163
0 0.275174 0.553313 0.045633 0.074884
0 0.236561 0.576195 0.069034 0.079045
1 0.522058 0.509631 0.080735 0.149769
0 0.465895 0.574114 0.083075 0.124807
0 0.572957 0.540832 0.018721 0.049923
0 0.605719 0.537712 0.056163 0.060324
0 0.663637 0.546033 0.064354 0.101926
0 0.728576 0.554353 0.105306 0.143529
0 0.840318 0.594916 0.186041 0.17473
0 0.944454 0.616757 0.106476 0.197612
0 0.033554 0.620917 0.063184 0.110247
