0 0.108891 0.526875 0.216742 0.45462
0 0.929385 0.558418 0.140336 0.35575
5 0.444942 0.449047 0.011955 0.052669
5 0.523166 0.4934 0.015593 0.106263
0 0.540347 0.463306 0.071727 0.110883
0 0.595442 0.485021 0.091478 0.119199
0 0.674446 0.508121 0.151771 0.189425
0 0.799709 0.570955 0.170483 0.230082
0 0.395194 0.44384 0.008316 0.012936
0 0.40325 0.444302 0.005717 0.010164
0 0.367387 0.448922 0.010915 0.012012
0 0.285264 0.482957 0.112789 0.164476
0 0.381091 0.451294 0.014553 0.022177
0 0.415395 0.446674 0.016632 0.024025
0 0.468307 0.459086 0.025988 0.032341
2 0.444528 0.428286 0.038463 0.073922
