0 0.320625 0.470834 0.016875 0.03
0 0.295313 0.48 0.04125 0.058333
0 0.272344 0.478334 0.017813 0.041667
0 0.247969 0.4825 0.042188 0.05
0 0.152344 0.486667 0.040313 0.068333
1 0.067344 0.4625 0.133438 0.113333
0 0.074219 0.495278 0.100313 0.098333
0 0.010469 0.583611 0.019688 0.135
0 0.433438 0.464445 0.01125 0.016667
0 0.445625 0.461111 0.009375 0.013333
0 0.49625 0.468611 0.01125 0.011667
0 0.511719 0.467778 0.008438 0.01
0 0.521094 0.471111 0.010313 0.013333
0 0.525313 0.475278 0.01125 0.018333
0 0.539375 0.477778 0.016875 0.026667
0 0.551563 0.486111 0.020625 0.026667
0 0.490625 0.491945 0.03375 0.045
0 0.664219 0.521945 0.077813 0.098333
0 0.745969 0.535667 0.128438 0.146667
0 0.834094 0.5065 0.053438 0.031667
0 0.869532 0.595 0.19875 0.168333
0 0.976206 0.666429 0.045 0.2
0 0.381885 0.51 0.128438 0.183333
