0 0.186007 0.529949 0.067949 0.119166
0 0.391395 0.501557 0.01561 0.026119
0 0.372112 0.504005 0.017446 0.031016
0 0.350993 0.504005 0.024792 0.037545
0 0.329415 0.50727 0.02571 0.044075
0 0.44557 0.510535 0.011937 0.027751
0 0.454294 0.510535 0.009182 0.027751
0 0.463017 0.512984 0.011937 0.032648
0 0.47679 0.519513 0.017446 0.035913
0 0.498369 0.529308 0.040402 0.062031
0 0.303475 0.515024 0.045911 0.057134
0 0.085643 0.53423 0.167118 0.204051
0 0.598014 0.580754 0.086313 0.114268
0 0.730698 0.608505 0.206601 0.228537
0 0.885172 0.722343 0.227721 0.40974
0 0.434628 0.509039 0.011019 0.024486
0 0.411672 0.504958 0.023874 0.032648
