0 0.399731 0.487469 0.017564 0.036735
0 0.38165 0.49298 0.020663 0.036735
0 0.364603 0.49298 0.021696 0.047755
0 0.350656 0.494816 0.02273 0.055102
0 0.339291 0.493898 0.028929 0.060612
0 0.324826 0.49849 0.037194 0.077143
0 0.420911 0.486551 0.010332 0.027551
0 0.429693 0.487469 0.013431 0.025714
0 0.435891 0.490224 0.015497 0.042245
0 0.444673 0.499408 0.028929 0.053265
0 0.286703 0.506939 0.073355 0.099184
0 0.461514 0.501428 0.054758 0.088163
0 0.869303 0.552857 0.208699 0.128571
0 0.970553 0.551939 0.02273 0.07898
