0 0.101086 0.434832 0.199607 0.235286
0 0.212822 0.393368 0.11933 0.133071
0 0.262724 0.367332 0.095464 0.115714
0 0.310456 0.362511 0.045562 0.079071
0 0.861545 0.586225 0.273375 0.530357
0 0.520911 0.385654 0.082446 0.117643
0 0.446601 0.359618 0.042308 0.057857
0 0.781268 0.432904 0.091125 0.092571
0 0.581119 0.369261 0.02929 0.034714
0 0.60173 0.375047 0.024951 0.034714
0 0.619088 0.379868 0.024951 0.044357
5 0.653802 0.390475 0.009763 0.061714
5 0.667904 0.393368 0.014103 0.055929
5 0.345713 0.325868 0.007594 0.0405
0 0.372267 0.34663 0.032497 0.037547
0 0.409669 0.336536 0.018442 0.028929
