0 0.64004 0.424737 0.161162 0.123831
0 0.322496 0.384674 0.066923 0.072842
0 0.230305 0.376176 0.079215 0.094694
0 0.492264 0.382134 0.032235 0.038626
0 0.375761 0.372534 0.012292 0.019424
0 0.409223 0.372534 0.010926 0.014568
0 0.274693 0.381032 0.02595 0.065558
0 0.298594 0.370106 0.027316 0.053417
0 0.278108 0.340969 0.021853 0.024281
0 0.475463 0.37739 0.017755 0.038849
0 0.467269 0.376176 0.015024 0.031565
0 0.462488 0.37132 0.013658 0.026709
0 0.452245 0.372534 0.012292 0.024281
0 0.445416 0.366464 0.00956 0.021853
0 0.43927 0.376176 0.013658 0.01214
