5 0.268336 0.685857 0.039762 0.123357
5 0.43518 0.678234 0.011695 0.044353
5 0.449604 0.674076 0.010915 0.041581
5 0.45818 0.674076 0.009356 0.041581
5 0.466366 0.666453 0.013254 0.054055
5 0.584482 0.658829 0.028067 0.141376
5 0.942859 0.728824 0.095117 0.353439
5 0.817726 0.669225 0.086541 0.358983
5 0.72105 0.660908 0.047558 0.16771
5 0.518732 0.641504 0.02183 0.112269
5 0.69961 0.64289 0.035864 0.090092
0 0.522738 0.658367 0.028067 0.041581
0 0.377 0.699948 0.007017 0.016632
0 0.390644 0.693711 0.015593 0.026335
0 0.367255 0.697176 0.018711 0.024949
0 0.353611 0.694404 0.011695 0.038809
6 0.403341 0.68985 0.007796 0.016632
4 0.403215 0.698793 0.008576 0.015246
1 0.314985 0.657443 0.068609 0.110883
5 0.00861 0.701786 0.017219 0.168367
