0 0.57075 0.512099 0.188138 0.213158
0 0.030219 0.454044 0.058488 0.124775
0 0.05264 0.450578 0.058488 0.117843
0 0.099918 0.439313 0.073111 0.105712
0 0.131112 0.42285 0.07701 0.117843
0 0.175465 0.438447 0.031194 0.065854
0 0.186676 0.434981 0.02632 0.05199
0 0.209584 0.434114 0.040942 0.050257
0 0.233954 0.426316 0.027295 0.055456
0 0.252475 0.426316 0.025345 0.041592
0 0.293905 0.434981 0.02632 0.031194
0 0.319737 0.427182 0.021446 0.029461
0 0.343132 0.42025 0.013647 0.029461
0 0.35288 0.428049 0.015597 0.031194
0 0.370427 0.434114 0.035093 0.043325
0 0.407957 0.452311 0.039967 0.083184
0 0.425991 0.452311 0.031194 0.10398
0 0.479605 0.465308 0.116977 0.157702
