0 0.389633 0.480301 0.025742 0.035362
0 0.376178 0.444939 0.017551 0.027042
0 0.395367 0.449099 0.016147 0.022881
0 0.360499 0.437658 0.010531 0.016641
0 0.355233 0.449099 0.011701 0.018721
0 0.352893 0.455339 0.011701 0.022881
0 0.342948 0.457419 0.010531 0.022881
0 0.333587 0.46366 0.017551 0.022881
0 0.309016 0.487581 0.012871 0.033282
0 0.293103 0.484669 0.030422 0.043683
0 0.261511 0.487789 0.039782 0.049923
0 0.223191 0.50131 0.057918 0.064484
0 0.164395 0.517951 0.064354 0.093606
0 0.086585 0.518991 0.121687 0.128968
0 0.413912 0.451387 0.010531 0.022881
0 0.419178 0.460748 0.009361 0.020801
0 0.423273 0.462828 0.012871 0.020801
0 0.431463 0.472188 0.015211 0.027042
0 0.439654 0.478429 0.019891 0.043683
0 0.45311 0.481549 0.028082 0.045763
0 0.474756 0.489869 0.036272 0.070724
0 0.501083 0.49611 0.044463 0.095686
0 0.018721 0.525231 0.037442 0.17473
0 0.54078 0.493683 0.090095 0.120647
