0 0.041601 0.400016 0.08007 0.075
0 0.417427 0.390306 0.007749 0.018367
0 0.430341 0.392602 0.012915 0.022959
0 0.441534 0.396429 0.014636 0.030612
0 0.452727 0.39949 0.023246 0.042857
0 0.466072 0.405612 0.027551 0.04898
0 0.483291 0.408674 0.034439 0.061225
0 0.539685 0.417857 0.090402 0.10102
0 0.248164 0.389847 0.021524 0.02602
0 0.272701 0.386021 0.018941 0.027551
0 0.225779 0.399796 0.021524 0.073469
0 0.13839 0.435 0.180804 0.192857
0 0.64421 0.425817 0.104177 0.094898
0 0.862281 0.513604 0.268623 0.247959
0 0.301831 0.384184 0.024107 0.018367
