0 0.10628 0.500235 0.138715 0.077694
0 0.356958 0.514286 0.096084 0.056939
0 0.453042 0.520714 0.052691 0.040408
0 0.491062 0.523102 0.052691 0.033061
0 0.514309 0.517592 0.018597 0.022041
0 0.537038 0.521265 0.028929 0.029388
0 0.752969 0.522184 0.012398 0.012857
0 0.740571 0.521265 0.012398 0.014694
0 0.726314 0.520845 0.008265 0.014694
0 0.717532 0.521764 0.009298 0.020204
0 0.683179 0.529504 0.023246 0.028338
0 0.632296 0.529898 0.027895 0.034898
0 0.924164 0.562041 0.150842 0.18
0 0.799668 0.526224 0.024796 0.016531
0 0.733718 0.522245 0.009298 0.01102
