6 0.480939 0.508696 0.037453 0.154308
3 0.491213 0.553112 0.085926 0.099293
0 0.07447 0.467504 0.055852 0.055375
0 0.164155 0.481825 0.089149 0.064922
0 0.272101 0.483734 0.049408 0.091655
0 0.309693 0.478006 0.032222 0.03819
0 0.390249 0.468458 0.017185 0.022914
0 0.449324 0.504739 0.058 0.068741
0 0.630307 0.487553 0.035445 0.053465
0 0.749709 0.490417 0.017185 0.024823
0 0.933913 0.563932 0.127816 0.18331
0 0.057519 0.701924 0.113455 0.351344
0 0.722857 0.496464 0.024704 0.024823
0 0.966391 0.589265 0.064445 0.244413
6 0.763595 0.48037 0.009667 0.026733
4 0.762853 0.507921 0.013963 0.030552
5 0.780038 0.486917 0.022556 0.076379
