0 0.1117 0.507508 0.141199 0.151312
0 0.489605 0.466327 0.008036 0.018367
0 0.427615 0.472959 0.013202 0.015306
0 0.351419 0.483163 0.033578 0.042857
0 0.502232 0.467857 0.013776 0.021429
0 0.51773 0.471684 0.017219 0.029082
0 0.534088 0.47551 0.017219 0.036735
0 0.547864 0.480102 0.029273 0.055102
0 0.575558 0.486225 0.050797 0.073469
0 0.629656 0.507908 0.089541 0.096429
0 0.862107 0.463065 0.113955 0.091727
0 0.06242 0.557143 0.12398 0.235714
0 0.95912 0.61148 0.078348 0.169898
0 0.314828 0.485715 0.043048 0.067347
0 0.383906 0.478317 0.021524 0.02602
0 0.410568 0.473725 0.019745 0.022959
0 0.449283 0.469898 0.009471 0.012245
0 0.440386 0.469133 0.012341 0.016837
0 0.474538 0.465306 0.011193 0.018367
0 0.759929 0.548834 0.183387 0.177551
0 0.749597 0.45011 0.045631 0.016837
