0 0.485793 0.432836 0.006309 0.017334
0 0.496404 0.434875 0.010324 0.019373
0 0.509309 0.437424 0.016633 0.020393
0 0.584157 0.442013 0.037854 0.054041
0 0.608532 0.45119 0.048751 0.054041
0 0.059445 0.412973 0.036707 0.05506
2 0.12698 0.36658 0.095782 0.094826
2 0.466809 0.416012 0.016633 0.024471
2 0.54137 0.424679 0.049899 0.088708
0 0.474514 0.432836 0.014912 0.021412
0 0.458454 0.432836 0.017206 0.023452
0 0.442108 0.430287 0.015486 0.022432
0 0.646788 0.463935 0.060222 0.063218
0 0.809503 0.486367 0.127327 0.124396
5 0.677931 0.438954 0.009177 0.029569
5 0.710337 0.462406 0.016633 0.072394
5 0.904906 0.483781 0.022925 0.114623
0 0.254319 0.406274 0.015761 0.015283
