0 0.348153 0.416999 0.016373 0.036037
0 0.345035 0.422543 0.014813 0.033265
0 0.335289 0.426008 0.009356 0.031879
0 0.31268 0.42185 0.028067 0.023563
0 0.313459 0.435017 0.023389 0.024949
0 0.371153 0.425315 0.006237 0.01386
0 0.376317 0.425975 0.007796 0.016632
0 0.14944 0.462012 0.137218 0.152464
0 0.396102 0.422345 0.012474 0.030493
0 0.4 0.426503 0.009356 0.038809
0 0.403898 0.430661 0.010915 0.052669
0 0.422999 0.426503 0.033525 0.058214
0 0.419101 0.438978 0.017932 0.052669
0 0.434694 0.452838 0.024169 0.083162
0 0.4744 0.453531 0.093557 0.128901
6 0.260597 0.442839 0.020271 0.074846
3 0.268003 0.453234 0.041321 0.056827
