0 0.627431 0.39189 0.023917 0.034016
0 0.554683 0.383032 0.013155 0.019134
0 0.566641 0.38941 0.013155 0.023386
0 0.464594 0.394725 0.044247 0.068032
0 0.593748 0.415984 0.058597 0.080787
0 0.513824 0.42874 0.086102 0.127559
5 0.74343 0.411732 0.011959 0.06378
5 0.879759 0.432284 0.01435 0.068032
5 0.861821 0.422717 0.021526 0.074409
5 0.831924 0.416339 0.011959 0.078661
5 0.822358 0.419882 0.009567 0.070157
5 0.813389 0.422008 0.010763 0.070157
5 0.803224 0.417756 0.011959 0.057402
0 0.304006 0.380855 0.216452 0.348662
0 0.978981 0.539788 0.039464 0.172205
