0 0.577697 0.319195 0.016824 0.020393
0 0.59261 0.320555 0.013 0.012236
0 0.615551 0.316476 0.023707 0.031269
0 0.635817 0.324633 0.013765 0.017674
0 0.69776 0.321914 0.030589 0.039426
0 0.726055 0.322594 0.039766 0.048943
0 0.289249 0.351435 0.052766 0.044864
0 0.243365 0.370468 0.057355 0.047583
0 0.336662 0.346677 0.017589 0.021752
0 0.367633 0.342598 0.012236 0.016314
0 0.395928 0.33852 0.012236 0.019033
0 0.406635 0.335121 0.012236 0.014955
0 0.468195 0.332402 0.01453 0.020393
0 0.484637 0.335801 0.021412 0.02719
0 0.047595 0.377266 0.094062 0.058459
0 0.954162 0.335245 0.091068 0.12151
0 0.545472 0.333785 0.032717 0.044388
0 0.508607 0.329082 0.017219 0.021429
0 0.449631 0.331378 0.012915 0.019898
0 0.42208 0.339031 0.009471 0.013776
