5 0.284528 0.504028 0.020394 0.093839
5 0.264734 0.500829 0.016795 0.095972
5 0.318118 0.508293 0.017995 0.068246
5 0.303722 0.494431 0.015595 0.087441
5 0.250938 0.507227 0.015595 0.057583
5 0.239541 0.500829 0.011996 0.057583
5 0.226945 0.47417 0.013196 0.059716
5 0.215548 0.470971 0.011996 0.031991
5 0.053597 0.436848 0.016795 0.027725
5 0.021806 0.44218 0.015595 0.038389
0 0.132967 0.548815 0.265934 0.354028
5 0.74759 0.50936 0.020394 0.070379
5 0.787779 0.493365 0.011996 0.085308
5 0.797376 0.499763 0.009597 0.076777
5 0.877752 0.555213 0.047986 0.290047
5 0.829166 0.525355 0.029991 0.204739
5 0.862156 0.56481 0.031191 0.232464
5 0.909542 0.528554 0.022793 0.177014
5 0.934735 0.542417 0.063581 0.31564
5 0.965268 0.537085 0.069464 0.381753
0 0.435083 0.594668 0.223134 0.317772
1 0.558047 0.444312 0.363492 0.21327
