0 0.101429 0.407994 0.063536 0.062601
0 0.090329 0.414118 0.048992 0.063962
0 0.029472 0.384178 0.058943 0.085736
0 0.446209 0.41371 0.020668 0.019052
0 0.384587 0.419153 0.016841 0.013609
0 0.41291 0.417112 0.012248 0.01497
0 0.429368 0.416432 0.013013 0.016331
0 0.47415 0.408947 0.010717 0.012248
0 0.485097 0.407586 0.017606 0.017692
0 0.586372 0.424869 0.013779 0.024496
0 0.600917 0.42691 0.026027 0.036744
0 0.603979 0.434395 0.019903 0.032661
0 0.539294 0.405817 0.005358 0.010887
0 0.675706 0.456169 0.042102 0.073488
0 0.953718 0.584814 0.088305 0.164585
0 0.034883 0.471139 0.069766 0.136089
0 0.357641 0.421195 0.047461 0.06124
0 0.546949 0.408402 0.009951 0.013881
0 0.501096 0.408266 0.019903 0.021774
0 0.628934 0.431401 0.038275 0.040827
0 0.533936 0.405817 0.00842 0.010887
0 0.527812 0.405136 0.009951 0.01497
0 0.519774 0.405136 0.012248 0.01497
0 0.717502 0.455353 0.06966 0.095262
