0 0.408986 0.549355 0.019134 0.02126
0 0.394038 0.552543 0.017938 0.027638
0 0.388657 0.556795 0.019134 0.027638
2 0.336038 0.525969 0.086102 0.153071
0 0.188947 0.595063 0.095669 0.087165
0 0.038268 0.617386 0.076535 0.131811
0 0.270266 0.575292 0.059793 0.080787
0 0.496883 0.543402 0.017938 0.025512
0 0.499274 0.54978 0.010763 0.02126
0 0.52379 0.550843 0.028701 0.044646
0 0.581191 0.572103 0.05501 0.078661
0 0.687025 0.592299 0.118391 0.136063
0 0.825148 0.620788 0.249936 0.231732
0 0.952712 0.690644 0.090896 0.199241
