0 0.338566 0.583317 0.043909 0.062755
0 0.286046 0.597092 0.076626 0.078061
0 0.100077 0.649133 0.033578 0.081122
0 0.478884 0.555831 0.023246 0.021429
0 0.455207 0.559658 0.020663 0.022959
0 0.435835 0.56425 0.014636 0.022959
0 0.406132 0.580321 0.049936 0.073469
0 0.628139 0.534949 0.018941 0.032143
0 0.634596 0.541837 0.01808 0.033673
0 0.64665 0.547194 0.028412 0.041327
0 0.677214 0.542602 0.06199 0.081122
0 0.735473 0.569541 0.066295 0.09949
0 0.781965 0.581021 0.08007 0.140816
2 0.89551 0.564826 0.20465 0.287755
0 0.980016 0.690336 0.036161 0.202041
0 0.042734 0.63753 0.085468 0.20051
2 0.606397 0.517925 0.0353 0.085714
0 0.184521 0.624303 0.105899 0.093367
