2 0.405126 0.599557 0.019121 0.070414
2 0.422881 0.603199 0.032779 0.06313
2 0.463854 0.594701 0.013658 0.055845
2 0.443367 0.592273 0.030047 0.060701
2 0.247378 0.594701 0.064192 0.09955
2 0.051388 0.616554 0.101068 0.157824
0 0.297911 0.617768 0.042339 0.058273
5 0.584726 0.597129 0.012292 0.055845
5 0.521217 0.600771 0.008195 0.048561
5 0.496633 0.603199 0.008195 0.048561
6 0.688526 0.583775 0.015024 0.106835
5 0.529412 0.603199 0.008195 0.06313
5 0.534875 0.600771 0.005463 0.048561
5 0.549899 0.605627 0.010926 0.06313
5 0.571068 0.601985 0.012292 0.080126
5 0.581994 0.593487 0.006829 0.048561
5 0.594969 0.604413 0.010926 0.065558
5 0.60453 0.594701 0.013658 0.080126
5 0.621602 0.594701 0.017755 0.094694
5 0.808715 0.597129 0.023218 0.118975
5 0.210501 0.614126 0.006829 0.046133
5 0.202307 0.617768 0.00956 0.043705
5 0.195478 0.620196 0.006829 0.058273
5 0.183186 0.629908 0.004097 0.043705
5 0.175674 0.623838 0.008195 0.050989
5 0.164748 0.612912 0.008195 0.029137
0 0.095093 0.656617 0.155699 0.140827
0 0.358689 0.631122 0.092873 0.167536
3 0.709012 0.642048 0.06146 0.126259
