0 0.057145 0.584515 0.114289 0.266256
0 0.144711 0.567874 0.154449 0.228814
0 0.234221 0.569954 0.087755 0.124807
0 0.271663 0.559554 0.069034 0.104006
0 0.313786 0.565794 0.029252 0.066564
0 0.330752 0.557473 0.030422 0.062404
0 0.345378 0.548113 0.024571 0.047843
0 0.45829 0.541872 0.009361 0.018721
0 0.46882 0.544993 0.011701 0.024961
0 0.484031 0.541872 0.018721 0.031202
0 0.506263 0.553313 0.030422 0.058243
0 0.37346 0.549153 0.050313 0.087365
0 0.437228 0.572034 0.058504 0.091525
0 0.615664 0.585555 0.125198 0.189291
0 0.526154 0.558513 0.011701 0.035362
0 0.770113 0.606356 0.073714 0.081125
5 0.950304 0.612597 0.010531 0.068644
5 0.902916 0.607396 0.018721 0.079045
5 0.931083 0.608957 0.019891 0.081125
5 0.889546 0.602716 0.014041 0.072804
5 0.852689 0.604796 0.017551 0.076965
5 0.8679 0.612077 0.017551 0.070724
5 0.716375 0.582955 0.011701 0.049923
