5 0.280745 0.689731 0.011698 0.055456
5 0.29098 0.697529 0.008773 0.039859
0 0.024858 0.773781 0.047766 0.23742
0 0.434764 0.794577 0.241752 0.376059
0 0.233466 0.728723 0.094556 0.095315
0 0.174978 0.69233 0.080909 0.057189
0 0.113565 0.691464 0.032169 0.038126
0 0.333384 0.629076 0.015597 0.027728
0 0.807628 0.748652 0.305115 0.332734
0 0.643373 0.732189 0.107229 0.164634
0 0.58196 0.70966 0.077985 0.126508
0 0.542481 0.693197 0.028269 0.062388
0 0.528833 0.669801 0.016572 0.025995
1 0.445487 0.578819 0.15012 0.166367
