0 0.689493 0.617347 0.014636 0.018367
0 0.71317 0.625 0.022385 0.033673
0 0.702408 0.635715 0.02669 0.02449
0 0.748039 0.616582 0.011193 0.029082
0 0.65979 0.646429 0.032717 0.045918
0 0.638696 0.66097 0.0353 0.047449
0 0.616741 0.629592 0.024107 0.02449
0 0.618463 0.668623 0.034439 0.053571
0 0.588329 0.675511 0.037883 0.085714
0 0.683897 0.696174 0.049936 0.090306
0 0.69552 0.701531 0.047353 0.10102
0 0.736847 0.714541 0.104177 0.142347
0 0.859248 0.747449 0.234184 0.238776
0 0.466878 0.786765 0.006888 0.009184
0 0.411776 0.750796 0.404656 0.491327
0 0.102141 0.743142 0.204282 0.212755
