0 0.495453 0.433471 0.011996 0.025592
2 0.509249 0.412144 0.027592 0.046919
0 0.511048 0.437737 0.023993 0.034123
0 0.526644 0.438803 0.011996 0.02346
1 0.544038 0.422808 0.03479 0.063981
0 0.563233 0.443068 0.015595 0.02346
0 0.486456 0.433471 0.015595 0.034123
0 0.476259 0.43667 0.019194 0.036256
0 0.441469 0.435604 0.019194 0.034123
0 0.461263 0.443068 0.03239 0.049052
0 0.506849 0.525177 0.109168 0.149289
0 0.659204 0.524111 0.140358 0.168483
0 0.018969 0.569279 0.037939 0.159952
1 0.244277 0.383734 0.410278 0.586493
0 0.845361 0.620616 0.307109 0.503317
5 0.043937 0.460511 0.031191 0.113033
5 0.577628 0.436564 0.008398 0.036256
5 0.608819 0.436564 0.008398 0.031991
5 0.618416 0.435497 0.008398 0.029858
5 0.624415 0.434431 0.008398 0.027725
5 0.632212 0.430166 0.009597 0.027725
5 0.642409 0.430166 0.010797 0.019194
5 0.662803 0.430166 0.013196 0.027725
5 0.752177 0.455758 0.019194 0.066114
5 0.765973 0.445095 0.013196 0.031991
