0 0.053484 0.66356 0.106968 0.158089
0 0.971098 0.738444 0.056798 0.262096
0 0.894458 0.67396 0.210077 0.241294
0 0.80346 0.634438 0.063184 0.128968
0 0.199119 0.642759 0.085415 0.087365
0 0.278684 0.632358 0.036272 0.070724
0 0.328412 0.613637 0.053823 0.062404
2 0.361174 0.583475 0.077225 0.076965
0 0.406222 0.595956 0.019891 0.043683
0 0.436643 0.594916 0.036272 0.049923
0 0.423188 0.570994 0.018721 0.014561
0 0.46414 0.584515 0.016381 0.033282
0 0.478181 0.574114 0.011701 0.024961
0 0.490467 0.570994 0.00819 0.018721
0 0.501582 0.580355 0.018721 0.029122
0 0.519133 0.575154 0.016381 0.018721
0 0.53961 0.567874 0.012871 0.020801
2 0.644331 0.572034 0.058504 0.120647
0 0.588752 0.570994 0.010531 0.027042
0 0.684113 0.567874 0.016381 0.029122
