0 0.481431 0.473228 0.009361 0.016641
0 0.474118 0.473748 0.007605 0.017681
0 0.468561 0.474788 0.00819 0.023921
0 0.459785 0.476868 0.014041 0.026002
0 0.455397 0.480508 0.011116 0.027042
0 0.449254 0.479468 0.014041 0.033282
0 0.438431 0.481549 0.018136 0.039522
0 0.430241 0.487269 0.015796 0.034322
0 0.421465 0.487789 0.016966 0.043683
0 0.393384 0.483109 0.041537 0.075924
0 0.384901 0.493509 0.028082 0.069684
0 0.353016 0.495069 0.056748 0.095686
0 0.334295 0.51327 0.055578 0.088405
0 0.509805 0.446186 0.035687 0.016641
0 0.542567 0.466468 0.012286 0.015601
0 0.546663 0.483629 0.008776 0.043683
0 0.553683 0.486749 0.008776 0.045763
0 0.560411 0.487789 0.009361 0.054083
0 0.568016 0.490389 0.010531 0.057203
0 0.582057 0.492469 0.028082 0.063444
0 0.58235 0.496629 0.014626 0.067604
0 0.617452 0.494029 0.069619 0.110247
0 0.650506 0.51483 0.095946 0.126888
0 0.791201 0.529911 0.251565 0.315139
0 0.267302 0.528351 0.119932 0.128968
0 0.514544 0.50651 0.066109 0.106086
0 0.068976 0.551233 0.137951 0.257935
0 0.90265 0.631421 0.192476 0.50651
