0 0.15359 0.59488 0.30718 0.343197
0 0.314977 0.490657 0.06705 0.074846
0 0.30796 0.444918 0.091998 0.055441
0 0.471686 0.457392 0.023389 0.038809
0 0.480651 0.459471 0.007017 0.020791
0 0.502871 0.465708 0.015593 0.033265
0 0.583954 0.474024 0.073287 0.088706
0 0.547311 0.521843 0.120065 0.162166
0 0.441669 0.474717 0.045999 0.054055
5 0.812001 0.500359 0.039762 0.149692
5 0.958184 0.520457 0.074846 0.239784
5 0.915694 0.519764 0.039762 0.135832
5 0.899321 0.511447 0.04444 0.144148
5 0.868135 0.493429 0.033525 0.155236
5 0.898931 0.49135 0.034304 0.162166
5 0.413992 0.469866 0.010915 0.041581
5 0.377738 0.463629 0.010135 0.037423
5 0.35123 0.467094 0.010135 0.08039
5 0.70285 0.483034 0.024169 0.092864
5 0.679461 0.474717 0.010135 0.076232
5 0.670885 0.478876 0.010135 0.056827
5 0.665038 0.47541 0.012474 0.055441
5 0.65958 0.471252 0.006237 0.063758
5 0.652953 0.472638 0.010135 0.058214
5 0.646326 0.469866 0.010915 0.06653
5 0.636191 0.483034 0.015593 0.037423
5 0.634242 0.448383 0.010135 0.034651
2 0.467787 0.449076 0.031186 0.052669
