0 0.059367 0.436939 0.021372 0.016887
0 0.126451 0.449604 0.034433 0.033773
0 0.226781 0.447493 0.03562 0.033773
0 0.257058 0.446438 0.022559 0.027441
0 0.277243 0.433773 0.020185 0.006332
0 0.279024 0.445383 0.030871 0.02533
0 0.304552 0.443272 0.022559 0.021108
0 0.322362 0.440106 0.020185 0.018997
0 0.371042 0.444327 0.01781 0.023219
0 0.382916 0.443272 0.008311 0.029551
0 0.389446 0.442216 0.009499 0.027441
0 0.341359 0.453826 0.032058 0.037995
0 0.172164 0.485136 0.113984 0.099208
0 0.423087 0.500968 0.102111 0.147757
0 0.484077 0.439472 0.024934 0.037995
0 0.486451 0.448971 0.015435 0.035884
0 0.513166 0.450026 0.037995 0.059103
0 0.663246 0.498364 0.164802 0.202216
2 0.038588 0.468602 0.077177 0.118206
