0 0.546957 0.477735 0.008265 0.009184
0 0.540758 0.477735 0.008265 0.009184
0 0.535592 0.478653 0.008265 0.01102
0 0.5234 0.483428 0.006199 0.014694
0 0.511519 0.477918 0.009298 0.018367
0 0.501704 0.486184 0.008265 0.012857
0 0.514619 0.484347 0.011365 0.016531
0 0.491372 0.486184 0.010332 0.016531
0 0.483107 0.488939 0.008265 0.018367
0 0.473809 0.485265 0.016531 0.025714
0 0.457795 0.489857 0.027895 0.042245
0 0.427316 0.495367 0.02273 0.027551
0 0.409752 0.497204 0.02273 0.034898
0 0.391156 0.499041 0.02273 0.038571
0 0.367703 0.502714 0.040293 0.045918
0 0.318111 0.515571 0.052691 0.056939
0 0.233805 0.518143 0.067156 0.086327
0 0.068189 0.530633 0.113648 0.053265
0 0.164273 0.537061 0.105383 0.080816
0 0.571585 0.481959 0.011365 0.036735
0 0.581154 0.484531 0.015497 0.036735
0 0.595618 0.489122 0.025829 0.060612
0 0.619381 0.490959 0.052691 0.07898
0 0.632812 0.512082 0.032028 0.077143
0 0.673622 0.523102 0.086786 0.106531
0 0.862691 0.575816 0.273788 0.596939
