5 0.194923 0.63745 0.040232 0.219934
5 0.261305 0.601689 0.026151 0.13053
5 0.125523 0.623146 0.054313 0.230662
5 0.074731 0.613311 0.047272 0.203841
5 0.519795 0.629404 0.028162 0.09298
5 0.893447 0.643709 0.017099 0.067947
5 0.017949 0.684458 0.034288 0.478453
2 0.226103 0.553411 0.241391 0.180596
0 0.715422 0.650861 0.202165 0.157351
0 0.446875 0.612417 0.023133 0.030397
0 0.397088 0.602583 0.028162 0.050066
0 0.483586 0.613311 0.032185 0.042914
0 0.508731 0.616887 0.024139 0.042914
0 0.427262 0.606159 0.024139 0.025033
0 0.972402 0.649967 0.052301 0.048278
