5 0.739824 0.406907 0.014305 0.055102
6 0.554928 0.376177 0.008345 0.03179
6 0.545987 0.375118 0.007153 0.02967
3 0.545152 0.39843 0.008345 0.021193
3 0.555285 0.400549 0.009537 0.016954
0 0.475533 0.350746 0.008345 0.019074
0 0.491031 0.357103 0.008345 0.019074
0 0.458247 0.361342 0.011921 0.010597
0 0.456459 0.374058 0.010729 0.014835
0 0.478513 0.377237 0.011921 0.012716
0 0.50772 0.371939 0.025034 0.048744
0 0.406868 0.376177 0.008345 0.019074
0 0.36872 0.381476 0.013113 0.02967
0 0.358587 0.382535 0.011921 0.036028
0 0.34607 0.380416 0.013113 0.044505
0 0.268463 0.371939 0.021458 0.074176
0 0.530966 0.377237 0.021458 0.038148
0 0.565418 0.391012 0.015497 0.044505
0 0.583896 0.392072 0.030995 0.046625
0 0.612507 0.395251 0.040532 0.057221
0 0.627408 0.403728 0.032187 0.057221
0 0.213388 0.371939 0.095369 0.108085
0 0.434524 0.382535 0.032187 0.040267
0 0.305419 0.382535 0.078679 0.095369
0 0.668774 0.407967 0.078679 0.095369
0 0.085236 0.39843 0.170472 0.271271
