5 0.071301 0.351435 0.01453 0.077492
5 0.054095 0.359592 0.018353 0.063897
5 0.035741 0.344637 0.019883 0.082931
5 0.089655 0.349396 0.029824 0.097885
5 0.339157 0.362311 0.009941 0.029909
5 0.364393 0.362311 0.005353 0.029909
0 0.377776 0.362764 0.024471 0.031269
0 0.419836 0.366163 0.02753 0.059819
2 0.517721 0.356647 0.041295 0.043505
0 0.441736 0.362991 0.013 0.024471
0 0.480813 0.358912 0.018353 0.016314
0 0.457107 0.335121 0.009177 0.012236
0 0.466283 0.345317 0.012236 0.021752
0 0.486923 0.371785 0.024471 0.024471
0 0.405097 0.371785 0.042825 0.062538
0 0.529748 0.376894 0.052002 0.082768
