0 0.532139 0.390234 0.009229 0.021094
0 0.52291 0.386718 0.009229 0.01875
0 0.504453 0.401953 0.011865 0.025781
0 0.482041 0.412734 0.043506 0.047344
0 0.432603 0.39375 0.026367 0.01875
0 0.43458 0.421875 0.046143 0.046875
0 0.364707 0.42539 0.085693 0.086719
0 0.299449 0.432422 0.044824 0.063281
0 0.244078 0.446484 0.060644 0.086719
0 0.186729 0.464062 0.059326 0.084375
0 0.099058 0.480703 0.123926 0.127031
0 0.021184 0.50625 0.042369 0.117187
0 0.548618 0.392578 0.01582 0.053906
0 0.56312 0.397265 0.018457 0.039844
0 0.576304 0.403125 0.026367 0.046875
0 0.607945 0.398437 0.055371 0.075
0 0.626402 0.424218 0.058008 0.075
0 0.70023 0.435937 0.129199 0.182812
0 0.897324 0.560156 0.204346 0.332812
