6 0.443659 0.487961 0.010723 0.020796
6 0.501173 0.516555 0.034118 0.102247
6 0.425138 0.500092 0.012673 0.03466
4 0.444147 0.505291 0.009748 0.01733
4 0.425138 0.517422 0.016572 0.031194
4 0.501173 0.550349 0.032169 0.090116
0 0.414456 0.503434 0.010723 0.025995
0 0.403246 0.503434 0.017547 0.036393
0 0.387161 0.506034 0.02437 0.045058
0 0.378388 0.5095 0.022421 0.041592
0 0.36864 0.508633 0.020471 0.050257
0 0.349631 0.512966 0.035093 0.058922
0 0.309664 0.510077 0.054589 0.083184
0 0.29098 0.526541 0.058164 0.091849
0 0.255237 0.532606 0.057514 0.114377
0 0.1909 0.545604 0.117952 0.157702
0 0.075548 0.567266 0.151095 0.211425
0 0.471222 0.518165 0.04874 0.076252
