0 0.477217 0.476546 0.007346 0.011427
0 0.473544 0.478178 0.007346 0.011427
0 0.517619 0.476546 0.012855 0.024486
0 0.569761 0.473281 0.010101 0.021221
0 0.583075 0.474914 0.022037 0.024486
0 0.584912 0.485524 0.014692 0.026119
0 0.599603 0.501032 0.034893 0.057134
0 0.82188 0.480627 0.019283 0.022854
0 0.790201 0.482259 0.044075 0.039178
0 0.719039 0.483892 0.076213 0.045707
0 0.638759 0.514091 0.07254 0.086518
0 0.433076 0.481443 0.010101 0.024486
0 0.430321 0.479811 0.008264 0.027751
0 0.418384 0.478178 0.01561 0.037545
0 0.405988 0.479811 0.018365 0.034281
0 0.38946 0.483892 0.02571 0.035913
0 0.314559 0.4692 0.082641 0.114268
0 0.037451 0.487973 0.074901 0.073458
0 0.342565 0.497184 0.081722 0.09468
0 0.455048 0.482493 0.033056 0.045707
0 0.488104 0.475963 0.018365 0.019589
0 0.546805 0.523303 0.078049 0.117533
