0 0.35853 0.5071 0.009941 0.013595
0 0.351647 0.522054 0.023707 0.016314
0 0.332912 0.515937 0.015295 0.02855
0 0.319529 0.513897 0.013 0.029909
0 0.300028 0.497583 0.022942 0.021752
0 0.291616 0.528172 0.042825 0.050302
0 0.207496 0.512538 0.067296 0.08429
0 0.121453 0.549944 0.175887 0.148187
0 0.049568 0.509158 0.096356 0.178097
0 0.438626 0.523997 0.012236 0.021752
0 0.44245 0.54371 0.012236 0.025831
0 0.490628 0.544389 0.016824 0.02719
0 0.46348 0.556625 0.043589 0.070695
0 0.39886 0.509722 0.02906 0.014955
0 0.410714 0.517199 0.034413 0.024471
0 0.400007 0.528755 0.054296 0.042145
0 0.39273 0.570416 0.065767 0.092447
0 0.514964 0.59927 0.086414 0.114807
0 0.726139 0.65516 0.186618 0.209366
0 0.879838 0.85199 0.238595 0.291896
