0 0.405116 0.469691 0.066108 0.098969
0 0.663924 0.541546 0.123054 0.176701
0 0.817075 0.58567 0.299227 0.327629
0 0.608602 0.512715 0.042332 0.123711
0 0.604253 0.451546 0.045232 0.026804
0 0.071327 0.443299 0.142655 0.478351
0 0.926675 0.665155 0.143814 0.376907
0 0.498711 0.523763 0.190206 0.273093
3 0.139755 0.423093 0.038273 0.086598
3 0.118299 0.443711 0.044072 0.061856
5 0.984201 0.501856 0.029691 0.098144
0 0.632088 0.526117 0.064948 0.146392
0 0.324094 0.413593 0.034439 0.019898
0 0.350353 0.410532 0.023246 0.013776
