0 0.151251 0.627875 0.300943 0.363142
0 0.88022 0.623716 0.238572 0.413039
0 0.531718 0.549563 0.082642 0.128901
1 0.635801 0.500359 0.105252 0.177413
2 0.415941 0.457392 0.116167 0.135832
1 0.57187 0.501052 0.028847 0.08732
0 0.314197 0.557187 0.138777 0.171869
0 0.402297 0.517685 0.10915 0.159394
5 0.237012 0.478183 0.02183 0.052669
5 0.212453 0.464322 0.014813 0.01386
5 0.094727 0.438681 0.016373 0.018018
5 0.011305 0.436601 0.017932 0.033265
5 0.265859 0.474024 0.015593 0.030493
5 0.278723 0.469173 0.013254 0.026335
5 0.820967 0.507982 0.009356 0.026335
5 0.756646 0.545405 0.013254 0.079004
5 0.694664 0.538475 0.014034 0.051283
5 0.739884 0.54194 0.014034 0.069302
5 0.728189 0.540554 0.007796 0.055441
5 0.748849 0.536396 0.010135 0.060986
