0 0.427868 0.446305 0.023401 0.027278
0 0.535514 0.434746 0.014041 0.016641
0 0.347133 0.460748 0.021061 0.031202
0 0.323732 0.456587 0.025742 0.052003
0 0.236561 0.474268 0.040952 0.058243
0 0.193269 0.481549 0.064354 0.072804
0 0.104928 0.487789 0.114667 0.089445
0 0.037649 0.478429 0.069034 0.091525
0 0.006832 0.50027 0.013663 0.101926
0 0.282779 0.445147 0.032762 0.041602
0 0.312616 0.433706 0.015211 0.018721
0 0.37463 0.443067 0.017551 0.020801
0 0.368194 0.456587 0.030422 0.035362
0 0.394521 0.456587 0.022231 0.022881
0 0.29097 0.462828 0.049143 0.060324
0 0.445419 0.482589 0.053823 0.074884
0 0.505678 0.447227 0.017551 0.020801
0 0.63048 0.402884 0.010926 0.01214
0 0.61409 0.413811 0.010926 0.014568
