5 0.26856 0.365141 0.020471 0.098781
5 0.224206 0.394602 0.017547 0.091849
5 0.17839 0.447458 0.017547 0.110911
5 0.12575 0.45699 0.029244 0.154236
5 0.096993 0.452657 0.02632 0.173299
5 0.911933 0.380738 0.041917 0.154236
5 0.708685 0.301887 0.019496 0.055456
5 0.339721 0.350411 0.016572 0.062388
5 0.069211 0.458723 0.037043 0.147304
5 0.049228 0.45439 0.018521 0.124775
5 0.758401 0.308819 0.015597 0.055456
5 0.408444 0.281958 0.005849 0.019063
0 0.397234 0.327016 0.039967 0.067587
0 0.415268 0.312285 0.021446 0.055456
0 0.436227 0.301021 0.02632 0.029461
0 0.438664 0.281958 0.025345 0.039859
0 0.370427 0.357343 0.062388 0.083184
0 0.48253 0.401534 0.089682 0.126508
0 0.501051 0.30362 0.033143 0.058922
0 0.53322 0.27156 0.029244 0.053723
2 0.633625 0.32355 0.115027 0.233954
