5 0.070704 0.409734 0.022956 0.153446
0 0.409596 0.41125 0.019283 0.027751
0 0.424287 0.415331 0.013773 0.019589
0 0.437602 0.419412 0.011019 0.017956
0 0.387099 0.416147 0.036729 0.04734
0 0.354961 0.416963 0.045911 0.071826
0 0.346238 0.424309 0.037647 0.073458
0 0.324659 0.430022 0.049584 0.084885
0 0.455048 0.422677 0.014692 0.021221
0 0.468362 0.419412 0.013773 0.027751
0 0.484366 0.421487 0.030302 0.042443
0 0.488498 0.431282 0.022037 0.048972
0 0.499516 0.436995 0.029383 0.063664
0 0.531195 0.445157 0.067031 0.099577
2 0.743624 0.52841 0.315336 0.334643
0 0.256771 0.428017 0.122124 0.146917
