5 0.078472 0.486104 0.041917 0.20276
4 0.624364 0.448845 0.039967 0.058922
4 0.556615 0.448845 0.033143 0.041592
4 0.538581 0.450578 0.018521 0.03466
0 0.870016 0.545026 0.258324 0.514699
0 0.428915 0.447112 0.031194 0.038126
0 0.403083 0.452311 0.014622 0.031194
1 0.202273 0.444512 0.039967 0.064121
1 0.173028 0.444512 0.022421 0.032927
0 0.149633 0.450578 0.014622 0.01733
0 0.131112 0.470507 0.036068 0.029461
0 0.109178 0.451444 0.011698 0.019063
0 0.016572 0.495636 0.031194 0.041592
0 0.007798 0.465308 0.015597 0.019063
