0 0.324054 0.461896 0.029824 0.05506
0 0.302259 0.462915 0.02753 0.0571
0 0.280464 0.469033 0.02753 0.069335
0 0.247198 0.468014 0.043589 0.095846
0 0.499367 0.455778 0.013765 0.038746
0 0.516574 0.454758 0.025236 0.069335
0 0.537795 0.462915 0.03556 0.08565
0 0.55959 0.470053 0.051619 0.095846
0 0.604326 0.485347 0.10668 0.130514
0 0.482161 0.453739 0.016059 0.030589
0 0.405306 0.453739 0.032119 0.038746
0 0.368599 0.456798 0.032119 0.032628
0 0.827368 0.567984 0.340933 0.369016
0 0.948381 0.734179 0.102091 0.395619
0 0.124041 0.537389 0.248081 0.291616
