0 0.626402 0.487968 0.010547 0.01875
0 0.656724 0.490312 0.010547 0.023437
0 0.665952 0.487968 0.010547 0.028125
0 0.679136 0.483281 0.018457 0.046875
0 0.704844 0.480937 0.046143 0.065625
0 0.540708 0.516093 0.036914 0.065625
0 0.526206 0.475078 0.01582 0.030469
0 0.519615 0.492656 0.013184 0.0375
0 0.406236 0.504375 0.039551 0.046875
0 0.375254 0.527812 0.059326 0.070312
0 0.329771 0.534843 0.052734 0.084375
2 0.489951 0.491484 0.054053 0.096094
2 0.43458 0.472734 0.061963 0.049219
0 0.446446 0.555937 0.106787 0.121875
0 0.242759 0.525468 0.134473 0.159375
4 0.717368 0.504375 0.039551 0.042187
0 0.103013 0.58875 0.19248 0.159375
5 0.882822 0.502031 0.017139 0.075
