0 0.486105 0.859312 0.043242 0.061875
0 0.461004 0.876187 0.047883 0.084375
0 0.624269 0.839625 0.011602 0.0225
0 0.652746 0.84525 0.060117 0.05625
0 0.662238 0.878062 0.064336 0.091875
0 0.739758 0.88275 0.118125 0.18
0 0.411644 0.894 0.091758 0.12
0 0.196699 0.879937 0.349101 0.230625
0 0.010547 0.93525 0.021094 0.11625
0 0.095449 0.895875 0.034805 0.01875
0 0.873969 0.892098 0.24968 0.211875
0 0.864527 0.754312 0.020039 0.043125
0 0.770133 0.75525 0.012656 0.04125
0 0.560928 0.886955 0.15305 0.220339
