5 0.914916 0.501054 0.041186 0.28983
5 0.739016 0.490376 0.022309 0.128136
6 0.698687 0.498766 0.037754 0.144915
3 0.698687 0.53919 0.03947 0.10983
5 0.730864 0.488851 0.011155 0.112881
5 0.814095 0.507918 0.03518 0.178475
5 0.878449 0.474359 0.011155 0.074746
5 0.89132 0.489613 0.012871 0.157119
5 0.959964 0.504867 0.050625 0.300508
5 0.991283 0.510206 0.013729 0.247119
5 0.295832 0.533088 0.014587 0.112881
5 0.775054 0.478173 0.008581 0.042712
0 0.131087 0.705461 0.259989 0.585763
0 0.756606 0.47741 0.023167 0.035085
0 0.766902 0.482749 0.011155 0.030508
0 0.784921 0.481986 0.011155 0.047288
0 0.788783 0.486562 0.010297 0.062542
0 0.818385 0.491139 0.050625 0.080847
0 0.649349 0.510206 0.084947 0.079322
0 0.515493 0.480461 0.177616 0.382881
