0 0.964572 0.538094 0.038018 0.050257
0 0.906571 0.563222 0.038992 0.05199
0 0.879277 0.55889 0.05264 0.053723
0 0.830049 0.565822 0.030219 0.043325
0 0.802267 0.567555 0.060438 0.050257
0 0.768149 0.575353 0.019496 0.03466
0 0.751089 0.57362 0.038018 0.045058
0 0.718433 0.578819 0.023395 0.027728
0 0.691626 0.577953 0.02632 0.022529
0 0.67213 0.575353 0.022421 0.01733
0 0.183264 0.610013 0.019496 0.03466
0 0.158894 0.614346 0.040942 0.043325
0 0.140372 0.623011 0.062388 0.046791
2 0.063363 0.588351 0.126725 0.136906
0 0.355805 0.624744 0.009748 0.043325
0 0.391873 0.584018 0.007798 0.013864
0 0.395285 0.598749 0.012673 0.019063
0 0.408932 0.59095 0.010723 0.01733
0 0.40747 0.622144 0.013647 0.020796
1 0.374814 0.597882 0.018521 0.024262
0 0.336309 0.618678 0.037043 0.058922
0 0.315838 0.631675 0.027295 0.046791
0 0.286594 0.629076 0.05069 0.083184
0 0.434764 0.628209 0.04874 0.081451
0 0.375301 0.634275 0.037043 0.048524
0 0.228105 0.652471 0.111128 0.129974
0 0.631188 0.751252 0.27977 0.344865
