0 0.537607 0.4076 0.014622 0.027728
0 0.526396 0.414532 0.011698 0.031194
0 0.514699 0.415398 0.013647 0.032927
0 0.500076 0.417131 0.021446 0.053723
0 0.483505 0.42233 0.013647 0.046791
0 0.467908 0.426663 0.031194 0.065854
0 0.434764 0.437927 0.037043 0.081451
0 0.403083 0.441393 0.039967 0.105712
0 0.349469 0.456123 0.096506 0.149037
0 0.243215 0.50898 0.170591 0.188896
0 0.08627 0.585231 0.168642 0.344865
0 0.592683 0.423197 0.027295 0.06932
0 0.605356 0.427529 0.033143 0.077985
0 0.663844 0.436194 0.111128 0.178498
0 0.816402 0.463922 0.293417 0.365661
0 0.91437 0.644153 0.163768 0.310206
