0 0.570962 0.422041 0.045682 0.055917
0 0.538385 0.414053 0.034449 0.050592
0 0.518165 0.424038 0.065902 0.075888
0 0.45788 0.393417 0.068149 0.043935
0 0.471734 0.44068 0.047929 0.063905
0 0.432792 0.446672 0.044933 0.054586
0 0.388607 0.437352 0.050925 0.04926
0 0.341053 0.453328 0.093611 0.094527
0 0.268629 0.476392 0.097044 0.106039
0 0.177907 0.478382 0.096833 0.107355
0 0.078915 0.480982 0.157831 0.144508
0 0.785519 0.412722 0.022467 0.015976
0 0.840563 0.368121 0.062158 0.051923
0 0.761996 0.426035 0.036696 0.04926
0 0.863471 0.485281 0.187223 0.191716
0 0.97206 0.442012 0.05392 0.094527
