0 0.395285 0.527696 0.022421 0.048524
0 0.311646 0.528389 0.032169 0.053723
0 0.249746 0.536188 0.076035 0.072786
0 0.419557 0.520764 0.025345 0.039859
0 0.478046 0.52423 0.019496 0.019063
0 0.572115 0.519898 0.022421 0.048524
0 0.59356 0.525963 0.028269 0.057189
0 0.617443 0.53896 0.031194 0.055456
0 0.662284 0.554557 0.068237 0.076252
0 0.737832 0.59095 0.080909 0.08665
0 0.834418 0.634027 0.116002 0.128241
0 0.512505 0.508633 0.010723 0.013864
0 0.505682 0.514699 0.012673 0.015597
0 0.510921 0.522992 0.014622 0.015597
