0 0.433363 0.41277 0.012292 0.014568
0 0.427217 0.413984 0.010926 0.01214
0 0.416974 0.411556 0.012292 0.016996
0 0.509847 0.426124 0.020487 0.016996
0 0.737933 0.451619 0.058729 0.058273
0 0.895817 0.460117 0.124286 0.104407
0 0.307301 0.425315 0.010926 0.026709
0 0.295692 0.424101 0.012292 0.019424
0 0.282717 0.426529 0.013658 0.019424
0 0.264962 0.42916 0.021853 0.021853
0 0.243451 0.426731 0.018438 0.026709
0 0.214087 0.421875 0.018438 0.031565
0 0.111994 0.412163 0.024584 0.031565
0 0.078533 0.432802 0.047802 0.033993
0 0.007512 0.410949 0.015024 0.029137
0 0.029535 0.424 0.056339 0.041884
0 0.371493 0.423191 0.019121 0.024483
0 0.228769 0.424303 0.010926 0.021853
0 0.978925 0.437658 0.039608 0.067986
0 0.157748 0.441097 0.086044 0.077698
0 0.333934 0.429362 0.036876 0.036421
0 0.424759 0.422482 0.016389 0.019424
