0 0.134523 0.394256 0.068237 0.081451
0 0.377738 0.337067 0.010723 0.015597
0 0.373351 0.350931 0.013647 0.015597
0 0.36994 0.366528 0.022421 0.019063
0 0.368477 0.377792 0.023395 0.020796
0 0.363603 0.403787 0.023395 0.03466
0 0.344107 0.415918 0.025345 0.048524
0 0.324124 0.42285 0.02632 0.058922
0 0.305602 0.426316 0.030219 0.079718
0 0.29293 0.44018 0.039967 0.076252
0 0.240583 0.452311 0.097481 0.114377
0 0.401913 0.350064 0.018521 0.024262
0 0.41946 0.354397 0.014622 0.019063
0 0.417023 0.382991 0.011698 0.01733
0 0.428233 0.402921 0.012673 0.029461
0 0.435544 0.427182 0.015597 0.046791
0 0.440906 0.444512 0.018521 0.071053
0 0.454553 0.455777 0.018521 0.090116
0 0.493545 0.455777 0.073111 0.124775
0 0.056711 0.402054 0.112103 0.110911
