0 0.226319 0.471278 0.049853 0.111137
0 0.269446 0.471278 0.05381 0.07456
0 0.294768 0.410082 0.019783 0.053458
0 0.415841 0.412192 0.007913 0.023916
0 0.437207 0.412895 0.009496 0.022509
0 0.452242 0.42415 0.014244 0.019695
0 0.649282 0.46565 0.159056 0.150527
0 0.675791 0.49238 0.177257 0.198359
0 0.799633 0.547245 0.26905 0.251817
0 0.468728 0.436108 0.017409 0.036577
2 0.334785 0.407633 0.084405 0.137751
2 0.398353 0.410504 0.020574 0.033763
2 0.532298 0.414068 0.104455 0.174443
2 0.098233 0.330352 0.193083 0.653809
0 0.917412 0.625603 0.16143 0.378429
