0 0.571237 0.443646 0.023395 0.031194
0 0.552716 0.449711 0.021446 0.036393
0 0.517623 0.453177 0.029244 0.032927
0 0.615104 0.479172 0.044841 0.050257
0 0.833948 0.477439 0.104304 0.105712
0 0.715509 0.501701 0.10138 0.091849
0 0.373839 0.48957 0.039967 0.057189
0 0.34167 0.467041 0.018521 0.036393
0 0.320712 0.486971 0.035093 0.038126
0 0.29098 0.496502 0.039967 0.057189
0 0.251988 0.506034 0.043866 0.062388
0 0.201298 0.523364 0.039967 0.062388
0 0.154507 0.551091 0.07701 0.06932
0 0.094069 0.535494 0.047766 0.065854
0 0.305602 0.449711 0.010723 0.019063
0 0.285131 0.447978 0.010723 0.012131
0 0.320224 0.447978 0.010723 0.015597
