0 0.140411 0.393594 0.076779 0.035526
0 0.019984 0.417902 0.039967 0.057964
0 0.490228 0.405187 0.011569 0.024307
0 0.468141 0.407057 0.007362 0.016828
0 0.431329 0.403317 0.011569 0.016828
0 0.497065 0.407057 0.010518 0.024307
0 0.507057 0.408927 0.015776 0.028047
0 0.516522 0.409862 0.013673 0.037396
2 0.475574 0.400139 0.013673 0.029917
0 0.247165 0.396399 0.027346 0.014958
0 0.329729 0.408553 0.05364 0.069183
0 0.533421 0.403878 0.036812 0.048615
0 0.451383 0.409488 0.034708 0.052355
0 0.597228 0.415097 0.064158 0.086011
