0 0.106955 0.88511 0.126589 0.129153
0 0.574599 0.808059 0.091998 0.108111
0 0.192572 0.855184 0.06705 0.097023
0 0.231945 0.843403 0.030406 0.062372
0 0.258842 0.830929 0.035864 0.0596
0 0.323553 0.811524 0.028067 0.034651
0 0.336807 0.811524 0.009356 0.026335
0 0.343434 0.816375 0.003898 0.027721
0 0.345383 0.809445 0.014034 0.038809
0 0.348502 0.808752 0.017152 0.029107
0 0.367603 0.799743 0.013254 0.019405
0 0.375789 0.783111 0.010915 0.022177
0 0.384365 0.767864 0.007796 0.016632
0 0.387484 0.760241 0.007796 0.015246
0 0.393721 0.756776 0.012474 0.016632
0 0.476782 0.78438 0.03035 0.058448
0 0.46233 0.796971 0.015593 0.033265
0 0.451805 0.783804 0.017932 0.023563
0 0.428415 0.754697 0.010135 0.015246
0 0.408924 0.759548 0.008576 0.011088
4 0.295227 0.822938 0.036381 0.051935
0 0.49918 0.78914 0.040869 0.063281
