0 0.277333 0.43758 0.188138 0.265148
0 0.5688 0.406387 0.078959 0.112644
0 0.893411 0.40812 0.073111 0.074519
0 0.506413 0.397722 0.020471 0.036393
0 0.472782 0.402054 0.029244 0.041592
1 0.386511 0.359596 0.112103 0.216624
5 0.681391 0.40552 0.017547 0.083184
0 0.689189 0.418518 0.058488 0.060655
0 0.658483 0.406387 0.036068 0.067587
0 0.633625 0.40812 0.017547 0.043325
0 0.794956 0.404654 0.047766 0.039859
0 0.754989 0.406387 0.022421 0.046791
0 0.72087 0.40552 0.030219 0.055456
0 0.496177 0.395122 0.009748 0.024262
0 0.440613 0.395989 0.011698 0.025995
5 0.834923 0.384724 0.012673 0.027728
5 0.053127 0.433248 0.02437 0.107445
