5 0.846133 0.404654 0.083833 0.036393
5 0.765712 0.699262 0.030219 0.11611
5 0.732568 0.71226 0.022421 0.121309
5 0.713559 0.710527 0.019496 0.100514
5 0.64776 0.714859 0.020471 0.11611
5 0.615104 0.713993 0.029244 0.128241
2 0.541993 0.668935 0.035093 0.083184
2 0.42063 0.673267 0.049715 0.098781
0 0.36994 0.720058 0.057514 0.105712
0 0.439638 0.710527 0.044841 0.10398
5 0.147196 0.731323 0.013647 0.055456
5 0.126238 0.732189 0.012673 0.053723
5 0.100405 0.72959 0.009748 0.048524
0 0.305115 0.739121 0.132574 0.206226
0 0.498127 0.72699 0.095531 0.175032
0 0.06385 0.83097 0.1277 0.327535
