5 0.893428 0.669453 0.014912 0.036707
5 0.877082 0.699022 0.014339 0.097885
5 0.607177 0.668016 0.00803 0.037727
5 0.02886 0.775495 0.056781 0.446601
5 0.613903 0.675061 0.009177 0.045884
5 0.672691 0.703611 0.014339 0.094826
2 0.169092 0.735729 0.292508 0.258988
5 0.283227 0.662825 0.013765 0.029569
5 0.301294 0.662825 0.014339 0.02753
6 0.324523 0.703611 0.018353 0.107062
4 0.307316 0.737259 0.030971 0.052002
0 0.918043 0.87028 0.163461 0.257968
0 0.473545 0.763219 0.343554 0.472092
1 0.973391 0.663294 0.052766 0.215143
3 0.592347 0.657908 0.010332 0.02602
