0 0.467917 0.693211 0.013658 0.016996
0 0.456308 0.701709 0.015024 0.014568
0 0.452211 0.683499 0.015024 0.016996
0 0.437187 0.690783 0.028681 0.046133
0 0.502062 0.688355 0.054631 0.114119
0 0.351826 0.717492 0.024584 0.031565
0 0.326559 0.718706 0.023218 0.048561
0 0.305389 0.728418 0.021853 0.043705
0 0.280805 0.733274 0.03551 0.048561
0 0.241744 0.746628 0.038242 0.055845
0 0.197219 0.749357 0.057363 0.07587
0 0.139993 0.758057 0.069655 0.088415
0 0.06508 0.781053 0.102845 0.09732
4 0.015024 0.802474 0.030047 0.07527
0 0.56202 0.702923 0.039608 0.065558
0 0.564751 0.706565 0.036876 0.058273
0 0.581824 0.708993 0.046437 0.067986
0 0.588319 0.717546 0.029379 0.0811
0 0.654151 0.709975 0.112112 0.158288
0 0.717188 0.746628 0.149994 0.167536
0 0.398416 0.733662 0.093112 0.149764
