0 0.058001 0.267747 0.114053 0.431515
0 0.903159 0.209692 0.188138 0.3362
0 0.171079 0.22009 0.22908 0.266881
0 0.038992 0.123042 0.042892 0.031194
0 0.314863 0.190629 0.091632 0.135173
0 0.363603 0.159435 0.056539 0.090116
0 0.761812 0.210558 0.258324 0.261682
0 0.583422 0.167234 0.090657 0.143838
0 0.534195 0.180231 0.042892 0.10398
0 0.500564 0.166367 0.032169 0.06932
0 0.48253 0.138639 0.037043 0.048524
0 0.459134 0.125642 0.017547 0.036393
0 0.397234 0.13344 0.010723 0.038126
0 0.444512 0.125642 0.011698 0.022529
