0 0.605042 0.493503 0.019121 0.072842
0 0.57158 0.537208 0.088776 0.267087
0 0.362957 0.684713 0.487585 0.568166
0 0.72646 0.489011 0.039608 0.048561
0 0.639733 0.463517 0.021853 0.060701
0 0.638367 0.499937 0.021853 0.065558
0 0.67456 0.492653 0.072387 0.114119
5 0.162016 0.524287 0.027316 0.109263
5 0.603221 0.473067 0.010926 0.031565
5 0.616879 0.488849 0.010926 0.043705
5 0.756872 0.493705 0.015024 0.072842
5 0.767115 0.480351 0.013658 0.050989
5 0.78965 0.482779 0.015024 0.065558
5 0.80126 0.490063 0.013658 0.07527
5 0.81082 0.488849 0.021853 0.082554
5 0.821746 0.486421 0.016389 0.082554
5 0.83199 0.487635 0.015024 0.07527
5 0.847696 0.492491 0.021853 0.080126
5 0.896182 0.502204 0.02595 0.138399
5 0.878426 0.508274 0.042339 0.145684
5 0.918717 0.504632 0.021853 0.133543
5 0.930326 0.509488 0.036876 0.182104
