0 0.453955 0.524609 0.02373 0.035156
0 0.463183 0.502343 0.029004 0.023437
0 0.439453 0.526953 0.021094 0.039844
0 0.420337 0.526953 0.030322 0.053906
0 0.398584 0.5375 0.039551 0.065625
0 0.366064 0.533984 0.060644 0.077344
0 0.309814 0.542187 0.084375 0.117187
0 0.159612 0.6375 0.319224 0.459375
0 0.620947 0.55664 0.039551 0.063281
0 0.686865 0.558984 0.039551 0.058594
0 0.715869 0.567187 0.063281 0.070312
0 0.747509 0.584765 0.071191 0.077344
0 0.81145 0.601171 0.109424 0.110156
0 0.910195 0.642187 0.163476 0.135937
0 0.97163 0.702656 0.055371 0.107812
0 0.532617 0.597656 0.148975 0.257812
