0 0.151773 0.497579 0.058729 0.065558
0 0.233037 0.487867 0.038242 0.041277
0 0.288351 0.487867 0.023218 0.026709
0 0.124457 0.490295 0.042339 0.055845
0 0.206404 0.48301 0.034145 0.036421
0 0.26445 0.485438 0.019121 0.026709
0 0.330861 0.491682 0.010926 0.01214
0 0.318569 0.489254 0.010926 0.01214
0 0.308326 0.490468 0.012292 0.019424
0 0.339739 0.48197 0.012292 0.01214
0 0.366371 0.486826 0.010926 0.016996
5 0.914051 0.549955 0.0519 0.182104
0 0.956902 0.54007 0.084679 0.116547
0 0.846274 0.530358 0.131115 0.101979
0 0.759546 0.521859 0.088776 0.080126
0 0.705598 0.520645 0.040974 0.058273
0 0.642089 0.508505 0.050534 0.058273
0 0.603847 0.508505 0.034145 0.043705
0 0.580629 0.507291 0.020487 0.031565
0 0.558776 0.506873 0.023218 0.030728
0 0.541021 0.497579 0.031413 0.046133
0 0.521217 0.497579 0.019121 0.026709
0 0.505511 0.500007 0.015024 0.031565
0 0.493901 0.495151 0.021853 0.026709
0 0.476146 0.493937 0.019121 0.024281
0 0.464537 0.495151 0.012292 0.021853
0 0.454977 0.496365 0.017755 0.024281
