0 0.091608 0.528542 0.116167 0.06653
0 0.695834 0.565734 0.083422 0.101181
0 0.581616 0.560883 0.068609 0.110883
0 0.506575 0.527456 0.023779 0.041442
0 0.381929 0.522189 0.03333 0.028414
0 0.409606 0.518724 0.020076 0.027028
0 0.428025 0.514913 0.017932 0.030493
0 0.493126 0.51422 0.010915 0.015246
0 0.48338 0.518378 0.011695 0.015246
0 0.469347 0.515606 0.014813 0.015246
0 0.455703 0.516992 0.017152 0.018018
0 0.530549 0.51422 0.007796 0.009702
0 0.522752 0.517685 0.009356 0.01386
0 0.619039 0.544019 0.02105 0.047125
0 0.920501 0.480031 0.015593 0.019405
