0 0.558881 0.525308 0.024169 0.036037
0 0.62632 0.52808 0.017152 0.027721
0 0.66998 0.535703 0.015593 0.029107
0 0.646201 0.537089 0.038203 0.040195
0 0.849521 0.572433 0.051457 0.060986
0 0.777014 0.5856 0.137218 0.131673
0 0.595747 0.545405 0.064711 0.092864
0 0.456677 0.688745 0.287689 0.400796
0 0.972803 0.598075 0.053016 0.079004
5 0.107299 0.537782 0.042101 0.207905
5 0.136925 0.545405 0.051457 0.217608
5 0.684626 0.526694 0.008576 0.033265
5 0.678389 0.52808 0.007017 0.027721
5 0.704507 0.529466 0.007796 0.033265
5 0.697101 0.53501 0.008576 0.024949
5 0.367447 0.512972 0.033525 0.103953
5 0.348735 0.51713 0.016373 0.070688
5 0.330804 0.503963 0.011695 0.055441
3 0.31755 0.550395 0.02261 0.062372
