0 0.45897 0.455156 0.010547 0.023437
0 0.470176 0.462187 0.019775 0.023437
0 0.4827 0.464531 0.021094 0.0375
0 0.395689 0.468047 0.01582 0.016406
0 0.384483 0.472734 0.017139 0.030469
0 0.368662 0.477422 0.019775 0.030469
0 0.340318 0.487968 0.042187 0.046875
0 0.304722 0.491484 0.036914 0.058594
0 0.271104 0.500859 0.048779 0.082031
0 0.234849 0.510234 0.047461 0.091406
0 0.509068 0.477422 0.052734 0.063281
0 0.158384 0.533671 0.134473 0.142969
0 0.623106 0.48914 0.162158 0.227344
0 0.022593 0.523125 0.044824 0.070312
0 0.431352 0.458376 0.030219 0.046791
