0 0.051846 0.814296 0.103693 0.16771
0 0.180098 0.753311 0.098235 0.103953
0 0.523922 0.686781 0.073287 0.101181
0 0.404246 0.677772 0.017932 0.022177
0 0.331349 0.694404 0.028067 0.036037
0 0.937524 0.62233 0.094337 0.110883
0 0.234283 0.722818 0.049118 0.065144
0 0.26313 0.713116 0.035084 0.062372
0 0.484939 0.682623 0.015593 0.065144
0 0.485329 0.676386 0.035084 0.069302
0 0.463109 0.683316 0.014034 0.038809
0 0.459211 0.674307 0.024949 0.051283
0 0.445178 0.675 0.012474 0.047125
0 0.436601 0.675693 0.012474 0.042967
0 0.431144 0.674307 0.014034 0.026335
0 0.423737 0.677772 0.010135 0.01386
0 0.347722 0.691632 0.009356 0.027721
0 0.355908 0.686781 0.010135 0.020791
2 0.360196 0.675 0.023389 0.041581
0 0.37423 0.684009 0.006237 0.018018
0 0.977675 0.607777 0.02183 0.079004
0 0.993658 0.603619 0.011695 0.054055
5 0.285536 0.709084 0.011155 0.051864
5 0.295832 0.704507 0.012871 0.051864
