5 0.162905 0.803539 0.021041 0.091814
5 0.085119 0.784383 0.014665 0.054408
5 0.517025 0.829723 0.01594 0.065743
5 0.608456 0.85364 0.017215 0.13262
5 0.00769 0.813263 0.01538 0.146739
5 0.689239 0.851826 0.025504 0.13602
5 0.49573 0.828136 0.014665 0.072544
5 0.619742 0.846725 0.031242 0.171159
5 0.595832 0.852959 0.020403 0.142821
5 0.652897 0.862594 0.029967 0.17796
0 0.408188 0.795151 0.006376 0.012469
0 0.412013 0.798551 0.010202 0.01927
0 0.428272 0.812153 0.035068 0.051008
0 0.466209 0.829156 0.053558 0.06461
0 0.349657 0.811587 0.021933 0.072544
0 0.362855 0.808186 0.012114 0.020403
0 0.197654 0.794301 0.049732 0.071411
2 0.855553 0.799197 0.074646 0.137807
0 0.742508 0.825993 0.165799 0.158223
0 0.280639 0.802472 0.13063 0.279442
0 0.394904 0.814721 0.038758 0.054868
0 0.902924 0.857467 0.191638 0.28327
6 0.138525 0.796858 0.030145 0.08932
