0 0.497396 0.415918 0.015597 0.022529
0 0.474244 0.419384 0.014622 0.020796
0 0.460109 0.419384 0.017547 0.027728
0 0.446949 0.423716 0.016572 0.032927
0 0.435252 0.425449 0.022421 0.036393
0 0.413806 0.428049 0.030219 0.045058
0 0.394797 0.433537 0.037043 0.067587
0 0.36994 0.434403 0.057514 0.08665
0 0.519085 0.419673 0.010723 0.019063
0 0.524934 0.424005 0.012673 0.027728
0 0.536144 0.423139 0.021446 0.043325
0 0.549792 0.430937 0.019496 0.041592
0 0.567338 0.43267 0.033143 0.055456
0 0.584397 0.443935 0.036068 0.067587
0 0.600969 0.456066 0.038018 0.088383
0 0.629238 0.464731 0.061413 0.129974
0 0.683345 0.470218 0.113088 0.197561
0 0.794966 0.523941 0.223231 0.374326
0 0.063373 0.501412 0.124775 0.259949
2 0.207807 0.443357 0.27782 0.258216
0 0.891525 0.632033 0.214403 0.451848
