0 0.101225 0.49104 0.154627 0.16833
0 0.893864 0.467787 0.209725 0.284137
0 0.227169 0.443977 0.108566 0.12108
0 0.289638 0.445611 0.024169 0.076232
0 0.367603 0.42482 0.014813 0.029107
0 0.379687 0.42482 0.017152 0.031879
0 0.394501 0.415811 0.020271 0.024949
0 0.412043 0.416504 0.010135 0.018018
0 0.422568 0.410267 0.012474 0.019405
0 0.438551 0.408188 0.016373 0.020791
0 0.783154 0.393634 0.089659 0.124743
0 0.702071 0.407495 0.072507 0.063758
0 0.649055 0.40403 0.035084 0.054055
0 0.341485 0.435215 0.035864 0.038809
0 0.471686 0.419969 0.06549 0.124743
0 0.598768 0.439374 0.08888 0.110883
