0 0.413313 0.476984 0.014011 0.017435
0 0.407008 0.478229 0.01261 0.019926
0 0.397901 0.481965 0.014011 0.027399
0 0.381089 0.484456 0.016813 0.027399
0 0.370581 0.488192 0.023818 0.039852
0 0.353067 0.498155 0.044834 0.049816
0 0.430826 0.476984 0.01261 0.017435
0 0.437832 0.476984 0.01261 0.022417
0 0.446238 0.481965 0.015412 0.022417
0 0.478462 0.485701 0.037829 0.054797
0 0.523997 0.506873 0.05324 0.09714
0 0.559724 0.523063 0.074256 0.124539
0 0.654296 0.542989 0.193346 0.189299
0 0.138705 0.547971 0.168127 0.199262
