0 0.193812 0.420694 0.030302 0.032648
0 0.233755 0.415797 0.053257 0.052237
0 0.28288 0.428856 0.04683 0.042443
0 0.326496 0.427224 0.044075 0.045707
0 0.374703 0.423143 0.054175 0.050605
0 0.409136 0.431305 0.022037 0.04081
0 0.496827 0.425592 0.04132 0.055502
0 0.534016 0.420694 0.051421 0.078356
0 0.071469 0.486185 0.142325 0.145284
0 0.012772 0.587393 0.025543 0.284039
0 0.98026 0.354079 0.036729 0.065296
0 0.95455 0.399242 0.086313 0.111004
0 0.580613 0.425859 0.089068 0.102842
0 0.446018 0.423952 0.071622 0.098956
0 0.783249 0.463603 0.313116 0.362394
