6 0.853401 0.416151 0.028075 0.061686
4 0.85618 0.471903 0.019237 0.048072
0 0.867438 0.463027 0.011392 0.032067
0 0.876457 0.478217 0.018038 0.04557
0 0.760285 0.4827 0.008544 0.03038
0 0.724683 0.462447 0.062658 0.067511
0 0.676915 0.47173 0.027881 0.052321
0 0.649683 0.465823 0.026582 0.070886
0 0.568987 0.464979 0.018987 0.069198
0 0.604463 0.459652 0.070253 0.089451
0 0.782753 0.4827 0.025633 0.033755
0 0.829746 0.478481 0.036076 0.042194
0 0.979914 0.443084 0.040172 0.121519
0 0.900474 0.475949 0.033228 0.047257
