0 0.156946 0.354134 0.108655 0.094436
0 0.955734 0.355207 0.088485 0.165262
0 0.42979 0.344476 0.050706 0.075119
0 0.468422 0.365938 0.02656 0.036487
1 0.080284 0.341256 0.076058 0.085851
1 0.257451 0.354134 0.055535 0.036487
2 0.746095 0.326232 0.127971 0.111606
0 0.488946 0.368084 0.014487 0.019316
5 0.634423 0.35628 0.01328 0.05151
5 0.720139 0.354134 0.018109 0.077266
6 0.664604 0.33911 0.020524 0.064388
3 0.65936 0.362368 0.026184 0.035526
6 0.878177 0.33997 0.01179 0.036913
0 0.216102 0.357353 0.014487 0.032194
0 0.575094 0.352601 0.035011 0.042925
0 0.375991 0.359704 0.030975 0.030197
