0 0.916807 0.413319 0.162793 0.23742
0 0.81299 0.407253 0.097481 0.114377
0 0.762787 0.394256 0.063363 0.081451
0 0.731106 0.384724 0.046791 0.079718
0 0.71161 0.37346 0.054589 0.077985
0 0.68334 0.372593 0.017547 0.038126
0 0.675542 0.369127 0.033143 0.045058
0 0.65702 0.363928 0.021446 0.03466
0 0.642398 0.361329 0.017547 0.032927
0 0.638987 0.35353 0.028269 0.03466
0 0.622902 0.354397 0.005849 0.022529
0 0.617053 0.35613 0.011698 0.022529
0 0.60828 0.349198 0.011698 0.012131
0 0.595608 0.349198 0.009748 0.012131
0 0.587322 0.351797 0.006824 0.013864
0 0.092119 0.579686 0.184239 0.400321
0 0.216407 0.435847 0.259299 0.258216
0 0.363603 0.402054 0.130624 0.138639
0 0.514699 0.35353 0.027295 0.038126
0 0.532245 0.352664 0.015597 0.036393
0 0.538581 0.348331 0.012673 0.038126
0 0.564901 0.350931 0.008773 0.012131
0 0.575137 0.349198 0.007798 0.012131
