0 0.493058 0.507883 0.009951 0.013609
0 0.488082 0.521492 0.012248 0.019052
0 0.49612 0.530338 0.013013 0.020413
0 0.473538 0.53442 0.021434 0.025857
0 0.462438 0.53442 0.011482 0.020413
0 0.45019 0.53374 0.020668 0.032661
0 0.429522 0.535101 0.022199 0.027218
0 0.408853 0.53374 0.020668 0.035383
0 0.382061 0.53374 0.034447 0.040827
0 0.557054 0.518498 0.00842 0.019052
0 0.533706 0.529385 0.04593 0.073488
0 0.576574 0.53619 0.03062 0.043548
0 0.621738 0.535509 0.044399 0.047631
5 0.096453 0.560005 0.025261 0.118397
5 0.511353 0.515096 0.00842 0.023135
5 0.713828 0.535509 0.016841 0.083014
5 0.670577 0.531426 0.013013 0.066683
5 0.006475 0.55931 0.010048 0.08932
5 0.316541 0.533152 0.01579 0.065076
