5 0.710432 0.363331 0.013765 0.05506
5 0.657093 0.376586 0.017206 0.081571
0 0.588841 0.367069 0.009177 0.024471
0 0.602032 0.371148 0.00803 0.032628
0 0.772949 0.400038 0.145681 0.208686
0 0.914997 0.330023 0.061943 0.018353
0 0.96891 0.339199 0.059649 0.040785
0 0.865672 0.462576 0.215653 0.250831
0 0.522118 0.375906 0.017206 0.020393
0 0.508927 0.378965 0.016059 0.026511
0 0.494014 0.376926 0.02753 0.034668
0 0.485985 0.386103 0.020648 0.032628
0 0.469925 0.384063 0.025236 0.044864
0 0.461896 0.388142 0.025236 0.044864
0 0.445263 0.39324 0.026383 0.046903
0 0.180858 0.435045 0.064237 0.081571
0 0.106297 0.435045 0.087179 0.097885
0 0.418306 0.399358 0.05506 0.059139
0 0.543339 0.374887 0.016059 0.022432
0 0.614459 0.373867 0.02753 0.040785
0 0.569722 0.369788 0.034413 0.0571
0 0.942379 0.528376 0.112415 0.352795
