0 0.193012 0.426749 0.276845 0.325802
0 0.340208 0.329268 0.023395 0.027728
0 0.380662 0.337067 0.041917 0.053723
0 0.440613 0.299808 0.015597 0.01733
0 0.480093 0.274679 0.012673 0.019063
0 0.503001 0.274679 0.009748 0.012131
0 0.496665 0.333601 0.032169 0.046791
0 0.52201 0.308473 0.014622 0.020796
0 0.530783 0.276412 0.010723 0.015597
0 0.403083 0.310379 0.022421 0.022529
0 0.5069 0.299981 0.015597 0.022529
0 0.526396 0.27052 0.007798 0.012131
0 0.518598 0.27052 0.007798 0.012131
0 0.532732 0.264455 0.006824 0.013864
0 0.545892 0.273986 0.007798 0.015597
0 0.554178 0.27052 0.008773 0.015597
0 0.561489 0.267921 0.007798 0.013864
0 0.569775 0.262722 0.004874 0.013864
0 0.54638 0.260989 0.008773 0.013864
