0 0.106701 0.352136 0.018557 0.018557
0 0.086985 0.362445 0.037113 0.039175
0 0.046972 0.3602 0.052191 0.043666
0 0.138015 0.356259 0.05567 0.05567
0 0.209343 0.356996 0.031314 0.041237
0 0.232539 0.353903 0.033634 0.039175
0 0.277191 0.36215 0.020876 0.02268
0 0.305026 0.367305 0.011598 0.016495
0 0.291688 0.36215 0.024356 0.030928
0 0.254575 0.363476 0.033634 0.041237
0 0.33692 0.364536 0.015077 0.016495
0 0.316624 0.369691 0.011598 0.02268
0 0.368814 0.363505 0.009278 0.026804
2 0.403608 0.358763 0.023196 0.041237
0 0.382732 0.36701 0.025515 0.037113
0 0.421585 0.376289 0.012758 0.010309
0 0.436083 0.375258 0.011598 0.016495
0 0.44942 0.36701 0.017397 0.037113
0 0.461598 0.359794 0.025515 0.051546
0 0.468557 0.372165 0.013918 0.043299
0 0.488853 0.370103 0.038273 0.059794
0 0.708982 0.320619 0.038273 0.059794
0 0.657371 0.278351 0.044072 0.053608
0 0.780309 0.32268 0.034794 0.047423
0 0.748995 0.364949 0.085825 0.086598
5 0.700516 0.385567 0.023196 0.119588
0 0.035093 0.3401 0.027295 0.027728
