0 0.464664 0.512899 0.022231 0.024961
0 0.481045 0.518843 0.022231 0.016641
0 0.509712 0.528203 0.023401 0.035362
0 0.522583 0.537564 0.021061 0.045763
0 0.655971 0.549004 0.037442 0.047843
0 0.693998 0.554205 0.043293 0.045763
0 0.734365 0.567725 0.058504 0.056163
0 0.489821 0.542764 0.035102 0.056163
0 0.477535 0.554205 0.047973 0.066564
2 0.55476 0.526123 0.057333 0.135208
3 0.591032 0.584366 0.036272 0.052003
6 0.598052 0.556285 0.019891 0.087365
5 0.633739 0.571886 0.011701 0.081125
5 0.782338 0.564605 0.018721 0.091525
5 0.874189 0.593727 0.017551 0.083205
5 0.935032 0.587487 0.017551 0.066564
5 0.263412 0.528203 0.010531 0.081125
5 0.270432 0.526123 0.012871 0.081125
5 0.254051 0.517802 0.010531 0.089445
5 0.198473 0.619729 0.142749 0.522111
