5 0.804638 0.563092 0.024979 0.078158
5 0.824621 0.546217 0.018984 0.079934
3 0.81463 0.606612 0.052956 0.072829
5 0.869085 0.584408 0.037969 0.152763
0 0.534685 0.577683 0.006994 0.037303
0 0.541679 0.583012 0.010991 0.044408
2 0.562214 0.577303 0.037969 0.063947
0 0.583197 0.591513 0.049959 0.0675
0 0.636653 0.593289 0.066945 0.099474
0 0.43332 0.593289 0.019984 0.035526
0 0.427325 0.605724 0.02398 0.031974
0 0.280446 0.642138 0.099918 0.158092
2 0.476785 0.567533 0.030975 0.055066
2 0.334402 0.5625 0.077936 0.046184
2 0.399848 0.59625 0.046961 0.095921
2 0.511256 0.570197 0.039967 0.095921
0 0.469291 0.609276 0.055954 0.081711
0 0.351388 0.664342 0.107911 0.166974
0 0.122238 0.746941 0.244476 0.289539
