0 0.270081 0.444194 0.018372 0.026129
0 0.256608 0.446371 0.011023 0.021774
0 0.238848 0.44746 0.031845 0.045726
0 0.208841 0.451815 0.025721 0.028306
0 0.150663 0.442016 0.029395 0.039194
0 0.102896 0.453992 0.056341 0.0675
0 0.031942 0.452903 0.063521 0.100161
0 0.28784 0.451815 0.014698 0.019597
0 0.342956 0.450726 0.009798 0.030484
0 0.315398 0.464879 0.040418 0.071855
0 0.357654 0.446371 0.017147 0.021774
0 0.377251 0.459436 0.009798 0.021774
0 0.361328 0.4725 0.029395 0.039194
0 0.393785 0.450726 0.020822 0.017419
0 0.417057 0.457258 0.011023 0.026129
0 0.427467 0.461613 0.014698 0.026129
0 0.440328 0.467057 0.03062 0.037016
0 0.449514 0.476855 0.014698 0.039194
0 0.459925 0.479032 0.020822 0.043548
0 0.396847 0.470323 0.026946 0.034839
0 0.476459 0.48121 0.024496 0.065323
0 0.486258 0.489919 0.024496 0.065323
0 0.532188 0.477944 0.084511 0.132823
0 0.946806 0.558168 0.105381 0.140851
5 0.592815 0.482298 0.017147 0.080565
5 0.607513 0.488831 0.012248 0.071855
5 0.620986 0.485565 0.012248 0.074032
5 0.690187 0.493186 0.020822 0.084919
