1 0.721493 0.447704 0.233323 0.359694
0 0.584685 0.495153 0.014636 0.022959
2 0.567465 0.477551 0.019802 0.015306
0 0.569618 0.499745 0.018941 0.032143
0 0.602334 0.499745 0.017219 0.02602
2 0.504594 0.479185 0.019385 0.035507
2 0.465182 0.482143 0.023246 0.039796
0 0.482401 0.492092 0.012915 0.019898
0 0.428591 0.492857 0.032717 0.036735
0 0.392 0.491327 0.037022 0.033673
0 0.333884 0.488266 0.094707 0.052041
0 0.14206 0.503572 0.249681 0.079592
0 0.013919 0.514541 0.027838 0.065816
0 0.538824 0.510715 0.055963 0.091837
