0 0.392705 0.415876 0.016381 0.027042
0 0.561195 0.433557 0.063184 0.087365
0 0.407916 0.410676 0.009361 0.024961
0 0.414936 0.429397 0.023401 0.062404
0 0.524338 0.420037 0.017551 0.052003
0 0.609168 0.425237 0.035102 0.054083
0 0.364038 0.412756 0.024571 0.033282
0 0.344147 0.418997 0.031592 0.045763
0 0.312555 0.429397 0.054993 0.062404
0 0.470514 0.489721 0.129878 0.212173
0 0.658311 0.462679 0.128708 0.116487
0 0.98125 0.682132 0.032762 0.197612
5 0.369888 0.416916 0.012871 0.037442
5 0.135874 0.471 0.050313 0.249615
5 0.194378 0.440838 0.024571 0.093606
5 0.825631 0.444998 0.023401 0.101926
5 0.97774 0.459559 0.030422 0.139368
5 0.055725 0.439798 0.028082 0.095686
5 0.207834 0.433557 0.016381 0.074884
5 0.227725 0.427317 0.028082 0.116487
5 0.247031 0.423157 0.012871 0.074884
5 0.262242 0.407556 0.017551 0.039522
5 0.665916 0.399235 0.012871 0.022881
5 0.796964 0.432517 0.017551 0.093606
5 0.783508 0.444998 0.025742 0.114407
