5 0.819813 0.629942 0.021446 0.084917
5 0.894874 0.638607 0.031194 0.077985
5 0.957749 0.659403 0.045816 0.140372
5 0.723307 0.633408 0.015597 0.060655
0 0.544918 0.606547 0.068237 0.128241
0 0.673105 0.637741 0.053614 0.048524
2 0.609742 0.602215 0.071161 0.11611
0 0.474731 0.642073 0.013647 0.029461
0 0.453773 0.643806 0.008773 0.019063
0 0.507387 0.64294 0.008773 0.024262
0 0.500076 0.643806 0.007798 0.022529
0 0.449386 0.62561 0.007798 0.010398
0 0.461084 0.626477 0.009748 0.019063
0 0.439151 0.626477 0.008773 0.015597
