0 0.052169 0.665733 0.10387 0.204621
0 0.989807 0.73498 0.019651 0.148475
0 0.10996 0.609704 0.068779 0.084843
0 0.154877 0.612823 0.096852 0.088586
0 0.465434 0.603882 0.079306 0.13475
2 0.505087 0.577056 0.022458 0.043669
0 0.636095 0.607417 0.071586 0.086091
0 0.874364 0.574353 0.250552 0.336876
0 0.323549 0.639649 0.216162 0.291959
0 0.532342 0.585374 0.0386 0.04866
0 0.679023 0.627172 0.091939 0.089834
0 0.728151 0.593484 0.04983 0.047412
5 0.728736 0.59494 0.016844 0.068623
5 0.203303 0.590989 0.008422 0.047412
