0 0.355907 0.565166 0.021594 0.021327
0 0.381099 0.565166 0.014396 0.021327
0 0.406892 0.566232 0.025193 0.014929
2 0.387697 0.550237 0.027592 0.034123
0 0.435683 0.5609 0.027592 0.034123
0 0.474672 0.548104 0.047986 0.042654
0 0.48127 0.588625 0.03479 0.068246
0 0.51426 0.589692 0.050385 0.121564
0 0.554448 0.597156 0.085175 0.170616
0 0.674412 0.622748 0.212337 0.26872
0 0.314519 0.563033 0.029991 0.051185
0 0.339712 0.573696 0.015595 0.029858
0 0.297724 0.583293 0.039588 0.053318
0 0.283928 0.593957 0.050385 0.100237
0 0.214349 0.63981 0.172749 0.204739
0 0.387697 0.754976 0.277118 0.388151
0 0.108974 0.764573 0.217948 0.373223
0 0.846252 0.700887 0.30649 0.591349
