0 0.584742 0.483929 0.009471 0.016837
0 0.591199 0.492347 0.013776 0.030612
0 0.599809 0.493112 0.00861 0.038265
0 0.611002 0.494643 0.024107 0.041327
0 0.619611 0.501531 0.029273 0.045918
0 0.645871 0.513776 0.043909 0.067347
0 0.509264 0.487755 0.009471 0.018367
0 0.47913 0.49847 0.007749 0.021429
0 0.467937 0.499235 0.016358 0.029082
0 0.449857 0.503827 0.019802 0.029082
0 0.429193 0.508419 0.021524 0.035204
0 0.4081 0.509184 0.025829 0.045918
0 0.313823 0.538266 0.049075 0.061225
0 0.555039 0.486225 0.006888 0.015306
0 0.576132 0.482398 0.006027 0.013776
2 0.566662 0.478827 0.016358 0.02602
0 0.371508 0.526276 0.074904 0.079082
0 0.518878 0.487755 0.00861 0.021429
0 0.540833 0.491582 0.019802 0.02602
0 0.698534 0.527551 0.092985 0.113265
0 0.917507 0.478061 0.075765 0.094898
0 0.921812 0.569388 0.151531 0.377551
