0 0.487494 0.510925 0.013673 0.022438
0 0.475398 0.512795 0.021035 0.029917
0 0.554281 0.51186 0.012621 0.028047
0 0.558488 0.513729 0.012621 0.028047
0 0.570583 0.507185 0.022087 0.048615
0 0.573739 0.507185 0.01788 0.059834
0 0.586886 0.502511 0.027346 0.065443
0 0.588463 0.51186 0.013673 0.065443
0 0.621594 0.50438 0.056795 0.091621
0 0.397042 0.50812 0.038915 0.057964
0 0.331043 0.513729 0.057847 0.084141
2 0.365752 0.505315 0.049433 0.074792
2 0.509318 0.507185 0.031553 0.026177
2 0.269252 0.505315 0.10728 0.117798
0 0.641578 0.514197 0.077831 0.089751
0 0.436483 0.503913 0.067313 0.080402
