5 0.089607 0.279482 0.019651 0.06488
5 0.062587 0.283849 0.021757 0.083595
5 0.266974 0.255776 0.014037 0.017468
5 0.311137 0.251409 0.012528 0.022458
0 0.514613 0.238932 0.01544 0.009982
0 0.493559 0.252033 0.022458 0.041174
0 0.683402 0.263262 0.042811 0.078604
0 0.719195 0.278235 0.054041 0.078604
0 0.539177 0.220841 0.036495 0.058641
0 0.564092 0.238932 0.009124 0.029945
0 0.318453 0.27262 0.028775 0.024954
0 0.283011 0.297574 0.064568 0.069871
0 0.22125 0.313794 0.105274 0.09732
0 0.524439 0.306932 0.081412 0.135998
0 0.373546 0.298822 0.122118 0.177172
0 0.766218 0.285721 0.091939 0.086091
1 0.638836 0.235189 0.054742 0.099815
2 0.588305 0.235813 0.04211 0.106054
0 0.124749 0.346234 0.149489 0.124769
0 0.955359 0.330014 0.087728 0.179667
