0 0.346115 0.451895 0.019184 0.028421
0 0.366898 0.452605 0.019184 0.027
0 0.298954 0.451184 0.009592 0.024158
0 0.289762 0.454026 0.013589 0.024158
0 0.280569 0.455447 0.015987 0.021316
0 0.272176 0.45829 0.01199 0.027
0 0.257388 0.459711 0.027178 0.035526
0 0.159868 0.471079 0.039967 0.055421
0 0.111508 0.478895 0.075938 0.071053
0 0.056753 0.476763 0.047961 0.052579
0 0.030775 0.500921 0.059951 0.078158
0 0.407665 0.44479 0.015987 0.022737
0 0.432045 0.442658 0.023181 0.032684
0 0.470813 0.455447 0.027178 0.044053
0 0.497191 0.471079 0.038368 0.049737
0 0.220618 0.469658 0.033572 0.035526
