5 0.728579 0.638616 0.008576 0.040195
0 0.632292 0.611589 0.007796 0.011088
0 0.649055 0.615054 0.008576 0.012474
0 0.653343 0.61644 0.009356 0.018018
0 0.66075 0.62337 0.014813 0.029107
0 0.669715 0.626142 0.017152 0.029107
0 0.689207 0.6303 0.02183 0.034651
0 0.742223 0.655942 0.024949 0.058214
0 0.772239 0.656635 0.042881 0.07346
0 0.801476 0.662179 0.057694 0.081776
0 0.520218 0.619212 0.037423 0.029107
0 0.152811 0.63723 0.060812 0.048511
0 0.06666 0.648319 0.091219 0.084548
0 0.695054 0.638616 0.028847 0.034651
0 0.638919 0.620944 0.014813 0.024256
0 0.843382 0.683662 0.094337 0.095637
5 0.193565 0.62298 0.010915 0.044353
0 0.561267 0.629676 0.010135 0.017464
5 0.102056 0.612628 0.013254 0.024949
