2 0.454681 0.432419 0.032165 0.037293
2 0.417621 0.434905 0.025173 0.027348
2 0.581243 0.443607 0.086706 0.174033
0 0.498034 0.448579 0.009789 0.029834
0 0.435102 0.458524 0.009789 0.024862
0 0.40014 0.453552 0.006992 0.01989
0 0.386855 0.473441 0.03636 0.074586
0 0.460275 0.437391 0.034962 0.012431
0 0.419719 0.458524 0.023774 0.034807
0 0.326021 0.500789 0.113277 0.149171
0 0.471463 0.492088 0.074119 0.096961
0 0.921774 0.507005 0.152434 0.544475
2 0.149863 0.4088 0.297776 0.50221
2 0.717595 0.437391 0.227952 0.330663
0 0.521035 0.45491 0.028269 0.039859
