5 0.706059 0.423474 0.013589 0.068211
0 0.278712 0.439816 0.011191 0.018474
0 0.288704 0.449763 0.016786 0.027
0 0.249936 0.446211 0.020783 0.034105
0 0.262326 0.456158 0.026378 0.028421
0 0.224757 0.459 0.040766 0.048316
0 0.457765 0.436263 0.015987 0.019895
0 0.472553 0.439816 0.010391 0.012789
0 0.492137 0.438395 0.022382 0.027
0 0.5373 0.434132 0.02478 0.041211
0 0.560081 0.436974 0.030375 0.046895
0 0.592055 0.440526 0.047961 0.056842
5 0.628824 0.434842 0.011191 0.056842
0 0.667193 0.443369 0.068743 0.065368
0 0.356648 0.432 0.008793 0.011368
0 0.364242 0.432711 0.006395 0.012789
0 0.372635 0.43129 0.008793 0.015632
0 0.380229 0.435553 0.006395 0.015632
1 0.106512 0.414903 0.212662 0.333947
