5 0.225446 0.49299 0.17083 0.732204
5 0.386915 0.451387 0.044463 0.220493
5 0.594018 0.420185 0.023401 0.108166
5 0.365269 0.463868 0.029252 0.137288
5 0.45595 0.412905 0.037442 0.205932
5 0.478766 0.411865 0.033932 0.208012
5 0.564181 0.391063 0.024571 0.099846
5 0.54195 0.407704 0.019891 0.074884
5 0.524984 0.401464 0.016381 0.079045
5 0.708685 0.382743 0.046803 0.124807
5 0.62795 0.418105 0.035102 0.145609
5 0.782399 0.408745 0.035102 0.176811
5 0.839148 0.415936 0.054993 0.216155
0 0.075281 0.595956 0.150561 0.438906
0 0.089133 0.445147 0.136898 0.224653
0 0.554235 0.417065 0.093606 0.056163
0 0.426113 0.407743 0.054993 0.062327
0 0.317881 0.423305 0.042123 0.068644
0 0.348303 0.406664 0.023401 0.031202
