0 0.545405 0.546759 0.012673 0.046791
2 0.612179 0.534628 0.031194 0.060655
0 0.587322 0.542426 0.022421 0.048524
0 0.458647 0.550225 0.069211 0.067587
0 0.85052 0.538094 0.036068 0.074519
0 0.810553 0.549358 0.063363 0.08665
0 0.900235 0.568421 0.121851 0.107445
0 0.20276 0.557157 0.072136 0.057189
0 0.174978 0.565822 0.094556 0.067587
0 0.106741 0.584018 0.049715 0.038126
0 0.07701 0.584885 0.021446 0.039859
0 0.034606 0.597016 0.032169 0.039859
0 0.01316 0.595283 0.02632 0.046791
0 0.512262 0.550225 0.041917 0.071053
0 0.568313 0.554557 0.040942 0.06932
0 0.631675 0.547625 0.05069 0.072786
0 0.73403 0.561489 0.118927 0.145571
0 0.951412 0.603948 0.095531 0.227022
