2 0.260678 0.350406 0.049276 0.042236
2 0.029257 0.387949 0.056315 0.082908
0 0.007259 0.43175 0.014079 0.061008
0 0.086453 0.410632 0.049276 0.056315
0 0.158166 0.395771 0.036077 0.051622
0 0.189404 0.389513 0.028158 0.048494
0 0.124729 0.427057 0.067754 0.067265
0 0.204802 0.399681 0.051916 0.059444
0 0.2312 0.376217 0.023758 0.028158
0 0.363629 0.37387 0.029917 0.026593
0 0.393546 0.363702 0.019358 0.015643
0 0.322272 0.361356 0.024638 0.020336
0 0.34559 0.360574 0.018478 0.043801
0 0.318753 0.383256 0.026398 0.032851
0 0.296315 0.395771 0.032557 0.039108
0 0.266837 0.403592 0.049276 0.045365
0 0.461741 0.346495 0.011439 0.0219
0 0.610008 0.341802 0.010559 0.015643
0 0.600769 0.345713 0.009679 0.017207
0 0.58713 0.353534 0.017598 0.001564
0 0.58669 0.346495 0.013199 0.018772
0 0.593289 0.365267 0.014079 0.025029
0 0.575691 0.373088 0.033437 0.034415
0 0.221961 0.42471 0.063355 0.065701
0 0.573491 0.340238 0.009679 0.0219
0 0.563812 0.343366 0.011439 0.0219
0 0.551053 0.350406 0.019358 0.017207
0 0.525975 0.356663 0.011439 0.020336
0 0.504417 0.349623 0.015839 0.012514
2 0.548413 0.328505 0.021118 0.026593
2 0.531695 0.331634 0.010559 0.026593
0 0.516296 0.366049 0.021998 0.026593
0 0.434463 0.577231 0.280696 0.406721
0 0.805351 0.499797 0.386287 0.552202
