0 0.339112 0.380331 0.021594 0.029858
0 0.327115 0.397393 0.026392 0.042654
0 0.31152 0.405924 0.03359 0.042654
0 0.382899 0.392061 0.020394 0.027725
0 0.416489 0.387796 0.017995 0.02346
0 0.432684 0.393128 0.021594 0.034123
0 0.585039 0.390995 0.026392 0.029858
0 0.629426 0.394194 0.016795 0.02346
0 0.645021 0.392061 0.019194 0.027725
0 0.664815 0.399526 0.029991 0.029858
0 0.697805 0.408057 0.038389 0.038389
0 0.742192 0.412322 0.055184 0.046919
0 0.785379 0.408057 0.035989 0.042654
0 0.017604 0.524458 0.035208 0.237069
0 0.872896 0.512559 0.254209 0.563033
0 0.815388 0.40685 0.024006 0.031296
