0 0.277037 0.541875 0.026367 0.01875
0 0.333067 0.543046 0.017139 0.025781
0 0.436558 0.510234 0.018457 0.021094
0 0.361411 0.520781 0.021094 0.01875
0 0.718027 0.531328 0.009229 0.025781
0 0.724619 0.533671 0.011865 0.021094
0 0.736484 0.533672 0.019775 0.035156
0 0.754282 0.534843 0.031641 0.032812
0 0.783286 0.538359 0.042187 0.044531
0 0.830747 0.543046 0.063281 0.067969
0 0.433262 0.539531 0.014502 0.01875
0 0.18607 0.547734 0.039551 0.025781
0 0.357456 0.553593 0.026367 0.028125
2 0.160362 0.514922 0.098877 0.044531
0 0.402281 0.554765 0.034277 0.030469
2 0.412827 0.499687 0.039551 0.028125
0 0.888096 0.56414 0.083057 0.091406
1 0.678477 0.523125 0.075146 0.164062
0 0.970493 0.577031 0.058008 0.126562
0 0.448899 0.542773 0.012673 0.01733
