5 0.859082 0.455696 0.037025 0.165401
5 0.735664 0.43038 0.027532 0.101266
5 0.504304 0.446413 0.011392 0.042194
5 0.497658 0.448945 0.009494 0.040506
5 0.480095 0.453164 0.008544 0.032067
5 0.485316 0.453164 0.009494 0.035443
3 0.642626 0.455696 0.023734 0.064135
5 0.162152 0.484388 0.013291 0.064135
0 0.383829 0.460591 0.008544 0.01519
0 0.378607 0.459747 0.007595 0.013502
0 0.365316 0.458059 0.017089 0.03038
0 0.225 0.481688 0.024684 0.037131
0 0.24731 0.48 0.050316 0.040506
0 0.27674 0.482531 0.021835 0.038819
0 0.429588 0.455527 0.006646 0.021941
0 0.437183 0.456371 0.016139 0.03038
0 0.468987 0.447088 0.011392 0.018565
5 0.462342 0.447932 0.007595 0.027004
0 0.399304 0.442025 0.03038 0.079325
0 0.400728 0.456371 0.025633 0.054008
2 0.303418 0.458059 0.043671 0.084388
0 0.44981 0.459072 0.024684 0.037131
0 0.414683 0.462447 0.034177 0.054008
0 0.37481 0.460759 0.007595 0.016878
0 0.33019 0.468354 0.062658 0.065823
0 0.088006 0.518143 0.122468 0.138397
