0 0.183775 0.509491 0.030032 0.012203
0 0.207371 0.532373 0.017161 0.024407
0 0.180772 0.536949 0.041186 0.03661
0 0.268293 0.589576 0.015445 0.022881
0 0.28288 0.585 0.013729 0.01678
0 0.300041 0.582712 0.015445 0.018305
0 0.317202 0.594152 0.022309 0.028983
0 0.34423 0.55983 0.018019 0.021356
0 0.376407 0.679576 0.125275 0.230339
0 0.866545 0.622373 0.069502 0.054915
0 0.940338 0.626949 0.024883 0.021356
0 0.643881 0.743491 0.453051 0.512542
0 0.091811 0.498051 0.020593 0.01678
0 0.070789 0.491186 0.016303 0.015254
