5 0.21082 0.351541 0.031592 0.145609
5 0.140031 0.377543 0.035102 0.135208
5 0.179228 0.355701 0.015211 0.087365
5 0.243582 0.367142 0.019891 0.131048
5 0.254112 0.359862 0.015211 0.120647
5 0.800535 0.301618 0.012871 0.054083
5 0.737936 0.299538 0.011701 0.041602
2 0.315718 0.336164 0.100273 0.118118
0 0.371119 0.32866 0.040952 0.087365
0 0.405637 0.32866 0.044463 0.070724
0 0.547215 0.3349 0.084245 0.145609
0 0.456535 0.32866 0.062014 0.095686
2 0.595188 0.301618 0.021061 0.037442
2 0.499242 0.301618 0.021061 0.037442
