5 0.816006 0.222712 0.015445 0.009153
5 0.728485 0.302034 0.008581 0.021356
5 0.76152 0.300508 0.007722 0.027458
5 0.869205 0.311949 0.012013 0.01678
5 0.685926 0.272288 0.005148 0.013729
5 0.194778 0.322627 0.03089 0.132712
0 0.628951 0.27839 0.020593 0.01678
0 0.693305 0.294407 0.037754 0.027458
0 0.808284 0.30661 0.078941 0.021356
0 0.944199 0.303559 0.096102 0.045763
0 0.649115 0.337119 0.072934 0.100678
2 0.498956 0.109068 0.186197 0.19983
2 0.631954 0.248644 0.023167 0.039661
0 0.423705 0.337119 0.420445 0.454576
2 0.607643 0.260847 0.021451 0.048814
0 0.972086 0.302034 0.054057 0.064068
