0 0.415667 0.488829 0.009361 0.018721
0 0.419763 0.488829 0.010531 0.022881
0 0.429123 0.487789 0.012871 0.029122
0 0.436729 0.49507 0.014041 0.039522
0 0.441994 0.50131 0.012871 0.031202
0 0.45662 0.49923 0.021061 0.027042
0 0.461885 0.50859 0.026912 0.033282
0 0.482361 0.511711 0.021061 0.052003
0 0.508688 0.510671 0.050313 0.074884
0 0.520389 0.527312 0.059674 0.070724
0 0.598783 0.511711 0.029252 0.035362
0 0.692974 0.560594 0.16849 0.199692
0 0.850848 0.602196 0.293688 0.372342
1 0.364099 0.486749 0.029252 0.045763
0 0.345463 0.49819 0.021061 0.029122
0 0.331422 0.50027 0.011701 0.020801
0 0.323817 0.50131 0.012871 0.022881
0 0.315626 0.50027 0.012871 0.029122
0 0.302756 0.50131 0.022231 0.031202
2 0.273504 0.49299 0.029252 0.060324
0 0.394021 0.509631 0.045633 0.068644
0 0.208565 0.50651 0.032762 0.058243
0 0.174633 0.50859 0.044463 0.070724
0 0.148306 0.516911 0.040952 0.066564
0 0.090388 0.522111 0.086585 0.076965
