0 0.442735 0.390429 0.011208 0.027399
0 0.431527 0.389184 0.011208 0.029889
0 0.418217 0.390429 0.018214 0.042343
0 0.404907 0.395411 0.030823 0.062269
0 0.374083 0.399147 0.05324 0.074723
0 0.31664 0.40911 0.075657 0.12952
0 0.236779 0.4253 0.168127 0.186808
0 0.497377 0.396656 0.016813 0.034871
0 0.508585 0.400392 0.022417 0.042343
0 0.515591 0.407865 0.016813 0.047325
0 0.545013 0.402883 0.058845 0.087177
0 0.575836 0.421564 0.075657 0.099631
0 0.083924 0.491928 0.166726 0.376107
0 0.702492 0.475738 0.210159 0.214207
