0 0.380567 0.429012 0.009679 0.020336
0 0.370008 0.426666 0.014959 0.015643
0 0.358129 0.42823 0.015839 0.015643
0 0.344051 0.425101 0.015839 0.012514
0 0.316333 0.424319 0.025518 0.020336
0 0.406525 0.429794 0.007039 0.015643
0 0.424564 0.418844 0.009679 0.015643
0 0.432043 0.420408 0.008799 0.009386
0 0.436003 0.433705 0.009679 0.023465
0 0.454041 0.434487 0.017598 0.031286
0 0.444802 0.437616 0.009679 0.025029
0 0.460201 0.43918 0.022878 0.034415
0 0.420604 0.43918 0.029917 0.040672
0 0.564032 0.436834 0.049276 0.057879
0 0.606268 0.430577 0.026398 0.051622
0 0.666103 0.436052 0.123189 0.078216
0 0.798972 0.436052 0.079193 0.075087
0 0.961538 0.453259 0.074794 0.109502
0 0.123849 0.427057 0.029038 0.028158
0 0.162566 0.441918 0.067754 0.064137
5 0.490558 0.430577 0.007919 0.031286
5 0.534114 0.432141 0.008799 0.040672
5 0.525755 0.432141 0.009679 0.043801
5 0.516516 0.432141 0.010559 0.046929
5 0.508597 0.434487 0.014079 0.051622
5 0.676046 0.443482 0.016719 0.064137
