0 0.791215 0.485281 0.051673 0.059911
0 0.764255 0.469305 0.098854 0.091864
0 0.424621 0.448336 0.008987 0.005991
0 0.415915 0.446339 0.005617 0.015976
0 0.408052 0.44534 0.01011 0.017973
0 0.398504 0.446339 0.008987 0.015976
0 0.469274 0.442345 0.00674 0.015976
0 0.476014 0.444342 0.011233 0.023965
0 0.487247 0.45233 0.02022 0.035947
0 0.376598 0.443343 0.01011 0.021967
0 0.369858 0.446339 0.012357 0.023965
0 0.32661 0.44534 0.015727 0.03395
0 0.356098 0.447337 0.022467 0.023965
0 0.288136 0.455326 0.061783 0.063905
0 0.220174 0.469305 0.083127 0.071894
0 0.030892 0.498405 0.059537 0.129522
0 0.503629 0.460984 0.035947 0.05392
0 0.449334 0.441346 0.011233 0.015976
