0 0.300869 0.50216 0.04161 0.034141
0 0.374086 0.495048 0.032808 0.034141
0 0.52012 0.48509 0.035208 0.048367
0 0.559729 0.491491 0.028006 0.041254
0 0.714965 0.521365 0.12883 0.129452
0 0.424498 0.49078 0.016804 0.022761
0 0.488513 0.488646 0.008802 0.018493
0 0.915811 0.598183 0.167239 0.308694
0 0.006401 0.556929 0.012803 0.069705
0 0.326075 0.500738 0.024806 0.034141
0 0.340879 0.497181 0.019204 0.027028
0 0.355682 0.500027 0.013603 0.024183
0 0.64775 0.507139 0.056813 0.092466
0 0.542525 0.490069 0.011203 0.024183
0 0.436101 0.492203 0.009602 0.019916
0 0.445703 0.49078 0.009602 0.022761
0 0.454105 0.487935 0.010402 0.017071
