0 0.173516 0.444512 0.10138 0.112644
5 0.78862 0.45491 0.013647 0.053723
5 0.777409 0.450578 0.012673 0.05199
0 0.64581 0.44018 0.016572 0.031194
0 0.668718 0.447978 0.042892 0.057189
0 0.592196 0.434114 0.02632 0.057189
0 0.483017 0.433248 0.014622 0.027728
0 0.471807 0.436714 0.011698 0.027728
0 0.460597 0.436714 0.012673 0.03466
0 0.450849 0.438447 0.016572 0.038126
0 0.434764 0.441046 0.025345 0.043325
0 0.538094 0.485238 0.120876 0.180231
0 0.902185 0.580552 0.192037 0.502568
5 0.629426 0.439868 0.008046 0.042914
5 0.623894 0.440762 0.007041 0.041126
