0 0.074456 0.462936 0.025728 0.027721
0 0.100184 0.473331 0.036643 0.040195
0 0.127082 0.467787 0.023389 0.026335
0 0.194366 0.46155 0.016373 0.024949
0 0.221263 0.464322 0.012474 0.019405
0 0.254009 0.46155 0.017152 0.024949
0 0.275215 0.456006 0.012474 0.01386
0 0.309519 0.455313 0.017152 0.020791
0 0.296655 0.438681 0.013254 0.015246
0 0.321604 0.435215 0.008576 0.011088
0 0.310299 0.44076 0.007796 0.011088
0 0.4313 0.437988 0.007796 0.01386
0 0.415707 0.46155 0.007796 0.019405
0 0.433639 0.465015 0.012474 0.012474
0 0.787208 0.473331 0.027288 0.029107
0 0.762259 0.456006 0.013254 0.016632
0 0.742378 0.474717 0.032745 0.031879
0 0.823072 0.481648 0.028847 0.040195
0 0.877803 0.476797 0.011695 0.022177
0 0.963174 0.523783 0.071727 0.095637
0 0.054887 0.565604 0.109774 0.39502
0 0.168014 0.467787 0.041321 0.048511
0 0.235063 0.462243 0.016373 0.020791
0 0.28574 0.460857 0.019491 0.029107
0 0.299774 0.460857 0.013254 0.023563
0 0.398789 0.486499 0.038203 0.055441
