0 0.949667 0.626711 0.098676 0.125085
0 0.907194 0.82349 0.183623 0.350847
5 0.884884 0.632812 0.036038 0.10983
0 0.368104 0.590085 0.008581 0.019831
0 0.361668 0.59161 0.011155 0.022881
0 0.410577 0.590085 0.011155 0.01678
0 0.435032 0.589322 0.006864 0.015254
0 0.451764 0.592373 0.009439 0.009153
0 0.486229 0.588559 0.008581 0.019831
0 0.491377 0.592373 0.008581 0.021356
0 0.500387 0.590085 0.012871 0.025932
0 0.505964 0.595424 0.012013 0.030508
0 0.347761 0.594407 0.020665 0.024407
0 0.326345 0.59822 0.025742 0.022881
2 0.379839 0.581186 0.022309 0.03661
2 0.537721 0.575593 0.053199 0.112881
3 0.216014 0.616271 0.019735 0.032034
3 0.203143 0.620847 0.023167 0.038136
3 0.186412 0.623898 0.025742 0.041186
3 0.157238 0.617796 0.037754 0.056441
3 0.115622 0.624661 0.045477 0.064068
3 0.077868 0.633051 0.040328 0.065593
3 0.062852 0.63839 0.060064 0.054915
3 0.04183 0.63839 0.055773 0.07322
0 0.397063 0.588813 0.018019 0.022881
0 0.424521 0.588051 0.014587 0.024407
0 0.472571 0.585 0.018019 0.030508
