1 0.194962 0.432381 0.183264 0.223556
0 0.446462 0.455777 0.064337 0.08665
0 0.562464 0.407253 0.017547 0.024262
0 0.305602 0.43758 0.038018 0.050257
0 0.561002 0.38819 0.010723 0.010398
0 0.577086 0.394256 0.007798 0.008665
0 0.582935 0.389923 0.007798 0.013864
0 0.320224 0.389057 0.039967 0.032927
0 0.386511 0.402054 0.032169 0.020796
0 0.358729 0.384724 0.017547 0.013864
0 0.357754 0.393389 0.015597 0.01733
0 0.417705 0.38819 0.02632 0.020796
0 0.433789 0.389057 0.011698 0.008665
0 0.463521 0.391656 0.02437 0.013864
0 0.795931 0.428049 0.043866 0.045058
0 0.877327 0.436714 0.074085 0.048524
0 0.939227 0.412452 0.034118 0.027728
1 0.789107 0.404654 0.137448 0.060655
1 0.710635 0.395989 0.025345 0.036393
1 0.955312 0.375193 0.074085 0.053723
0 0.81299 0.412452 0.056539 0.038126
0 0.779846 0.427182 0.027295 0.029461
