0 0.06627 0.49828 0.129421 0.22038
0 0.894643 0.489271 0.208165 0.243942
0 0.785103 0.48442 0.063931 0.131673
0 0.751578 0.456006 0.084202 0.124743
0 0.705579 0.443532 0.032745 0.047125
0 0.685308 0.435215 0.029627 0.044353
0 0.676576 0.43175 0.014034 0.040195
0 0.671119 0.424127 0.009356 0.030493
0 0.609137 0.425513 0.02105 0.049897
0 0.626289 0.430364 0.007017 0.018018
0 0.581849 0.431057 0.039762 0.074846
0 0.308194 0.435215 0.014813 0.022177
0 0.325346 0.439374 0.02261 0.036037
0 0.348735 0.439374 0.047558 0.058214
0 0.42709 0.436601 0.023389 0.027721
0 0.172146 0.437294 0.053016 0.062372
0 0.122638 0.442146 0.025728 0.038809
0 0.285974 0.424127 0.009356 0.022177
0 0.394345 0.439374 0.049897 0.058214
2 0.462174 0.420662 0.049897 0.090092
0 0.537799 0.457392 0.08732 0.127515
0 0.64617 0.448383 0.046779 0.062372
