0 0.551439 0.540415 0.013006 0.016008
0 0.596962 0.53834 0.010005 0.024901
0 0.576952 0.554348 0.050025 0.074704
0 0.539433 0.536385 0.023011 0.035221
0 0.525927 0.535672 0.016008 0.030237
0 0.509418 0.535672 0.013006 0.023123
0 0.500414 0.541897 0.02101 0.032016
0 0.473401 0.540152 0.023011 0.028525
0 0.455892 0.536561 0.016008 0.021344
0 0.439884 0.537451 0.014007 0.016008
0 0.173586 0.544862 0.097048 0.056917
0 0.071435 0.518834 0.058029 0.087154
0 0.039419 0.551739 0.048024 0.046245
0 0.639983 0.541601 0.014007 0.019565
0 0.666996 0.550494 0.012006 0.016008
0 0.680503 0.548716 0.02101 0.019565
0 0.761043 0.545158 0.022011 0.030237
0 0.855589 0.570059 0.031015 0.051581
0 0.332164 0.578063 0.114056 0.142293
