0 0.403693 0.31391 0.013603 0.019916
0 0.418497 0.326001 0.030407 0.046944
0 0.336078 0.315332 0.014403 0.014226
0 0.291267 0.32529 0.020805 0.022761
0 0.275664 0.317466 0.023205 0.018493
0 0.25886 0.321734 0.018404 0.015648
0 0.232054 0.32529 0.025606 0.017071
0 0.21685 0.326001 0.014403 0.015648
0 0.199646 0.32529 0.024806 0.017071
0 0.177641 0.326001 0.019204 0.015648
0 0.169239 0.326001 0.012003 0.015648
0 0.158036 0.32529 0.024806 0.017071
0 0.104824 0.330269 0.030407 0.015648
0 0.462507 0.298973 0.014403 0.027028
