5 0.933338 0.49819 0.023401 0.110247
5 0.909937 0.50755 0.011701 0.062404
5 0.899406 0.480509 0.011701 0.108166
5 0.325487 0.50131 0.019891 0.104006
0 0.551895 0.484669 0.046803 0.045763
0 0.636725 0.564754 0.16498 0.180971
0 0.336602 0.480509 0.079565 0.054083
0 0.436058 0.432666 0.098286 0.029122
2 0.15192 0.393144 0.30384 0.777967
0 0.450099 0.607396 0.259756 0.324499
3 0.856699 0.580355 0.118177 0.104006
3 0.930413 0.611557 0.073714 0.158089
3 0.936263 0.620917 0.094776 0.16849
0 0.715705 0.518991 0.042123 0.039522
