0 0.918755 0.746321 0.159039 0.433019
0 0.862536 0.613868 0.153308 0.165566
0 0.767972 0.597312 0.093131 0.122264
0 0.716392 0.573114 0.073072 0.09934
0 0.245006 0.616416 0.184829 0.185944
0 0.346734 0.592218 0.075938 0.11717
0 0.404045 0.582029 0.055879 0.071321
0 0.469667 0.552482 0.037252 0.043302
0 0.490442 0.542293 0.021492 0.022925
0 0.504197 0.532359 0.018626 0.015283
0 0.520674 0.520897 0.020059 0.022925
0 0.639738 0.547642 0.044416 0.045849
0 0.616097 0.533633 0.028656 0.038208
0 0.592456 0.524717 0.012895 0.03566
