0 0.216835 0.572049 0.045321 0.034019
0 0.154896 0.571154 0.070499 0.03939
0 0.042098 0.572944 0.050356 0.068037
0 0.099001 0.577421 0.047335 0.04118
0 0.055694 0.670524 0.109777 0.284682
0 0.307476 0.590849 0.085606 0.103846
0 0.428835 0.589954 0.058413 0.087732
0 0.465596 0.574735 0.015107 0.046552
0 0.485235 0.580106 0.022157 0.053714
0 0.505377 0.593535 0.038271 0.066247
0 0.533577 0.606068 0.060428 0.084151
0 0.55523 0.623077 0.043307 0.107427
0 0.65695 0.631134 0.194376 0.252454
5 0.767231 0.597116 0.036257 0.170093
5 0.806005 0.595325 0.031221 0.170093
5 0.848305 0.598011 0.03525 0.171883
