0 0.433246 0.523678 0.011477 0.020403
0 0.421769 0.525378 0.013389 0.023804
0 0.411249 0.523678 0.009564 0.023804
0 0.406467 0.526228 0.011477 0.025504
0 0.37634 0.526228 0.006695 0.022103
0 0.363907 0.529629 0.02391 0.042506
0 0.318 0.533029 0.016259 0.032305
0 0.299829 0.530479 0.02391 0.040806
0 0.279745 0.53813 0.025823 0.035705
0 0.260139 0.53813 0.028692 0.042506
0 0.230969 0.545781 0.043038 0.061209
0 0.472936 0.520277 0.004782 0.013602
0 0.480587 0.524528 0.014346 0.022103
0 0.513583 0.527078 0.011477 0.030605
0 0.553751 0.534729 0.019128 0.032305
0 0.639826 0.532179 0.017215 0.034005
0 0.338563 0.533029 0.038256 0.052708
0 0.455243 0.546631 0.049732 0.076511
0 0.493498 0.534729 0.024866 0.039106
0 0.528885 0.528779 0.026779 0.040806
0 0.595354 0.561083 0.096596 0.122418
1 0.105203 0.417412 0.210406 0.452267
