0 0.027982 0.665817 0.055102 0.076531
0 0.320066 0.639031 0.007749 0.007653
0 0.294193 0.641633 0.011193 0.009184
0 0.29161 0.652347 0.014636 0.018367
0 0.277404 0.650051 0.012054 0.013776
0 0.268364 0.653878 0.009471 0.02449
0 0.253728 0.649286 0.023246 0.039796
0 0.224885 0.662296 0.049936 0.059694
0 0.31038 0.653572 0.012915 0.018367
0 0.336639 0.655102 0.036161 0.064286
0 0.505102 0.660715 0.04477 0.064286
0 0.628446 0.665161 0.131728 0.143878
0 0.842151 0.695008 0.311671 0.313776
0 0.416832 0.661334 0.127424 0.228061
4 0.529066 0.667347 0.052519 0.053571
