0 0.374595 0.45164 0.021094 0.030469
0 0.360093 0.453984 0.021094 0.039844
0 0.33834 0.459843 0.032959 0.05625
0 0.312632 0.472734 0.029004 0.053906
0 0.279673 0.472734 0.047461 0.091406
0 0.208482 0.500859 0.108105 0.124219
0 0.448423 0.441093 0.052734 0.023437
0 0.485996 0.43875 0.014502 0.0375
0 0.520933 0.442265 0.044824 0.035156
0 0.526206 0.459843 0.029004 0.046875
0 0.551255 0.477422 0.055371 0.072656
0 0.588828 0.496172 0.0646 0.105469
0 0.078533 0.523125 0.157066 0.210937
0 0.010638 0.589921 0.021275 0.152344
0 0.872935 0.647343 0.253125 0.384375
0 0.656065 0.521953 0.146338 0.171094
0 0.471494 0.58289 0.170068 0.269531
