0 0.184159 0.673474 0.111547 0.141864
0 0.24551 0.661271 0.024883 0.050339
0 0.308576 0.647869 0.024025 0.033559
0 0.330886 0.641767 0.020593 0.030508
0 0.28069 0.650157 0.047193 0.068644
0 0.460513 0.655496 0.047193 0.061017
0 0.456652 0.624988 0.034322 0.027458
0 0.428765 0.641005 0.018019 0.035085
0 0.419755 0.630327 0.018877 0.028983
0 0.367414 0.631852 0.013729 0.01678
0 0.541599 0.672276 0.13214 0.170847
0 0.391869 0.646344 0.036896 0.045763
0 0.724057 0.648632 0.086663 0.074746
0 0.630652 0.638935 0.057489 0.0523
