5 0.462059 0.666335 0.040942 0.088383
0 0.373351 0.62561 0.007798 0.01733
0 0.365553 0.626477 0.009748 0.012131
0 0.319737 0.627343 0.015597 0.027728
0 0.299266 0.629076 0.029244 0.041592
0 0.260761 0.631675 0.055564 0.088383
0 0.083346 0.639474 0.061413 0.093582
3 0.072623 0.654204 0.057514 0.091849
3 0.05264 0.655937 0.066287 0.081451
0 0.008773 0.687998 0.017547 0.131707
0 0.174003 0.64294 0.135498 0.190629
0 0.341183 0.631675 0.031194 0.053723
5 0.510312 0.664602 0.041917 0.109178
5 0.68529 0.691464 0.060438 0.395122
