0 0.444201 0.240795 0.011598 0.014433
0 0.39143 0.249043 0.031314 0.039175
0 0.408827 0.273785 0.024356 0.026804
0 0.292268 0.319146 0.051031 0.039175
0 0.478995 0.235641 0.011598 0.016495
0 0.077706 0.331517 0.030155 0.018557
0 0.005219 0.308247 0.010438 0.014433
0 0.50857 0.223711 0.008119 0.018557
0 0.525967 0.225773 0.010438 0.014433
0 0.551482 0.230928 0.012758 0.024742
0 0.530026 0.254639 0.016237 0.026804
2 0.483054 0.315022 0.091624 0.154639
0 0.586856 0.247717 0.011598 0.028866
0 0.574098 0.244624 0.020876 0.035052
0 0.600193 0.257879 0.017397 0.029161
0 0.636478 0.278645 0.026675 0.041237
