0 0.604381 0.497369 0.070186 0.093582
0 0.576111 0.482638 0.064337 0.091849
0 0.541506 0.467908 0.032169 0.055456
0 0.521035 0.467908 0.008773 0.05199
0 0.513236 0.459243 0.014622 0.031194
0 0.501539 0.458376 0.008773 0.032927
0 0.493253 0.453177 0.007798 0.022529
0 0.45426 0.451444 0.017547 0.025995
0 0.297316 0.45491 0.029244 0.036393
6 0.252963 0.467041 0.020471 0.077985
3 0.25345 0.487837 0.017547 0.060655
0 0.380662 0.443646 0.008773 0.013864
0 0.487404 0.447978 0.015597 0.025995
0 0.006824 0.459243 0.013647 0.045058
0 0.032169 0.455777 0.038992 0.038126
0 0.073111 0.450578 0.05264 0.03466
0 0.081884 0.434114 0.05069 0.029461
0 0.124288 0.450578 0.045816 0.038126
0 0.162793 0.452311 0.033143 0.027728
0 0.194474 0.441046 0.030219 0.039859
0 0.223718 0.447978 0.022421 0.025995
1 0.016572 0.421983 0.033143 0.064121
