5 0.053319 0.53898 0.020562 0.084162
5 0.93296 0.475645 0.037777 0.147922
5 0.895422 0.490523 0.042081 0.187878
5 0.776112 0.489247 0.025344 0.125819
5 0.697688 0.477771 0.01865 0.085863
5 0.751724 0.485847 0.022475 0.091814
5 0.977432 0.530479 0.043516 0.318797
5 0.973081 0.459918 0.026301 0.139421
5 0.65245 0.47522 0.009564 0.045907
5 0.633562 0.482871 0.010999 0.051008
5 0.62591 0.474795 0.00526 0.033155
5 0.619933 0.480746 0.008608 0.048457
5 0.60487 0.483722 0.008129 0.051008
0 0.559728 0.418687 0.006217 0.009351
0 0.561163 0.428038 0.010999 0.009351
0 0.562836 0.438665 0.012433 0.013602
0 0.563793 0.449717 0.013389 0.008501
0 0.569531 0.468334 0.015302 0.025674
0 0.5461 0.429314 0.01052 0.010202
0 0.542991 0.442065 0.014824 0.015302
0 0.546817 0.459918 0.014824 0.017003
0 0.53271 0.428038 0.009564 0.011052
0 0.530319 0.433564 0.009564 0.013602
0 0.528167 0.438665 0.010999 0.010202
0 0.526733 0.450567 0.010042 0.013602
0 0.531276 0.467994 0.014346 0.022953
0 0.455481 0.479471 0.016737 0.018703
0 0.435875 0.494348 0.025344 0.036555
0 0.414596 0.503558 0.033474 0.045907
0 0.070295 0.532859 0.016259 0.028904
0 0.02128 0.540255 0.042559 0.087563
2 0.159239 0.50965 0.190322 0.179377
2 0.498041 0.47182 0.051167 0.107116
0 0.321188 0.568026 0.205624 0.235485
0 0.482021 0.512711 0.054514 0.07056
0 0.551599 0.480576 0.022475 0.034855
0 0.56188 0.479726 0.012433 0.028054
5 0.446874 0.439515 0.004304 0.025504
5 0.442092 0.44164 0.003347 0.022953
0 0.545621 0.421662 0.011477 0.009351
