0 0.350489 0.613161 0.016059 0.021752
0 0.336724 0.622678 0.025236 0.040785
0 0.320664 0.630155 0.022177 0.044864
0 0.307282 0.637633 0.019883 0.054381
0 0.291605 0.634234 0.026765 0.072054
0 0.265986 0.655306 0.05659 0.092447
0 0.215132 0.658025 0.100179 0.122356
0 0.149748 0.689974 0.125415 0.14003
0 0.421991 0.558101 0.009177 0.014955
0 0.435374 0.5615 0.008412 0.019033
0 0.450286 0.565578 0.010706 0.016314
0 0.473228 0.576454 0.010706 0.021752
0 0.53823 0.611802 0.02906 0.054381
0 0.563466 0.614521 0.032119 0.073414
0 0.60629 0.618599 0.067296 0.097885
0 0.710085 0.610442 0.148357 0.144109
0 0.947776 0.689974 0.102474 0.235196
0 0.047726 0.722602 0.095452 0.273263
0 0.44608 0.609762 0.034413 0.05574
0 0.790625 0.664823 0.158299 0.138671
0 0.374195 0.608403 0.017589 0.031269
0 0.395608 0.582572 0.011471 0.02855
0 0.408608 0.566938 0.013 0.016314
5 0.49172 0.613822 0.020648 0.061178
