0 0.748493 0.388463 0.036272 0.042643
0 0.722459 0.388983 0.023986 0.033282
0 0.671561 0.392103 0.011116 0.031202
0 0.653718 0.394703 0.047973 0.046803
0 0.377815 0.395743 0.024571 0.044723
0 0.346809 0.400944 0.012871 0.040562
0 0.331305 0.403024 0.025156 0.055123
0 0.304686 0.405624 0.046803 0.062404
0 0.287428 0.407704 0.020476 0.062404
0 0.238285 0.408744 0.095361 0.126888
0 0.139706 0.388983 0.037442 0.112327
0 0.511496 0.365582 0.013456 0.013521
0 0.529924 0.369742 0.029252 0.013521
0 0.064939 0.421712 0.128708 0.16641
0 0.51015 0.531439 0.224653 0.315139
5 0.822638 0.408712 0.018136 0.078005
5 0.72757 0.391031 0.00819 0.038482
5 0.757992 0.394671 0.015211 0.047843
5 0.77057 0.402377 0.013456 0.061364
5 0.781979 0.401337 0.011701 0.061364
