0 0.052535 0.52417 0.050098 0.04375
0 0.082857 0.553076 0.091406 0.082812
0 0.033199 0.609326 0.062402 0.145312
0 0.241499 0.739014 0.480762 0.514062
0 0.012105 0.670264 0.021973 0.210937
0 0.416402 0.596826 0.06416 0.139062
0 0.450679 0.564014 0.034277 0.051562
0 0.5144 0.597607 0.124805 0.1375
0 0.624703 0.589795 0.130957 0.146875
0 0.673042 0.541357 0.034277 0.05625
0 0.736324 0.596045 0.137988 0.128125
0 0.816304 0.570264 0.115137 0.117187
0 0.897603 0.669482 0.202148 0.33125
0 0.920894 0.785889 0.155566 0.423437
