0 0.310523 0.522959 0.020663 0.02449
0 0.134885 0.539796 0.046492 0.10102
0 0.267044 0.525 0.040466 0.042857
2 0.29847 0.515306 0.024107 0.039796
5 0.105182 0.533164 0.007749 0.052041
0 0.190848 0.543368 0.108482 0.140816
0 0.345823 0.541327 0.067156 0.104082
0 0.578285 0.605868 0.198023 0.217857
4 0.456457 0.5375 0.009471 0.029082
0 0.739286 0.54898 0.051658 0.058163
0 0.877902 0.542857 0.049936 0.070408
0 0.931713 0.556378 0.131728 0.108674
0 0.985954 0.538266 0.024968 0.039796
0 0.615306 0.442602 0.013776 0.022959
0 0.614876 0.418878 0.012915 0.02449
0 0.614876 0.391327 0.014636 0.033673
