0 0.164795 0.544531 0.16875 0.20625
0 0.263672 0.533984 0.063281 0.082031
0 0.301904 0.517578 0.039551 0.058594
0 0.320361 0.515234 0.018457 0.049219
2 0.324316 0.502343 0.021094 0.051562
0 0.338159 0.504687 0.011865 0.0375
1 0.347387 0.490625 0.019775 0.046875
0 0.372436 0.53164 0.07251 0.128906
0 0.410009 0.515234 0.02373 0.044531
0 0.43374 0.517578 0.018457 0.030469
0 0.464062 0.53164 0.063281 0.082031
0 0.495044 0.498828 0.0646 0.110156
5 0.893188 0.533984 0.035596 0.128906
5 0.595898 0.517578 0.01582 0.058594
5 0.626879 0.529296 0.011865 0.072656
5 0.682579 0.527542 0.018019 0.108305
