0 0.322615 0.30626 0.012189 0.013002
0 0.309207 0.310594 0.014627 0.017335
0 0.295799 0.308427 0.012189 0.017335
0 0.283001 0.308427 0.013408 0.017335
0 0.256794 0.305176 0.012189 0.010835
0 0.246434 0.301926 0.01097 0.008668
0 0.235463 0.311677 0.013408 0.019502
0 0.224493 0.319261 0.025597 0.030337
0 0.203772 0.30951 0.013408 0.010835
0 0.187926 0.30951 0.013408 0.015169
0 0.162939 0.305176 0.017065 0.010835
0 0.175128 0.329013 0.029254 0.032504
0 0.148922 0.307343 0.013408 0.010835
0 0.137342 0.312761 0.017065 0.017335
0 0.121496 0.310594 0.02194 0.013002
0 0.013821 0.319261 0.027641 0.021669
0 0.073959 0.332263 0.075572 0.073676
0 0.359182 0.300842 0.012189 0.019502
0 0.375637 0.30626 0.013408 0.021669
0 0.410985 0.316011 0.064602 0.101846
0 0.580412 0.287841 0.03291 0.019502
0 0.612103 0.287841 0.028035 0.02817
0 0.63831 0.288924 0.053632 0.039005
0 0.662078 0.291091 0.037786 0.034671
0 0.689504 0.291091 0.029254 0.026003
0 0.711444 0.291091 0.053632 0.034671
0 0.740697 0.270505 0.039005 0.023836
0 0.773608 0.283507 0.085323 0.054173
0 0.851617 0.286757 0.056069 0.043339
0 0.899764 0.282424 0.049975 0.05634
0 0.94852 0.280319 0.101169 0.056465
