0 0.394112 0.42 0.021094 0.03
0 0.416788 0.421875 0.01793 0.02625
0 0.441573 0.418125 0.023203 0.03
0 0.445265 0.425625 0.01582 0.03375
0 0.458976 0.428437 0.022148 0.035625
0 0.460558 0.445312 0.018984 0.039375
0 0.492198 0.421875 0.040078 0.04125
0 0.49589 0.4425 0.039023 0.06
0 0.53544 0.451875 0.080156 0.09375
0 0.56919 0.466875 0.084375 0.10125
0 0.592394 0.477187 0.080156 0.114375
0 0.608214 0.48 0.046406 0.1125
0 0.657784 0.477187 0.097031 0.136875
0 0.711573 0.4425 0.065391 0.05625
0 0.68046 0.545625 0.114961 0.16875
0 0.369327 0.42 0.020039 0.03
0 0.348761 0.417187 0.014766 0.024375
0 0.339269 0.420937 0.012656 0.028125
0 0.326612 0.419062 0.016875 0.031875
0 0.308683 0.424687 0.035859 0.050625
0 0.271241 0.420937 0.05168 0.061875
0 0.265968 0.437812 0.05168 0.073125
0 0.243292 0.440625 0.052734 0.075
0 0.211652 0.443437 0.0675 0.088125
0 0.15048 0.447187 0.149766 0.118125
0 0.119366 0.456562 0.123398 0.125625
0 0.099327 0.466875 0.146602 0.14625
0 0.052037 0.481875 0.104073 0.17625
0 0.861336 0.531562 0.276322 0.564375
