0 0.284851 0.462646 0.025228 0.066545
0 0.254577 0.469739 0.03532 0.071761
0 0.220519 0.476466 0.040365 0.094186
0 0.178892 0.475345 0.05298 0.091943
0 0.127174 0.505619 0.060548 0.085216
0 0.489201 0.440586 0.01766 0.022425
0 0.5056 0.440586 0.020183 0.02691
0 0.527675 0.445071 0.023967 0.03588
0 0.549119 0.445071 0.023967 0.040365
0 0.570563 0.449556 0.031535 0.062791
0 0.597053 0.455162 0.036581 0.082973
0 0.622281 0.457405 0.054241 0.091943
0 0.730763 0.460768 0.150109 0.188372
0 0.881181 0.522615 0.235268 0.217878
0 0.041512 0.520195 0.083024 0.100914
0 0.39018 0.45292 0.036581 0.056063
0 0.337831 0.468617 0.080731 0.109884
0 0.434167 0.441876 0.014305 0.014835
