0 0.206897 0.36839 0.023167 0.044237
0 0.237358 0.370678 0.044619 0.033559
0 0.254519 0.356186 0.032606 0.025932
0 0.287125 0.355424 0.022309 0.018305
0 0.32016 0.372966 0.031748 0.041186
0 0.353195 0.377542 0.041186 0.056441
0 0.387785 0.363051 0.034858 0.054915
0 0.402104 0.348559 0.015445 0.019831
0 0.41165 0.337119 0.012871 0.012203
0 0.413366 0.353898 0.019735 0.030508
0 0.428811 0.34322 0.012871 0.030508
0 0.437391 0.342458 0.012871 0.025932
0 0.147799 0.394322 0.116695 0.108305
0 0.463562 0.35161 0.020593 0.025932
0 0.49102 0.336356 0.010297 0.013729
0 0.481581 0.33483 0.008581 0.013729
0 0.485442 0.365339 0.030032 0.050339
0 0.518048 0.342458 0.031748 0.022881
0 0.527058 0.331017 0.03947 0.048814
0 0.472571 0.330254 0.007722 0.01678
0 0.676358 0.379068 0.046335 0.09
0 0.459701 0.327203 0.007722 0.010678
2 0.613292 0.414152 0.145011 0.204407
0 0.519764 0.383644 0.052341 0.07322
0 0.452407 0.332542 0.008581 0.01678
0 0.057704 0.460678 0.113263 0.187627
0 0.704791 0.349253 0.072311 0.044099
0 0.811501 0.366102 0.051483 0.056441
0 0.860839 0.363813 0.103824 0.07322
0 0.980108 0.341695 0.0266 0.047288
0 0.992979 0.318813 0.012871 0.019831
