5 0.099133 0.456654 0.023862 0.091081
0 0.376003 0.462893 0.070884 0.096072
0 0.417761 0.449168 0.035091 0.053651
2 0.589709 0.424214 0.081412 0.126017
0 0.547599 0.444177 0.014738 0.051155
0 0.532159 0.441058 0.024564 0.037431
0 0.518122 0.437315 0.011931 0.029945
2 0.508999 0.429205 0.022458 0.041174
2 0.476715 0.432324 0.016844 0.029945
5 0.726915 0.457278 0.023862 0.099815
5 0.967291 0.454783 0.048426 0.1622
5 0.186861 0.444801 0.016844 0.067375
6 0.138435 0.461021 0.022458 0.09732
5 0.130364 0.459773 0.014738 0.077357
6 0.23248 0.461021 0.012633 0.062384
5 0.223707 0.454783 0.011931 0.057394
5 0.239849 0.454783 0.00772 0.06488
5 0.166859 0.449168 0.011931 0.066128
5 0.157735 0.466012 0.020353 0.087338
5 0.269676 0.452911 0.016844 0.058641
5 0.279502 0.455407 0.011229 0.053651
5 0.327226 0.441682 0.011229 0.046164
0 0.450045 0.438563 0.01544 0.019963
0 0.460924 0.437939 0.011931 0.01622
0 0.487944 0.433572 0.011229 0.022458
5 0.308628 0.446673 0.013335 0.051155
