0 0.250017 0.498883 0.046803 0.060324
0 0.199704 0.512404 0.058504 0.083205
0 0.355323 0.487443 0.025742 0.033282
0 0.566521 0.44584 0.015211 0.016641
0 0.582902 0.43856 0.022231 0.031202
0 0.599868 0.4396 0.016381 0.037442
0 0.619759 0.432319 0.011701 0.043683
5 0.610399 0.427119 0.014041 0.054083
0 0.102003 0.525925 0.155619 0.16849
0 0.314371 0.497843 0.065524 0.091525
0 0.389841 0.474962 0.026912 0.049923
0 0.664807 0.412558 0.090095 0.066564
0 0.792345 0.396957 0.073714 0.072804
0 0.275759 0.497843 0.018721 0.054083
2 0.029648 0.483282 0.059296 0.074884
