0 0.295854 0.525963 0.012673 0.022529
0 0.310476 0.52423 0.014622 0.019063
0 0.326073 0.527696 0.016572 0.022529
0 0.338258 0.533761 0.013647 0.03466
0 0.348981 0.532895 0.015597 0.036393
0 0.362141 0.542426 0.028269 0.041592
0 0.384074 0.545892 0.040942 0.05199
0 0.451823 0.539827 0.129649 0.088383
0 0.514211 0.582285 0.116002 0.152503
0 0.614616 0.631675 0.193987 0.22009
0 0.282694 0.530295 0.015597 0.020796
0 0.242727 0.525963 0.017547 0.025995
0 0.223231 0.526829 0.017547 0.03466
0 0.210558 0.529429 0.017547 0.039859
0 0.194474 0.535494 0.02437 0.041592
0 0.170591 0.536361 0.038992 0.043325
0 0.137935 0.555424 0.053614 0.060655
0 0.855881 0.739987 0.286594 0.460976
5 0.08627 0.548492 0.018521 0.088383
0 0.259786 0.530295 0.022421 0.027728
5 0.102842 0.548492 0.012673 0.071053
5 0.070674 0.544159 0.016572 0.055456
