0 0.536616 0.599731 0.028681 0.029137
0 0.486082 0.599731 0.045071 0.033993
0 0.376137 0.604587 0.027316 0.024281
0 0.393209 0.600945 0.023218 0.026709
0 0.404818 0.611871 0.043705 0.029137
0 0.32014 0.616727 0.024584 0.029137
0 0.344724 0.624011 0.040974 0.033993
0 0.305116 0.636152 0.030047 0.048561
0 0.284629 0.655576 0.038242 0.08741
0 0.215685 0.69241 0.148816 0.193418
0 0.589199 0.661646 0.128384 0.128687
0 0.765385 0.571808 0.065558 0.055845
0 0.815236 0.580306 0.028681 0.033993
0 0.884208 0.571808 0.03551 0.036421
0 0.694364 0.585162 0.032779 0.033993
