0 0.47956 0.543368 0.012054 0.019898
0 0.474825 0.54949 0.011193 0.013776
0 0.464493 0.548725 0.011193 0.018367
0 0.459543 0.548342 0.00861 0.022959
0 0.454377 0.550638 0.013776 0.02449
0 0.451794 0.553699 0.012054 0.02449
0 0.441032 0.553699 0.019802 0.033673
0 0.435866 0.557526 0.019802 0.032143
0 0.426395 0.559056 0.024968 0.038265
0 0.416135 0.566837 0.022385 0.052041
0 0.404943 0.569133 0.027551 0.062755
0 0.386432 0.571429 0.043909 0.073469
0 0.50051 0.545408 0.006888 0.012245
0 0.507829 0.549235 0.009471 0.019898
0 0.514286 0.550766 0.010332 0.029082
0 0.525909 0.553061 0.021524 0.033673
0 0.524618 0.555357 0.013776 0.02602
0 0.539254 0.566072 0.036161 0.05051
0 0.571807 0.584475 0.055102 0.067347
0 0.167506 0.646487 0.334056 0.508163
0 0.84045 0.673273 0.314254 0.525
0 0.356072 0.57879 0.06199 0.085714
1 0.039299 0.594977 0.078598 0.751821
