2 0.453099 0.281655 0.020487 0.036421
0 0.450367 0.302293 0.017755 0.026709
0 0.487926 0.291367 0.019121 0.029137
0 0.500901 0.304721 0.028681 0.036421
0 0.523437 0.31322 0.019121 0.033993
0 0.55485 0.312006 0.03551 0.046133
2 0.666161 0.296223 0.094239 0.097122
0 0.368932 0.288592 0.015024 0.043705
0 0.360055 0.309231 0.032779 0.07527
0 0.340934 0.311659 0.043705 0.09955
0 0.323861 0.315301 0.055997 0.126259
0 0.222111 0.301947 0.183015 0.25009
0 0.105336 0.346866 0.208965 0.451619
1 0.405126 0.271596 0.073752 0.169964
2 0.869492 0.373748 0.259499 0.747495
5 0.735645 0.337153 0.008195 0.053417
5 0.726768 0.332297 0.012292 0.048561
5 0.703549 0.325013 0.017755 0.06313
5 0.69194 0.332297 0.013658 0.06313
0 0.652332 0.332297 0.057363 0.067986
0 0.475463 0.306803 0.034145 0.055845
