5 0.630457 0.389923 0.031194 0.129974
5 0.602188 0.385591 0.025345 0.138639
5 0.529077 0.362195 0.015597 0.074519
5 0.506656 0.368261 0.017547 0.065854
5 0.477412 0.381258 0.013647 0.077985
5 0.117854 0.344865 0.020471 0.08665
0 0.175709 0.327535 0.011698 0.029461
0 0.190819 0.343132 0.02632 0.050257
0 0.381394 0.339666 0.012673 0.025995
2 0.386755 0.317137 0.023395 0.036393
0 0.399428 0.3388 0.017547 0.027728
0 0.353124 0.374326 0.078959 0.088383
0 0.833217 0.408986 0.081884 0.088383
5 0.977485 0.416289 0.043407 0.222566
