0 0.480372 0.459296 0.006403 0.012521
0 0.489656 0.462711 0.016007 0.037563
0 0.503102 0.462711 0.008324 0.014798
0 0.505343 0.467833 0.006403 0.013659
0 0.507584 0.472386 0.008324 0.018212
0 0.510465 0.475801 0.008964 0.020489
0 0.513666 0.478077 0.010245 0.020489
0 0.528393 0.482631 0.019208 0.018212
0 0.47621 0.468971 0.016007 0.013659
0 0.47621 0.481682 0.018568 0.033769
0 0.467886 0.467833 0.008324 0.011383
0 0.456041 0.47637 0.025611 0.044393
0 0.45348 0.483769 0.025611 0.036425
0 0.449638 0.498566 0.02177 0.045531
0 0.440034 0.50312 0.032014 0.045531
0 0.432671 0.517348 0.033935 0.048946
0 0.421146 0.525316 0.031374 0.060329
0 0.406419 0.533284 0.049302 0.069435
0 0.393614 0.551496 0.060827 0.076265
0 0.378567 0.56231 0.06915 0.07285
0 0.367362 0.585645 0.087719 0.117243
0 0.555925 0.474663 0.039698 0.036425
0 0.557526 0.517917 0.036496 0.050084
0 0.562968 0.524178 0.032014 0.055776
0 0.570972 0.528162 0.046741 0.059191
0 0.584418 0.551496 0.055705 0.076265
0 0.618353 0.570278 0.087719 0.100169
0 0.519749 0.521332 0.044179 0.06602
5 0.256867 0.589439 0.028813 0.137732
5 0.672303 0.577487 0.04482 0.154806
