2 0.074851 0.474619 0.148299 0.263643
5 0.173191 0.550347 0.042071 0.183241
0 0.033832 0.515755 0.066261 0.0991
6 0.439288 0.555021 0.023139 0.084141
3 0.443495 0.572784 0.018932 0.063573
6 0.471367 0.54536 0.01788 0.037396
3 0.471893 0.56624 0.012621 0.020568
0 0.888887 0.620776 0.094659 0.09723
5 0.720605 0.622646 0.092555 0.415097
5 0.399145 0.536635 0.015776 0.080402
5 0.423862 0.53383 0.008414 0.052355
0 0.552703 0.553463 0.011569 0.020568
0 0.569006 0.557202 0.010518 0.013089
0 0.673744 0.533674 0.063281 0.097542
0 0.826688 0.612362 0.062054 0.059834
0 0.777781 0.589924 0.044174 0.022438
0 0.761479 0.567486 0.034708 0.026177
0 0.966613 0.637604 0.064158 0.086011
