0 0.078744 0.568275 0.155929 0.540554
0 0.87866 0.419969 0.24169 0.462936
0 0.167234 0.496894 0.064711 0.106725
0 0.344603 0.47749 0.071727 0.115041
0 0.393721 0.480955 0.031186 0.055441
0 0.407755 0.467787 0.02183 0.040195
0 0.732867 0.505903 0.040542 0.116427
1 0.189064 0.445611 0.111489 0.112269
2 0.290418 0.408188 0.091219 0.079004
2 0.555887 0.428978 0.107591 0.181571
0 0.260402 0.528773 0.157488 0.162166
0 0.649835 0.487885 0.152031 0.196817
0 0.427636 0.465708 0.013254 0.030493
0 0.476753 0.462936 0.010135 0.024949
0 0.463889 0.460857 0.007796 0.012474
0 0.488838 0.46848 0.014034 0.027721
0 0.44648 0.458175 0.015595 0.019194
