0 0.681961 0.45 0.025312 0.015
0 0.523863 0.475312 0.01582 0.028125
0 0.479039 0.455625 0.012656 0.015
0 0.506461 0.454687 0.012656 0.013125
0 0.521226 0.455625 0.012656 0.015
0 0.551812 0.458437 0.023203 0.020625
0 0.565523 0.463125 0.014766 0.0225
0 0.554449 0.489375 0.030586 0.05625
0 0.51648 0.4875 0.01582 0.0525
0 0.082793 0.445254 0.165586 0.3675
0 0.700945 0.478875 0.054844 0.04875
0 0.836986 0.575491 0.324207 0.455625
0 0.941082 0.348616 0.113906 0.046875
0 0.490324 0.499687 0.060117 0.080625
0 0.600539 0.496875 0.092812 0.13875
