0 0.203799 0.358822 0.012871 0.014561
0 0.183323 0.359862 0.011701 0.016641
0 0.170452 0.355701 0.009361 0.020801
0 0.147636 0.360902 0.012871 0.014561
0 0.141786 0.349461 0.010531 0.016641
0 0.130085 0.350501 0.015211 0.014561
0 0.115459 0.350501 0.011701 0.014561
0 0.106684 0.348421 0.010531 0.018721
0 0.099663 0.353621 0.012871 0.016641
0 0.092058 0.358822 0.021061 0.022881
0 0.355323 0.373382 0.011701 0.022881
0 0.363514 0.370262 0.011701 0.016641
0 0.369364 0.378583 0.014041 0.016641
0 0.372875 0.385863 0.011701 0.022881
0 0.341868 0.392104 0.033932 0.056163
0 0.409732 0.412905 0.078395 0.118567
0 0.288044 0.405624 0.085415 0.116487
0 0.158167 0.361942 0.012871 0.020801
0 0.13652 0.360902 0.016381 0.018721
0 0.116629 0.368182 0.023401 0.020801
0 0.06358 0.455547 0.12716 0.33698
0 0.493392 0.38205 0.032762 0.020801
0 0.523814 0.38933 0.032762 0.031202
