0 0.943127 0.460109 0.043866 0.088383
0 0.067749 0.663736 0.133549 0.402054
0 0.163768 0.537227 0.249551 0.273813
0 0.40552 0.609147 0.228105 0.313672
0 0.453286 0.449711 0.062388 0.019063
0 0.339721 0.466175 0.088708 0.107445
0 0.485942 0.465308 0.071161 0.123042
0 0.435739 0.42285 0.037043 0.03466
0 0.401621 0.432381 0.021446 0.022529
0 0.384074 0.436714 0.015597 0.020796
0 0.376276 0.419384 0.011698 0.01733
0 0.288543 0.45751 0.029244 0.076252
0 0.266123 0.464442 0.040942 0.065854
0 0.525909 0.424583 0.020471 0.03466
