0 0.369615 0.378604 0.019121 0.036421
0 0.394882 0.378604 0.039608 0.070414
0 0.404443 0.388316 0.034145 0.060701
0 0.422198 0.416239 0.02595 0.077698
0 0.441319 0.418667 0.036876 0.101979
0 0.517803 0.421095 0.14887 0.228238
0 0.300643 0.387102 0.023218 0.043705
0 0.278108 0.388316 0.024584 0.046133
0 0.255572 0.388316 0.023218 0.046133
0 0.246012 0.399242 0.023218 0.048561
0 0.222111 0.405312 0.046437 0.055845
0 0.18182 0.416239 0.045071 0.077698
0 0.129237 0.427165 0.090142 0.09955
0 0.009987 0.500007 0.019975 0.152968
0 0.717207 0.503649 0.367396 0.38849
0 0.340251 0.396814 0.066923 0.101978
