0 0.377397 0.438557 0.025515 0.02268
0 0.455103 0.440619 0.009278 0.030928
0 0.493956 0.447835 0.012758 0.028866
0 0.462642 0.444742 0.010438 0.02268
0 0.550786 0.454021 0.010438 0.020619
0 0.543827 0.436495 0.010438 0.018557
0 0.562384 0.446804 0.015077 0.030928
0 0.573402 0.456083 0.025515 0.037113
0 0.599498 0.461237 0.035954 0.051546
0 0.618634 0.466392 0.025515 0.065979
0 0.361524 0.455817 0.039433 0.059794
0 0.519863 0.455052 0.047552 0.076289
0 0.658459 0.468454 0.083505 0.11134
0 0.416062 0.457113 0.076546 0.113402
0 0.305881 0.459175 0.078866 0.080412
0 0.958974 0.507925 0.079629 0.109278
0 0.962454 0.647101 0.07267 0.379382
