5 0.586837 0.421231 0.005594 0.029834
5 0.677739 0.436148 0.016782 0.064641
5 0.718295 0.439878 0.016782 0.082044
1 0.651867 0.401342 0.043353 0.029834
1 0.611311 0.410043 0.020977 0.047238
1 0.242112 0.329242 0.378988 0.213812
0 0.649769 0.431176 0.025173 0.029834
0 0.707806 0.434905 0.015383 0.042265
0 0.507124 0.42869 0.083909 0.064641
0 0.416223 0.405071 0.145442 0.096961
0 0.223932 0.401342 0.199983 0.099448
0 0.971396 0.455777 0.036068 0.031194
0 0.993329 0.473107 0.009748 0.05199
0 0.781796 0.577953 0.035093 0.022529
0 0.877327 0.448845 0.044841 0.024262
