0 0.961353 0.192784 0.070747 0.039175
0 0.33518 0.491753 0.088144 0.154639
0 0.066268 0.596907 0.129897 0.212371
0 0.403608 0.486598 0.009278 0.024742
0 0.397229 0.486598 0.010438 0.020619
0 0.383312 0.484536 0.015077 0.041237
0 0.378673 0.491753 0.010438 0.030928
0 0.288789 0.486598 0.018557 0.020619
0 0.273711 0.520619 0.046392 0.068041
0 0.225 0.528866 0.074227 0.08866
0 0.153673 0.550516 0.11018 0.136082
0 0.444781 0.495876 0.026675 0.043299
4 0.496972 0.538144 0.008119 0.03299
4 0.421005 0.498969 0.004639 0.016495
6 0.501031 0.51134 0.006959 0.024742
0 0.461598 0.48866 0.006959 0.028866
0 0.474936 0.496907 0.017397 0.041237
0 0.483054 0.506186 0.017397 0.043299
0 0.485374 0.505155 0.015077 0.041237
0 0.498132 0.507217 0.024356 0.045361
0 0.50567 0.513402 0.011598 0.041237
0 0.534085 0.525773 0.070747 0.103093
