0 0.460674 0.766621 0.042071 0.056094
0 0.47908 0.77784 0.032605 0.071053
0 0.557436 0.800452 0.079934 0.10062
0 0.226445 0.737639 0.028398 0.039266
0 0.246955 0.735769 0.021035 0.039266
0 0.261154 0.737639 0.015776 0.028047
0 0.282189 0.739509 0.024191 0.031787
0 0.356864 0.741378 0.013673 0.024307
0 0.366856 0.738574 0.010518 0.014958
0 0.377374 0.740444 0.016828 0.022438
0 0.394202 0.743248 0.023139 0.028047
0 0.33951 0.742313 0.031553 0.052355
0 0.14304 0.738106 0.044174 0.050485
0 0.175645 0.733432 0.023139 0.041136
0 0.188266 0.743716 0.031553 0.028047
0 0.852983 0.814301 0.124634 0.103774
0 0.730004 0.851878 0.224947 0.193887
0 0.425177 0.75213 0.042071 0.059834
0 0.029449 0.744651 0.058899 0.09723
