0 0.177665 0.628302 0.157606 0.188491
0 0.391007 0.566746 0.015761 0.022925
0 0.348023 0.576934 0.038685 0.073868
0 0.300997 0.605298 0.046771 0.105123
0 0.324382 0.58585 0.042984 0.091698
0 0.257869 0.624824 0.067031 0.108515
0 0.379974 0.575661 0.020059 0.030566
0 0.458061 0.588397 0.018626 0.040755
0 0.465225 0.590944 0.018626 0.040755
0 0.481917 0.597189 0.017446 0.060399
0 0.49569 0.602902 0.022956 0.058767
0 0.581502 0.625877 0.115612 0.156469
0 0.429262 0.559104 0.014328 0.01783
0 0.412069 0.557831 0.011462 0.025472
0 0.441441 0.570567 0.012895 0.025472
0 0.863261 0.63925 0.089986 0.130593
0 0.508546 0.606983 0.026629 0.089782
0 0.523696 0.615961 0.027547 0.097944
0 0.970568 0.635278 0.05693 0.12243
