0 0.417201 0.436553 0.010332 0.029082
0 0.408592 0.438083 0.00861 0.02602
0 0.401273 0.439614 0.007749 0.02602
0 0.393094 0.441145 0.012054 0.032143
0 0.373292 0.438083 0.039605 0.056633
0 0.35349 0.444971 0.036161 0.058163
0 0.323356 0.45492 0.051658 0.065816
0 0.495775 0.425766 0.01808 0.02602
0 0.460475 0.428827 0.014636 0.02602
5 0.601262 0.472704 0.018941 0.09949
5 0.882799 0.52551 0.027551 0.183674
5 0.844486 0.507908 0.02669 0.209694
5 0.797563 0.532398 0.036161 0.172959
3 0.437224 0.43219 0.007647 0.025831
