0 0.191503 0.669685 0.071752 0.076535
0 0.907415 0.811063 0.183339 0.359291
0 0.878528 0.688819 0.197318 0.161575
5 0.235785 0.655158 0.013155 0.057402
5 0.248342 0.650906 0.011959 0.044646
0 0.095869 0.64878 0.046639 0.044646
0 0.280032 0.651969 0.015546 0.025512
0 0.302156 0.647717 0.026309 0.04252
0 0.323681 0.645591 0.01435 0.025512
0 0.333248 0.642402 0.01435 0.027638
0 0.356568 0.641339 0.027505 0.02126
0 0.391248 0.632835 0.022721 0.02126
0 0.411577 0.622914 0.013155 0.012756
0 0.427722 0.623977 0.011959 0.014882
0 0.464793 0.634606 0.033484 0.057402
0 0.493494 0.616536 0.033484 0.06378
5 0.596937 0.629646 0.010763 0.048898
