0 0.763214 0.638545 0.015918 0.04328
0 0.748701 0.636048 0.018727 0.051603
0 0.729506 0.637713 0.030899 0.058261
0 0.848421 0.626061 0.0103 0.018311
0 0.840931 0.624396 0.012172 0.011652
0 0.822672 0.625228 0.007491 0.016646
0 0.831567 0.631054 0.0103 0.018311
0 0.901793 0.637713 0.012172 0.038286
0 0.907879 0.638545 0.011236 0.04328
0 0.917711 0.642707 0.023409 0.051603
0 0.919115 0.644371 0.013109 0.051603
0 0.929415 0.642707 0.022472 0.06492
0 0.952824 0.646036 0.044945 0.098212
0 0.972487 0.65852 0.044945 0.119852
0 0.046817 0.714396 0.093634 0.317941
0 0.985814 0.693588 0.027154 0.126511
0 0.587088 0.639211 0.119852 0.136498
0 0.710685 0.64254 0.044945 0.056597
0 0.863778 0.633385 0.027154 0.038286
0 0.815088 0.627559 0.015918 0.019975
0 0.823359 0.616184 0.018727 0.014982
