0 0.712097 0.503434 0.014622 0.039859
0 0.68334 0.5069 0.011698 0.019063
0 0.672617 0.510366 0.007798 0.015597
0 0.784233 0.580552 0.112103 0.180231
0 0.6346 0.522497 0.015597 0.022529
0 0.618028 0.526829 0.023395 0.03466
0 0.599019 0.534628 0.02437 0.032927
2 0.782771 0.464442 0.132574 0.284211
0 0.700399 0.503434 0.012673 0.015597
0 0.661407 0.514699 0.014622 0.024262
0 0.570263 0.545026 0.044841 0.057189
0 0.475706 0.575353 0.070186 0.090116
0 0.27782 0.649005 0.157919 0.178498
0 0.088708 0.664602 0.177415 0.171566
0 0.014622 0.762516 0.027295 0.131707
0 0.891949 0.644673 0.212508 0.547625
