0 0.456976 0.550494 0.013006 0.028459
0 0.440468 0.553162 0.018009 0.033794
0 0.418457 0.553162 0.028014 0.040909
0 0.373935 0.552273 0.055027 0.085376
0 0.305901 0.562945 0.10105 0.152964
0 0.193846 0.623419 0.125062 0.284585
0 0.102301 0.620751 0.2021 0.444664
0 0.495745 0.541779 0.015007 0.028459
0 0.504749 0.548893 0.013006 0.032016
0 0.512753 0.551561 0.017008 0.037352
0 0.52626 0.555119 0.028014 0.048024
0 0.56628 0.559565 0.072036 0.088933
0 0.631812 0.574506 0.125062 0.135178
0 0.925757 0.584822 0.145072 0.163636
