0 0.226758 0.394814 0.116016 0.123379
0 0.49834 0.358437 0.022148 0.031875
0 0.438926 0.369687 0.032695 0.054375
0 0.055371 0.3325 0.04957 0.065
0 0.074883 0.329531 0.018984 0.036562
0 0.154512 0.316406 0.034805 0.036562
0 0.199863 0.314062 0.030586 0.024375
0 0.233086 0.315 0.018984 0.03
0 0.315879 0.3375 0.01582 0.03
0 0.3375 0.349687 0.016875 0.024375
0 0.35332 0.357187 0.014766 0.031875
0 0.412383 0.370937 0.021094 0.035625
0 0.398144 0.3625 0.011602 0.03
0 0.251016 0.318437 0.016875 0.020625
0 0.301113 0.34125 0.011602 0.0225
0 0.101777 0.330375 0.032695 0.03
0 0.120234 0.324375 0.023203 0.035625
0 0.118652 0.291562 0.024258 0.01875
0 0.178242 0.313125 0.016875 0.031875
0 0.375469 0.359732 0.021094 0.03
