0 0.473397 0.53129 0.020822 0.021774
0 0.284892 0.570484 0.049989 0.060968
0 0.209491 0.559597 0.041568 0.056613
0 0.129841 0.570484 0.080837 0.060968
0 0.386437 0.571573 0.023271 0.089274
0 0.368677 0.542177 0.017147 0.030484
0 0.342956 0.542177 0.029395 0.034839
0 0.503405 0.522581 0.009798 0.017419
0 0.515653 0.534557 0.014698 0.019597
0 0.532188 0.528024 0.013473 0.015242
0 0.515041 0.518226 0.011023 0.017419
0 0.552397 0.532379 0.014698 0.023952
0 0.566482 0.533468 0.011023 0.021774
0 0.592815 0.530202 0.026946 0.045726
0 0.630784 0.541089 0.048992 0.050081
5 0.745303 0.512782 0.013473 0.054435
5 0.764899 0.517137 0.018372 0.063145
5 0.820015 0.522581 0.020822 0.095806
0 0.938852 0.599062 0.121289 0.192187
