0 0.296375 0.456475 0.030047 0.024281
0 0.424759 0.451619 0.008195 0.019424
0 0.417247 0.450405 0.015024 0.021853
0 0.397443 0.452833 0.010926 0.016996
0 0.533338 0.451619 0.00956 0.024281
0 0.689994 0.433409 0.027316 0.021853
0 0.690677 0.455261 0.02595 0.041277
0 0.642191 0.452833 0.013658 0.041277
0 0.627851 0.458903 0.042339 0.053417
0 0.580731 0.455261 0.054631 0.041277
0 0.464366 0.449798 0.010926 0.019424
0 0.331885 0.462545 0.03551 0.041277
0 0.439509 0.449191 0.024584 0.029137
0 0.406047 0.457689 0.023218 0.026709
0 0.386244 0.456475 0.024584 0.029137
0 0.454533 0.452833 0.010926 0.016996
0 0.474337 0.447977 0.012292 0.016996
0 0.485263 0.445549 0.012292 0.016996
0 0.497555 0.441907 0.015024 0.014568
0 0.511896 0.449191 0.013658 0.014568
0 0.15488 0.566709 0.308667 0.529317
0 0.873471 0.573993 0.248194 0.441907
0 0.785189 0.445549 0.034145 0.026709
2 0.549591 0.435837 0.032779 0.070414
4 0.67188 0.513448 0.045583 0.106661
0 0.302521 0.441907 0.031413 0.019424
