5 0.020271 0.243942 0.018711 0.097023
5 0.259232 0.255724 0.013254 0.070688
5 0.955845 0.413039 0.053016 0.266119
5 0.897762 0.33057 0.014813 0.08732
5 0.643597 0.264733 0.008576 0.022177
5 0.619039 0.266119 0.009356 0.033265
5 0.551989 0.29384 0.017152 0.099795
5 0.202318 0.252259 0.017932 0.091478
5 0.183607 0.257803 0.030406 0.083162
5 0.145404 0.258496 0.016373 0.090092
5 0.129031 0.254338 0.013254 0.090092
5 0.120845 0.259189 0.009356 0.088706
0 0.355129 0.270277 0.025728 0.058214
0 0.370332 0.276514 0.017152 0.051283
0 0.386704 0.270277 0.012474 0.033265
0 0.39684 0.271663 0.015593 0.030493
0 0.408924 0.274435 0.007017 0.016632
0 0.429974 0.274435 0.007017 0.022177
0 0.436991 0.272356 0.010135 0.029107
0 0.442449 0.275128 0.011695 0.034651
0 0.449855 0.273742 0.017152 0.048511
0 0.459211 0.277207 0.032745 0.058214
0 0.463109 0.278593 0.018711 0.044353
0 0.487668 0.286217 0.042881 0.07346
0 0.326282 0.282751 0.077185 0.072074
0 0.4175 0.268198 0.010135 0.023563
0 0.705969 0.326663 0.275215 0.197701
0 0.982349 0.334035 0.034296 0.127515
5 0.047948 0.229389 0.016373 0.042967
