0 0.423418 0.408017 0.037975 0.054008
0 0.471835 0.389451 0.020886 0.027004
0 0.44905 0.388607 0.018987 0.035443
0 0.384968 0.38256 0.018038 0.023629
0 0.395886 0.385091 0.009494 0.018565
0 0.040823 0.353024 0.081646 0.032067
0 0.088766 0.363713 0.016139 0.01519
0 0.135285 0.362588 0.031962 0.018565
0 0.239715 0.366807 0.014241 0.023629
0 0.264399 0.370183 0.010443 0.016878
0 0.188924 0.368495 0.013291 0.010127
0 0.20174 0.366807 0.010443 0.013502
0 0.212658 0.368495 0.009494 0.013502
0 0.371361 0.386216 0.008544 0.018565
0 0.935126 0.445007 0.060759 0.056259
0 0.983069 0.458228 0.031329 0.038819
