5 0.080909 0.588351 0.015597 0.036393
5 0.058488 0.59095 0.019496 0.045058
0 0.027782 0.620411 0.043866 0.041592
5 0.432815 0.566688 0.015597 0.05199
0 0.275383 0.523364 0.016572 0.013864
0 0.292406 0.529533 0.01567 0.019271
0 0.260274 0.532895 0.015597 0.022529
0 0.239315 0.528562 0.014622 0.024262
0 0.217382 0.529429 0.019496 0.015597
0 0.38115 0.602215 0.05069 0.091849
2 0.710148 0.578819 0.244677 0.291143
0 0.51811 0.634275 0.205684 0.235687
0 0.907546 0.843967 0.183264 0.305007
0 0.257837 0.765982 0.346057 0.45751
