0 0.304341 0.335889 0.01582 0.029687
0 0.292915 0.33667 0.022852 0.028125
0 0.285884 0.340576 0.017578 0.026562
0 0.26479 0.34292 0.026367 0.034375
0 0.24941 0.34917 0.029004 0.0375
0 0.380367 0.316357 0.016699 0.03125
0 0.357076 0.314014 0.033398 0.051562
0 0.410689 0.315576 0.033398 0.070312
0 0.488912 0.301514 0.008789 0.035937
0 0.507369 0.303076 0.031641 0.054687
0 0.455513 0.310889 0.05625 0.104687
0 0.331587 0.335107 0.042187 0.0625
0 0.611519 0.301514 0.078223 0.107812
5 0.563179 0.28667 0.011426 0.046875
0 0.667769 0.315576 0.095801 0.117187
0 0.798286 0.299951 0.203906 0.204687
0 0.952695 0.288232 0.093603 0.340625
0 0.127312 0.3831 0.254624 0.352236
