0 0.210992 0.336708 0.04366 0.042967
0 0.2796 0.33948 0.062372 0.051283
0 0.379785 0.364429 0.035084 0.042967
0 0.435529 0.371359 0.040542 0.065144
0 0.50102 0.366508 0.032745 0.049897
0 0.589899 0.368587 0.023389 0.026335
0 0.559883 0.356112 0.02261 0.029107
0 0.536104 0.349875 0.014034 0.019405
0 0.407072 0.355419 0.016373 0.038809
0 0.32326 0.336015 0.023389 0.041581
0 0.364192 0.343638 0.02261 0.029107
0 0.802464 0.392842 0.050677 0.060986
4 0.471101 0.362449 0.010915 0.027721
6 0.470321 0.343044 0.009356 0.024949
0 0.344798 0.336114 0.016373 0.024949
