0 0.416417 0.526723 0.021119 0.035913
0 0.478948 0.49968 0.012855 0.031016
0 0.469766 0.501312 0.014692 0.031016
0 0.457829 0.507025 0.018365 0.035913
0 0.44681 0.508658 0.027547 0.042443
0 0.434414 0.51682 0.024792 0.035913
0 0.503097 0.495599 0.011937 0.019589
0 0.569302 0.490701 0.012855 0.019589
0 0.580609 0.500263 0.020411 0.041603
0 0.586932 0.509637 0.018365 0.052237
0 0.598515 0.513322 0.030511 0.074251
0 0.615961 0.530462 0.04704 0.105267
0 0.341887 0.54604 0.053257 0.070193
5 0.292762 0.512576 0.013773 0.032648
5 0.842934 0.534613 0.029383 0.12243
5 0.769016 0.525635 0.024792 0.111004
0 0.290925 0.561548 0.078049 0.084885
0 0.390247 0.526723 0.042239 0.058767
0 0.516044 0.492987 0.017446 0.019589
5 0.731369 0.522137 0.019283 0.09468
0 0.669644 0.537413 0.093149 0.14482
5 0.707189 0.49734 0.010101 0.045707
0 0.216461 0.590115 0.115697 0.112636
3 0.139112 0.601379 0.028465 0.078356
