1 0.657326 0.483558 0.104003 0.122356
5 0.168283 0.491564 0.026765 0.114199
0 0.378923 0.432326 0.034413 0.033988
0 0.364338 0.478453 0.036707 0.074773
0 0.333367 0.459419 0.035942 0.053021
0 0.300484 0.470975 0.048178 0.073414
0 0.217511 0.480492 0.126945 0.108761
0 0.099852 0.493407 0.116239 0.172659
0 0.45119 0.451262 0.013765 0.020393
0 0.469161 0.465537 0.037472 0.0571
0 0.503191 0.45738 0.030589 0.029909
0 0.55634 0.500885 0.045119 0.078852
0 0.509691 0.509042 0.06959 0.089728
0 0.413378 0.515431 0.094826 0.158912
0 0.709328 0.532501 0.107062 0.116918
0 0.075538 0.579404 0.151076 0.455438
0 0.800176 0.614955 0.223301 0.203927
