0 0.514176 0.45358 0.017932 0.023563
0 0.495855 0.454273 0.015593 0.019405
0 0.475584 0.451501 0.012474 0.024949
0 0.454533 0.45358 0.029627 0.051283
0 0.639309 0.478529 0.023389 0.031879
0 0.622547 0.47593 0.010135 0.034997
0 0.661139 0.47645 0.018711 0.027721
0 0.678993 0.469693 0.015749 0.025295
0 0.533979 0.448903 0.025105 0.033611
0 0.554328 0.454273 0.014034 0.016632
0 0.574063 0.461377 0.013546 0.039156
0 0.810149 0.499666 0.0881 0.081776
0 0.886165 0.504517 0.079524 0.105339
1 0.607188 0.432582 0.034304 0.042967
0 0.717511 0.54577 0.169176 0.205585
0 0.386548 0.454066 0.084202 0.099795
0 0.234128 0.447828 0.106811 0.098409
0 0.147587 0.449907 0.067829 0.09425
0 0.052938 0.453328 0.105876 0.128677
0 0.597356 0.482169 0.053662 0.079869
