5 0.906084 0.516432 0.034118 0.06932
5 0.881226 0.502568 0.017547 0.045058
5 0.840284 0.501701 0.021446 0.032927
6 0.752064 0.517298 0.02632 0.053723
3 0.753526 0.54156 0.029244 0.036393
5 0.640449 0.525096 0.011698 0.045058
0 0.840772 0.587484 0.22908 0.149037
6 0.542968 0.521631 0.011698 0.03466
3 0.541993 0.538094 0.011698 0.025995
0 0.561977 0.525096 0.012673 0.045058
0 0.569775 0.530295 0.018521 0.045058
0 0.576599 0.533761 0.018521 0.048524
0 0.599507 0.540693 0.035093 0.048524
0 0.624852 0.532895 0.029244 0.036393
0 0.516161 0.526829 0.032169 0.041592
0 0.491303 0.519031 0.017547 0.029461
0 0.451823 0.527696 0.02632 0.039859
0 0.437689 0.526829 0.013647 0.031194
0 0.417218 0.528562 0.033143 0.062388
0 0.396747 0.532895 0.013647 0.032927
0 0.383099 0.534628 0.017547 0.032927
0 0.355317 0.538094 0.039967 0.043325
5 0.29293 0.529429 0.012673 0.046791
5 0.313888 0.525963 0.011698 0.046791
0 0.189113 0.534628 0.115027 0.11611
