0 0.522251 0.421875 0.01582 0.028125
0 0.438535 0.43125 0.009229 0.028125
0 0.429966 0.423047 0.010547 0.025781
0 0.420078 0.423047 0.011865 0.025781
0 0.415464 0.428906 0.010547 0.032812
0 0.406895 0.43125 0.019775 0.028125
0 0.395689 0.438281 0.018457 0.032812
0 0.391734 0.457031 0.018457 0.042187
0 0.349546 0.465234 0.081738 0.091406
0 0.48336 0.458203 0.090967 0.138281
0 0.277696 0.493359 0.07251 0.058594
0 0.11356 0.478125 0.073828 0.140625
0 0.045005 0.483984 0.087012 0.189844
0 0.854877 0.540234 0.288201 0.311719
0 0.537412 0.44414 0.025049 0.044531
0 0.556529 0.464062 0.042187 0.05625
0 0.688364 0.454687 0.145019 0.16875
5 0.615195 0.420703 0.006592 0.044531
5 0.592124 0.475781 0.010547 0.0375
