0 0.176841 0.478593 0.034277 0.051562
0 0.146519 0.484453 0.034277 0.053906
0 0.399644 0.445781 0.013184 0.01875
0 0.387119 0.458672 0.027686 0.044531
0 0.479405 0.459843 0.035596 0.084375
0 0.52357 0.468047 0.081738 0.124219
0 0.567075 0.493828 0.097559 0.152344
0 0.664634 0.514922 0.16084 0.232031
0 0.289561 0.461015 0.022412 0.039844
0 0.275059 0.461015 0.032959 0.044531
0 0.30604 0.458672 0.01582 0.030469
0 0.321202 0.458672 0.025049 0.030469
0 0.356138 0.461016 0.042187 0.077343
0 0.412827 0.449297 0.018457 0.035156
0 0.23419 0.469218 0.056689 0.084375
2 0.076646 0.456328 0.116016 0.128906
0 0.048211 0.505547 0.096421 0.185156
0 0.845908 0.555937 0.307178 0.520312
