0 0.554235 0.466988 0.011701 0.027042
0 0.53961 0.454507 0.019891 0.043683
0 0.523814 0.457627 0.023401 0.041602
0 0.516793 0.464908 0.018721 0.052003
0 0.499827 0.464908 0.022231 0.047843
0 0.485201 0.468028 0.035102 0.054083
0 0.455364 0.475309 0.043293 0.064484
0 0.411487 0.485709 0.063184 0.081125
0 0.647256 0.468028 0.012871 0.020801
0 0.658372 0.459708 0.011701 0.029122
0 0.673583 0.458668 0.025742 0.047843
0 0.689964 0.463868 0.028082 0.062404
0 0.721555 0.466988 0.063184 0.072804
0 0.338943 0.50235 0.119347 0.114407
2 0.87425 0.475309 0.230504 0.309939
5 0.087377 0.418105 0.016381 0.049923
5 0.011908 0.424345 0.012871 0.024961
0 0.572957 0.459708 0.030422 0.037442
