0 0.094362 0.519184 0.185969 0.220408
0 0.757997 0.495612 0.270689 0.288367
0 0.31081 0.484286 0.034094 0.062449
0 0.344388 0.45949 0.020663 0.023878
0 0.414126 0.454592 0.021696 0.027551
0 0.491613 0.443265 0.013431 0.014694
0 0.502978 0.437755 0.021696 0.029388
0 0.506078 0.441428 0.015497 0.025714
0 0.509177 0.445102 0.013431 0.025714
0 0.521575 0.448775 0.021696 0.040408
0 0.539139 0.449694 0.036161 0.056939
0 0.550504 0.466224 0.027895 0.060612
0 0.59493 0.456122 0.091952 0.143265
0 0.620759 0.473571 0.065089 0.167143
0 0.260701 0.490408 0.080587 0.091837
