0 0.050278 0.678469 0.100556 0.23795
0 0.507559 0.659045 0.289546 0.242806
0 0.118994 0.549782 0.105165 0.067986
0 0.344348 0.531572 0.039608 0.050989
0 0.456342 0.440519 0.015024 0.019424
0 0.433807 0.442947 0.016389 0.019424
0 0.652332 0.668757 0.109263 0.179676
0 0.407857 0.527929 0.038242 0.06313
0 0.360055 0.509719 0.027316 0.050989
0 0.381907 0.487867 0.024584 0.031565
0 0.397614 0.4648 0.017755 0.024281
0 0.405808 0.44659 0.020487 0.021853
4 0.503936 0.513361 0.034562 0.038849
0 0.494584 0.484224 0.023218 0.029137
0 0.484341 0.462372 0.019121 0.024281
0 0.705598 0.541284 0.090142 0.050989
0 0.754766 0.510933 0.03551 0.024281
0 0.870858 0.517003 0.038242 0.026709
0 0.948579 0.497579 0.054375 0.031565
5 0.240549 0.535214 0.00956 0.06313
5 0.260352 0.525701 0.008195 0.029535
5 0.060948 0.54007 0.013658 0.058273
0 0.98895 0.495937 0.021094 0.023437
