0 0.078351 0.725066 0.156703 0.495298
0 0.808961 0.682152 0.252454 0.22351
0 0.173801 0.676788 0.21524 0.262848
0 0.662115 0.636556 0.127736 0.135894
0 0.596738 0.615099 0.081469 0.110861
0 0.554495 0.602583 0.051296 0.078675
0 0.527338 0.591854 0.03118 0.067947
0 0.51376 0.589172 0.028162 0.062583
0 0.502696 0.57755 0.044255 0.057219
0 0.483083 0.569503 0.041238 0.059007
0 0.461601 0.573168 0.015808 0.037726
0 0.36273 0.572491 0.044824 0.05783
0 0.385521 0.567715 0.015087 0.044702
0 0.403122 0.562351 0.016093 0.026821
0 0.443354 0.565033 0.020116 0.025033
0 0.44084 0.565182 0.017099 0.039635
5 0.897973 0.582914 0.064371 0.128742
5 0.717936 0.565033 0.034197 0.053642
5 0.730509 0.561457 0.01911 0.039338
5 0.327688 0.568609 0.01207 0.039338
