5 0.174205 0.580546 0.026367 0.133594
5 0.138892 0.57397 0.032206 0.214191
0 0.344273 0.555937 0.01582 0.023437
0 0.323838 0.553593 0.011865 0.0375
0 0.312632 0.558281 0.018457 0.0375
0 0.300767 0.560625 0.01582 0.051562
0 0.224302 0.562968 0.042187 0.084375
0 0.18607 0.587578 0.055371 0.086719
0 0.111583 0.605156 0.122607 0.135937
0 0.574986 0.538359 0.036914 0.039844
0 0.644859 0.581718 0.134473 0.178125
2 0.412827 0.540703 0.02373 0.025781
0 0.385142 0.553593 0.01582 0.01875
0 0.361411 0.553593 0.021094 0.0375
0 0.269126 0.565312 0.063281 0.09375
0 0.029095 0.584062 0.058189 0.210937
0 0.494566 0.599296 0.197754 0.213281
0 0.835361 0.584062 0.328271 0.276562
