0 0.471483 0.474641 0.010807 0.012808
0 0.461397 0.474641 0.010807 0.010247
0 0.45095 0.471439 0.011528 0.014089
0 0.438702 0.472079 0.010087 0.01537
0 0.431857 0.470158 0.009366 0.008966
0 0.43618 0.484888 0.013689 0.020493
0 0.476526 0.493853 0.013689 0.01537
0 0.476166 0.511785 0.01585 0.020493
0 0.493097 0.478483 0.013689 0.01537
0 0.502463 0.483607 0.013689 0.01537
0 0.507867 0.495775 0.014409 0.019213
0 0.507507 0.509223 0.013689 0.01537
0 0.507867 0.524593 0.018732 0.017932
0 0.441944 0.557255 0.041067 0.062761
0 0.489287 0.605287 0.104884 0.153698
0 0.407001 0.479764 0.014409 0.017932
0 0.370257 0.485528 0.037464 0.029459
0 0.335675 0.490011 0.037464 0.040987
0 0.199146 0.526515 0.062681 0.060199
0 0.280919 0.507943 0.044669 0.048672
0 0.296409 0.547008 0.033862 0.057638
0 0.360171 0.570063 0.099425 0.129364
0 0.111042 0.70757 0.221184 0.332651
