0 0.302741 0.500531 0.012614 0.03588
0 0.288865 0.49941 0.027751 0.056063
0 0.186059 0.509501 0.054241 0.094186
0 0.464959 0.485955 0.012614 0.020183
0 0.473537 0.488197 0.017155 0.029153
0 0.484637 0.49044 0.015137 0.033638
0 0.496621 0.494925 0.021444 0.038123
0 0.456255 0.483712 0.013876 0.020183
0 0.511127 0.500531 0.020183 0.049336
0 0.538878 0.494925 0.05298 0.082973
0 0.540771 0.50838 0.031535 0.074003
0 0.400753 0.489319 0.029013 0.03588
0 0.029013 0.484834 0.058025 0.071761
0 0.092084 0.53316 0.184167 0.168189
0 0.258591 0.505913 0.058025 0.058306
0 0.340583 0.492458 0.075181 0.112126
0 0.443767 0.485731 0.025228 0.040365
0 0.594507 0.510398 0.097129 0.125581
0 0.873533 0.605481 0.252284 0.410382
