0 0.960116 0.67398 0.076855 0.369109
0 0.964131 0.473112 0.068826 0.208006
0 0.913659 0.469033 0.100944 0.138671
0 0.852863 0.438444 0.075708 0.118278
0 0.747373 0.41642 0.018353 0.040785
0 0.766874 0.414381 0.020648 0.053021
0 0.776624 0.418459 0.017206 0.053021
0 0.791537 0.418459 0.021795 0.069335
0 0.815052 0.422538 0.045884 0.073414
0 0.848318 0.434773 0.07112 0.118278
0 0.692313 0.414381 0.011471 0.024471
0 0.730167 0.4154 0.013765 0.030589
0 0.716402 0.422538 0.02753 0.036707
0 0.675336 0.419479 0.029824 0.063218
0 0.624864 0.427636 0.080296 0.116239
0 0.583569 0.409282 0.025236 0.042825
0 0.557759 0.433754 0.042442 0.08361
0 0.521052 0.449048 0.06309 0.089728
0 0.47058 0.464343 0.088326 0.116239
0 0.389137 0.488814 0.145681 0.177417
0 0.168321 0.546933 0.332657 0.350755
