0 0.214812 0.412959 0.083514 0.058163
0 0.26647 0.416786 0.042188 0.041327
0 0.402073 0.416021 0.012054 0.012245
0 0.393033 0.416786 0.007749 0.010714
0 0.413265 0.416021 0.010332 0.012245
0 0.424028 0.418317 0.006027 0.013776
0 0.438664 0.419082 0.009471 0.009184
0 0.336209 0.415255 0.014636 0.016837
0 0.380118 0.415255 0.014636 0.013776
0 0.480852 0.419847 0.012915 0.013776
0 0.539828 0.413725 0.012054 0.013776
0 0.54155 0.42597 0.012054 0.022959
0 0.626356 0.403776 0.012915 0.012245
0 0.647019 0.405306 0.01808 0.018367
0 0.671556 0.408368 0.024107 0.021429
0 0.698246 0.416021 0.022385 0.021429
0 0.752488 0.434388 0.030995 0.033673
0 0.530357 0.415255 0.010332 0.016837
0 0.548868 0.431327 0.016358 0.02449
