0 0.447682 0.392398 0.013199 0.0219
0 0.426124 0.394744 0.015839 0.026593
0 0.394446 0.404912 0.031677 0.037543
0 0.373328 0.402566 0.017598 0.032851
0 0.35309 0.406476 0.029917 0.040672
0 0.479799 0.392398 0.008799 0.0219
0 0.486398 0.394744 0.009679 0.023465
0 0.494758 0.39709 0.014079 0.025029
0 0.507077 0.40413 0.022878 0.032851
0 0.552833 0.410387 0.049276 0.067265
0 0.204383 0.437763 0.23934 0.253418
0 0.615307 0.415862 0.065114 0.131402
0 0.70682 0.418209 0.163666 0.183024
0 0.877965 0.469831 0.241979 0.355099
0 0.030477 0.474524 0.060955 0.129838
