3 0.592196 0.459676 0.039967 0.048524
0 0.433789 0.388623 0.007798 0.010398
0 0.446462 0.399888 0.007798 0.029461
0 0.457672 0.401621 0.016572 0.039859
0 0.492278 0.423283 0.037043 0.055456
0 0.52006 0.451878 0.051665 0.071053
0 0.425016 0.401621 0.009748 0.012131
0 0.406495 0.407686 0.009748 0.01733
0 0.389923 0.408553 0.019496 0.036393
0 0.374326 0.418951 0.021446 0.032927
0 0.353855 0.427616 0.025345 0.046791
0 0.338746 0.435414 0.038018 0.05199
0 0.318275 0.435414 0.030219 0.055456
0 0.304627 0.447545 0.036068 0.062388
0 0.278308 0.453611 0.038018 0.084917
0 0.226155 0.459676 0.079934 0.121309
0 0.163559 0.489017 0.091215 0.145331
0 0.059463 0.515132 0.118927 0.180231
