0 0.548349 0.383684 0.007993 0.017763
0 0.530363 0.391678 0.01199 0.026645
0 0.517874 0.397895 0.010991 0.021316
0 0.505884 0.398783 0.010991 0.03375
0 0.493893 0.401447 0.020983 0.039079
0 0.425949 0.41477 0.020983 0.037303
0 0.402968 0.415658 0.030975 0.049737
0 0.372493 0.416546 0.039967 0.058618
0 0.280069 0.358816 0.100917 0.028421
0 0.151176 0.441414 0.064947 0.090592
0 0.47256 0.341053 0.020281 0.007105
0 0.511879 0.336612 0.020983 0.012434
0 0.562837 0.331283 0.018984 0.012434
0 0.601805 0.325066 0.016986 0.010658
0 0.758176 0.308191 0.017985 0.012434
0 0.808634 0.297533 0.020983 0.012434
0 0.77716 0.304638 0.015987 0.012434
0 0.950018 0.288651 0.02398 0.012434
0 0.057353 0.443191 0.114706 0.232697
0 0.466916 0.43875 0.07294 0.110132
0 0.443809 0.345 0.025049 0.014062
0 0.271104 0.475078 0.259717 0.217969
