0 0.038398 0.697869 0.074846 0.224538
0 0.535422 0.550949 0.025728 0.030493
0 0.499168 0.555108 0.046779 0.033265
0 0.461355 0.567582 0.028847 0.030493
0 0.443034 0.570354 0.045219 0.041581
0 0.40795 0.573126 0.062372 0.044353
0 0.895618 0.518378 0.014034 0.018018
0 0.864432 0.532931 0.026508 0.030493
0 0.827789 0.557187 0.062372 0.112269
0 0.557252 0.549563 0.032745 0.036037
2 0.667961 0.529466 0.091998 0.07346
0 0.658216 0.56481 0.056914 0.06653
0 0.608318 0.570354 0.086541 0.063758
0 0.258647 0.575205 0.033525 0.029107
0 0.308155 0.563424 0.035864 0.041581
