4 0.424469 0.399761 0.013013 0.036744
6 0.423321 0.363017 0.013779 0.039466
0 0.439779 0.360295 0.003827 0.01497
0 0.4371 0.374584 0.012248 0.019052
0 0.41758 0.35281 0.009951 0.010887
0 0.412221 0.365058 0.011482 0.027218
0 0.394232 0.38275 0.047461 0.073488
0 0.357105 0.399761 0.071191 0.104788
0 0.305434 0.426298 0.09186 0.125202
0 0.230032 0.461681 0.172237 0.187802
0 0.479585 0.346006 0.071191 0.040827
0 0.520539 0.349408 0.009186 0.012248
0 0.530108 0.350769 0.006889 0.012248
0 0.54006 0.349408 0.017606 0.028579
0 0.562642 0.354171 0.038275 0.051714
0 0.564556 0.380708 0.032916 0.066683
0 0.595558 0.380708 0.055116 0.077571
0 0.668663 0.394998 0.104873 0.163306
0 0.793722 0.421365 0.223325 0.259589
0 0.109084 0.572593 0.216636 0.355192
0 0.494618 0.462702 0.146976 0.209577
4 0.911508 0.479305 0.173003 0.26129
