0 0.495044 0.392578 0.011865 0.011719
0 0.464721 0.407812 0.025049 0.0375
0 0.44956 0.407812 0.010547 0.01875
0 0.44165 0.408984 0.010547 0.025781
0 0.429126 0.413672 0.014502 0.025781
0 0.41792 0.417187 0.01582 0.023437
0 0.40144 0.418359 0.019775 0.030469
0 0.398144 0.421875 0.010547 0.023437
0 0.387597 0.417187 0.013184 0.0375
0 0.381665 0.418359 0.014502 0.035156
0 0.373095 0.420703 0.01582 0.039844
0 0.352661 0.426562 0.035596 0.046875
0 0.326953 0.433593 0.050098 0.051562
0 0.247851 0.457031 0.055371 0.070312
0 0.197095 0.461718 0.077783 0.079687
0 0.131177 0.482812 0.098877 0.107812
0 0.044824 0.496875 0.089648 0.16875
0 0.504272 0.394922 0.011865 0.021094
0 0.512841 0.392578 0.00791 0.021094
0 0.520752 0.39375 0.010547 0.01875
0 0.529321 0.391406 0.003955 0.01875
0 0.541186 0.398437 0.025049 0.0375
0 0.557006 0.397265 0.009229 0.035156
0 0.57019 0.397265 0.014502 0.039844
0 0.580078 0.398437 0.021094 0.042187
0 0.58601 0.399609 0.011865 0.035156
0 0.598535 0.399609 0.013184 0.058594
0 0.625561 0.401953 0.061963 0.082031
0 0.667089 0.391406 0.034277 0.046875
0 0.832412 0.416015 0.229394 0.255469
0 0.927993 0.446484 0.141064 0.349219
