0 0.268072 0.442779 0.037043 0.032927
0 0.296829 0.441046 0.02437 0.036393
0 0.334359 0.429782 0.025345 0.03466
0 0.353368 0.434981 0.034118 0.03466
0 0.380175 0.429782 0.023395 0.020796
0 0.668231 0.359596 0.010723 0.019063
0 0.745241 0.351797 0.014622 0.031194
0 0.763762 0.363062 0.032169 0.039859
0 0.907059 0.340533 0.016572 0.019063
0 0.519085 0.378659 0.020471 0.025995
0 0.486429 0.379525 0.05069 0.027728
0 0.453773 0.379525 0.022421 0.013864
0 0.451823 0.391656 0.034118 0.013864
0 0.417218 0.384724 0.029244 0.013864
0 0.387974 0.389057 0.023395 0.019063
0 0.307064 0.395989 0.029244 0.015597
0 0.323636 0.389057 0.019496 0.019063
0 0.238341 0.447978 0.02632 0.025995
0 0.282694 0.395122 0.017547 0.020796
0 0.270509 0.396855 0.014622 0.01733
0 0.252475 0.395122 0.015597 0.020796
0 0.220307 0.40552 0.04874 0.027728
0 0.186188 0.408986 0.027295 0.031194
0 0.148171 0.413319 0.05069 0.029461
0 0.11649 0.417651 0.041917 0.03466
0 0.091632 0.419384 0.038992 0.027728
0 0.064337 0.419384 0.031194 0.027728
0 0.60633 0.37346 0.031194 0.022529
0 0.028185 0.436064 0.05637 0.088816
