5 0.547842 0.571887 0.015597 0.06932
0 0.067262 0.601348 0.134523 0.149037
0 0.179365 0.580552 0.087733 0.083184
0 0.246626 0.564089 0.056539 0.064121
0 0.273434 0.553691 0.034118 0.050257
0 0.302678 0.553691 0.028269 0.043325
0 0.314376 0.545026 0.030219 0.043325
0 0.332897 0.543293 0.018521 0.029461
0 0.34167 0.53896 0.014622 0.024262
0 0.355805 0.542426 0.011698 0.024262
0 0.389923 0.571021 0.04874 0.067587
0 0.383099 0.533761 0.021446 0.010398
0 0.392848 0.529429 0.023395 0.008665
0 0.455235 0.559756 0.033143 0.045058
0 0.436714 0.54156 0.019496 0.019063
