0 0.096738 0.66772 0.191892 0.212173
0 0.190344 0.655239 0.124027 0.149769
0 0.29331 0.636518 0.063184 0.066564
0 0.326072 0.633398 0.030422 0.047843
0 0.347718 0.625077 0.031592 0.039522
0 0.368779 0.621957 0.022231 0.029122
0 0.385745 0.615717 0.018721 0.016641
0 0.406807 0.611557 0.011701 0.024961
0 0.412657 0.614677 0.011701 0.018721
0 0.420847 0.615717 0.009361 0.024961
0 0.429038 0.614677 0.016381 0.035362
0 0.441909 0.618837 0.018721 0.047843
0 0.461215 0.628198 0.026912 0.058243
0 0.485786 0.632358 0.036272 0.074884
0 0.501582 0.638598 0.044463 0.087365
0 0.530834 0.646919 0.065524 0.112327
0 0.610399 0.652119 0.145089 0.197612
0 0.79527 0.67292 0.365062 0.301618
