0 0.509973 0.387794 0.016379 0.023824
0 0.495083 0.385147 0.013401 0.029118
0 0.483171 0.3825 0.013401 0.029118
0 0.466793 0.37853 0.022335 0.037059
0 0.411701 0.373236 0.052114 0.068824
0 0.345441 0.375883 0.083382 0.084706
0 0.266526 0.381177 0.11614 0.142941
0 0.156342 0.412941 0.2025 0.164118
0 0.588144 0.390441 0.005956 0.023824
0 0.5941 0.391765 0.008934 0.031765
0 0.612712 0.385147 0.02829 0.045
0 0.799429 0.394412 0.046158 0.047647
0 0.880578 0.469853 0.208456 0.225
0 0.975872 0.36 0.044669 0.063529
0 0.937903 0.532059 0.120607 0.328236
