0 0.372084 0.549961 0.017008 0.017787
0 0.353074 0.553518 0.023011 0.028459
0 0.38409 0.55085 0.011005 0.016008
0 0.314055 0.548182 0.013006 0.017787
0 0.287042 0.549071 0.015007 0.02668
0 0.274536 0.547293 0.012006 0.030237
0 0.265531 0.546403 0.010005 0.035573
0 0.256527 0.546403 0.012006 0.032016
0 0.236517 0.548182 0.032016 0.042688
0 0.392094 0.555297 0.011005 0.024901
0 0.399097 0.556186 0.009004 0.030237
0 0.412104 0.561522 0.027013 0.037352
0 0.418107 0.570415 0.017008 0.037352
0 0.440618 0.568637 0.04002 0.072925
0 0.128964 0.565079 0.093046 0.133399
0 0.053426 0.580198 0.106052 0.18498
1 0.18803 0.559387 0.026638 0.037352
6 0.171335 0.524704 0.012006 0.024901
3 0.476235 0.593182 0.070035 0.055138
3 0.479737 0.599407 0.063031 0.056917
3 0.483739 0.600297 0.065032 0.058696
3 0.484739 0.600297 0.065032 0.055138
3 0.498246 0.599407 0.086043 0.067589
3 0.503749 0.607411 0.087043 0.058696
3 0.503749 0.607411 0.08104 0.072925
3 0.508251 0.610079 0.084042 0.060474
3 0.519257 0.618972 0.070035 0.081818
