1 0.782771 0.475706 0.282694 0.331001
0 0.076715 0.585836 0.151481 0.170004
0 0.20081 0.564089 0.083833 0.091849
1 0.113078 0.528744 0.136473 0.114014
0 0.285619 0.536361 0.029244 0.032927
0 0.348981 0.535494 0.021446 0.027728
0 0.3792 0.531162 0.017547 0.022529
0 0.245652 0.542426 0.011698 0.024262
0 0.256862 0.544159 0.008773 0.020796
0 0.524447 0.531162 0.015597 0.029461
0 0.444025 0.532028 0.010723 0.01733
0 0.602431 0.529429 0.021446 0.036393
0 0.639961 0.527696 0.030219 0.036393
0 0.500076 0.533761 0.009748 0.020796
0 0.411369 0.536361 0.007798 0.015597
