0 0.825218 0.540816 0.01453 0.019033
0 0.808394 0.545574 0.013 0.014955
0 0.790423 0.544894 0.016824 0.016314
0 0.776658 0.544894 0.013765 0.016314
0 0.765187 0.545574 0.013765 0.014955
0 0.751039 0.544214 0.011471 0.017674
0 0.737657 0.544214 0.010706 0.017674
0 0.724656 0.543535 0.012236 0.013595
0 0.71395 0.544894 0.007647 0.016314
0 0.699803 0.544894 0.016059 0.013595
0 0.682979 0.546934 0.017589 0.017674
0 0.659654 0.548973 0.013765 0.016314
0 0.644742 0.549653 0.011471 0.017674
0 0.603829 0.546934 0.009177 0.017674
0 0.591976 0.548973 0.017589 0.024471
0 0.535055 0.557628 0.032119 0.042145
