5 0.106309 0.387187 0.032959 0.117187
5 0.168931 0.383672 0.026367 0.105469
5 0.398985 0.402422 0.019775 0.124219
5 0.377232 0.402422 0.021094 0.105469
5 0.561802 0.394218 0.036914 0.117187
5 0.634312 0.40125 0.026367 0.121875
5 0.855137 0.486797 0.083057 0.339844
5 0.079942 0.370781 0.025049 0.089062
5 0.25858 0.369609 0.01582 0.086719
5 0.242759 0.378984 0.01582 0.091406
5 0.232212 0.37664 0.01582 0.086719
5 0.921055 0.485625 0.0646 0.257812
5 0.879526 0.500859 0.089648 0.302344
5 0.830747 0.404765 0.01582 0.082031
5 0.813608 0.39539 0.018457 0.067969
5 0.802402 0.394218 0.017139 0.065625
5 0.756919 0.408281 0.02373 0.1125
3 0.827451 0.482109 0.051416 0.128906
0 0.429307 0.373125 0.011865 0.032812
0 0.420078 0.377812 0.017139 0.032812
0 0.399644 0.378984 0.034277 0.053906
0 0.365367 0.383672 0.02373 0.072656
0 0.546641 0.37664 0.030322 0.044531
0 0.527525 0.369609 0.01582 0.035156
0 0.583555 0.378984 0.019775 0.030469
0 0.620469 0.383672 0.025049 0.039844
2 0.310655 0.375468 0.098877 0.145312
0 0.507749 0.371953 0.031641 0.049219
0 0.47479 0.371953 0.026367 0.039844
0 0.963901 0.459843 0.071191 0.178125
5 0.011956 0.347344 0.023912 0.196875
5 0.04171 0.448125 0.083057 0.31875
5 0.729234 0.386015 0.013184 0.049219
5 0.666611 0.384843 0.011865 0.046875
