0 0.112175 0.517882 0.223882 0.295702
0 0.85611 0.552193 0.285643 0.336876
0 0.249031 0.444892 0.145278 0.16719
0 0.703439 0.457278 0.136856 0.158457
0 0.643082 0.422967 0.087728 0.137246
0 0.604131 0.411737 0.039302 0.089834
0 0.373231 0.399884 0.065972 0.098567
0 0.331121 0.419224 0.075797 0.112292
0 0.412533 0.393022 0.021055 0.042421
0 0.440606 0.376178 0.035091 0.056146
0 0.465029 0.368692 0.01544 0.033688
0 0.48468 0.359958 0.018247 0.031192
0 0.528895 0.354968 0.005615 0.018715
0 0.537668 0.356839 0.010527 0.024954
0 0.542932 0.36183 0.016844 0.019963
0 0.552757 0.36994 0.021055 0.036183
0 0.573812 0.368692 0.043513 0.063632
0 0.514719 0.356215 0.019651 0.028697
