0 0.369103 0.434016 0.012292 0.021853
0 0.365689 0.434016 0.010926 0.021853
0 0.354079 0.438872 0.020487 0.031565
0 0.254036 0.461331 0.032779 0.097122
0 0.213062 0.464973 0.049168 0.104407
0 0.131115 0.491682 0.131115 0.118975
0 0.0519 0.524461 0.098336 0.17482
0 0.437324 0.42661 0.010926 0.016996
0 0.444836 0.431466 0.00956 0.026709
0 0.454396 0.43268 0.017755 0.024281
0 0.530197 0.43875 0.076484 0.123831
0 0.586877 0.452105 0.116092 0.155396
0 0.672239 0.480027 0.17482 0.186961
0 0.851907 0.558454 0.293643 0.383633
0 0.398498 0.434547 0.015024 0.031565
