0 0.387725 0.228493 0.018831 0.035111
0 0.397906 0.235842 0.01531 0.034022
0 0.402117 0.234481 0.014544 0.036744
0 0.411303 0.238564 0.026792 0.044909
0 0.41934 0.244007 0.01531 0.042188
0 0.426995 0.245368 0.016841 0.055796
0 0.439396 0.240741 0.026333 0.070494
0 0.469481 0.245368 0.062005 0.099345
0 0.490149 0.258977 0.048226 0.104788
0 0.546184 0.261018 0.104873 0.152419
0 0.320208 0.239924 0.016075 0.036744
0 0.312936 0.241966 0.019903 0.04627
0 0.298392 0.244688 0.032151 0.048992
0 0.287292 0.252172 0.026792 0.058518
0 0.274661 0.255575 0.032151 0.065323
0 0.24917 0.261018 0.068436 0.084375
0 0.209134 0.280071 0.048992 0.119758
0 0.107553 0.26306 0.189078 0.243599
0 0.057465 0.316678 0.11493 0.333417
0 0.626207 0.294224 0.175299 0.182359
2 0.327251 0.22931 0.035978 0.043548
5 0.355192 0.23067 0.007655 0.032661
5 0.351364 0.232712 0.009186 0.034022
0 0.363382 0.223866 0.014544 0.025857
0 0.378692 0.21502 0.00842 0.019052
5 0.869097 0.228629 0.039806 0.166028
