5 0.488546 0.450623 0.005259 0.014958
0 0.485215 0.475554 0.012621 0.018698
0 0.471016 0.471815 0.013673 0.018698
0 0.45524 0.471815 0.01788 0.022438
0 0.441041 0.474619 0.012621 0.020568
0 0.427894 0.477424 0.015776 0.029917
0 0.522027 0.478982 0.014725 0.016828
0 0.53307 0.482722 0.013673 0.024307
0 0.544464 0.485527 0.018932 0.037396
1 0.225779 0.463089 0.077831 0.056094
0 0.282224 0.491136 0.075727 0.09349
0 0.499063 0.475243 0.011569 0.020568
0 0.510107 0.474308 0.010518 0.018698
0 0.026119 0.448754 0.052238 0.074792
0 0.562695 0.489889 0.027346 0.046745
5 0.763582 0.538504 0.024191 0.147715
5 0.146196 0.471191 0.012621 0.033657
