0 0.022304 0.400529 0.042423 0.033865
0 0.062443 0.494952 0.124417 0.183051
0 0.954386 0.465969 0.087521 0.335593
0 0.87802 0.467495 0.14072 0.198305
0 0.725287 0.485037 0.190487 0.245593
0 0.580705 0.408003 0.03518 0.054915
0 0.16026 0.416393 0.052341 0.056441
0 0.225043 0.417156 0.032606 0.039661
0 0.248211 0.414105 0.06178 0.042712
0 0.413814 0.416393 0.027458 0.050339
0 0.388931 0.414868 0.034322 0.059492
0 0.361044 0.419444 0.03518 0.071695
0 0.30999 0.429359 0.085805 0.103729
0 0.502112 0.398136 0.012871 0.033559
0 0.486238 0.39661 0.029174 0.039661
0 0.462212 0.405 0.032606 0.035085
0 0.52056 0.39661 0.015445 0.024407
0 0.511979 0.402712 0.005148 0.012203
