0 0.519133 0.405624 0.009361 0.012481
0 0.509773 0.399384 0.014041 0.020801
0 0.557161 0.401464 0.010531 0.033282
0 0.563011 0.399384 0.012871 0.033282
0 0.571786 0.405624 0.021061 0.037442
0 0.588752 0.407704 0.024571 0.049923
0 0.602793 0.412905 0.026912 0.060324
0 0.63731 0.410825 0.072544 0.089445
0 0.655446 0.431626 0.069034 0.097766
0 0.435473 0.397304 0.022231 0.029122
0 0.494562 0.405624 0.009361 0.012481
0 0.454779 0.393144 0.016381 0.024961
2 0.471745 0.390023 0.026912 0.035362
0 0.482861 0.399384 0.011701 0.016641
0 0.386915 0.404584 0.021061 0.047843
0 0.365269 0.409785 0.045633 0.054083
0 0.298575 0.418105 0.069034 0.079045
0 0.200289 0.438906 0.106476 0.095686
0 0.140031 0.407704 0.044463 0.054083
0 0.180398 0.407704 0.073714 0.049923
0 0.091473 0.414985 0.080735 0.081125
0 0.046614 0.454507 0.093228 0.16849
0 0.744372 0.440986 0.150939 0.158089
5 0.699909 0.378583 0.017551 0.033282
5 0.932168 0.422265 0.030422 0.128968
