0 0.483669 0.523222 0.022793 0.025592
0 0.510661 0.520023 0.014396 0.02346
0 0.441681 0.527488 0.020394 0.021327
0 0.420688 0.52962 0.016795 0.017062
0 0.394895 0.537085 0.020394 0.027725
0 0.340911 0.542417 0.03479 0.025592
0 0.096184 0.587203 0.087574 0.076777
0 0.172361 0.579739 0.086374 0.083175
0 0.532854 0.52109 0.013196 0.029858
0 0.54605 0.52962 0.020394 0.042654
0 0.563445 0.533886 0.035989 0.068246
0 0.610231 0.544549 0.098371 0.106635
5 0.790778 0.506161 0.022793 0.081043
5 0.769784 0.512559 0.023993 0.076777
5 0.74759 0.513625 0.022793 0.070379
