0 0.509337 0.388537 0.018521 0.024262
0 0.522984 0.395469 0.02632 0.031194
0 0.542968 0.398935 0.029244 0.041592
0 0.55564 0.405867 0.029244 0.055456
0 0.599507 0.418864 0.077985 0.091849
0 0.705761 0.445725 0.167667 0.204493
0 0.489841 0.391136 0.014622 0.025995
0 0.476681 0.393736 0.017547 0.03466
0 0.459134 0.396335 0.025345 0.036393
0 0.433302 0.397202 0.041917 0.08665
0 0.392848 0.401534 0.04874 0.123042
0 0.335821 0.416265 0.106254 0.145571
0 0.113078 0.50378 0.226155 0.382991
0 0.87294 0.487317 0.252475 0.284211
