0 0.462488 0.510933 0.016389 0.033993
0 0.454294 0.508505 0.013658 0.019424
0 0.478195 0.513361 0.028681 0.043705
0 0.502096 0.513361 0.027316 0.038849
0 0.532826 0.514575 0.02595 0.041277
0 0.827153 0.550996 0.120189 0.118975
0 0.37781 0.506077 0.043705 0.082554
0 0.303375 0.517003 0.02595 0.060701
0 0.276742 0.538856 0.0519 0.060701
0 0.223476 0.535214 0.081947 0.08741
0 0.085532 0.685753 0.169357 0.524461
5 0.218013 0.538856 0.027316 0.09955
5 0.32591 0.531572 0.03551 0.109263
5 0.354592 0.527929 0.040974 0.126259
5 0.435856 0.509719 0.006829 0.026709
5 0.443367 0.512147 0.008195 0.031565
5 0.415369 0.509719 0.00956 0.041277
4 0.424929 0.515789 0.015024 0.029137
5 0.600945 0.514749 0.010926 0.029137
5 0.626212 0.514749 0.00956 0.033993
5 0.665137 0.512321 0.008195 0.033993
5 0.677429 0.508678 0.010926 0.036421
5 0.645333 0.515963 0.00956 0.031565
5 0.76279 0.531745 0.023218 0.06313
5 0.546313 0.517177 0.019121 0.058273
5 0.989169 0.520819 0.016389 0.080126
5 0.97756 0.520819 0.017755 0.070414
5 0.965267 0.526889 0.015024 0.067986
5 0.948878 0.542671 0.020487 0.104407
5 0.928391 0.547527 0.042339 0.143256
