0 0.697962 0.547625 0.027295 0.024262
0 0.670668 0.547625 0.025345 0.031194
0 0.647272 0.545892 0.029244 0.031194
0 0.622415 0.548492 0.030219 0.032927
0 0.599994 0.551091 0.041917 0.031194
0 0.556128 0.553691 0.051665 0.039859
0 0.483505 0.554557 0.070186 0.062388
0 0.347032 0.55629 0.044841 0.048524
0 0.370427 0.568421 0.089682 0.062388
0 0.332409 0.563222 0.046791 0.065854
0 0.776922 0.551958 0.040942 0.046791
0 0.741829 0.55889 0.064337 0.057189
0 0.859781 0.559756 0.040942 0.058922
0 0.826637 0.569288 0.066287 0.074519
2 0.761325 0.5095 0.070186 0.083184
2 0.82615 0.505167 0.02632 0.060655
2 0.875377 0.519898 0.070186 0.10398
0 0.946538 0.544159 0.029244 0.041592
5 0.946538 0.551091 0.017547 0.055456
0 0.256602 0.562734 0.11206 0.086719
