0 0.556529 0.380156 0.021094 0.0375
0 0.62772 0.393047 0.042187 0.082031
0 0.675181 0.408281 0.079102 0.1125
0 0.885459 0.446953 0.077783 0.114844
2 0.615195 0.347344 0.035596 0.075
1 0.819541 0.354375 0.09624 0.107812
1 0.724619 0.330937 0.101514 0.13125
0 0.484019 0.394218 0.026367 0.065625
0 0.449082 0.396562 0.069873 0.098437
0 0.411509 0.409453 0.058008 0.124219
0 0.311314 0.409453 0.179297 0.227344
5 0.060167 0.455156 0.0646 0.2625
5 0.206504 0.43289 0.038232 0.199219
5 0.151133 0.318047 0.019775 0.044531
5 0.13795 0.400078 0.025049 0.208594
5 0.159703 0.416484 0.044824 0.227344
5 0.087193 0.407109 0.039551 0.232031
5 0.04171 0.342656 0.027686 0.1125
5 0.011387 0.430547 0.022412 0.194531
0 0.516319 0.393047 0.056689 0.091406
0 0.582237 0.3825 0.038232 0.065625
0 0.779331 0.449297 0.181933 0.194531
0 0.957969 0.448125 0.083057 0.098437
0 0.944126 0.633281 0.110742 0.2625
