0 0.322366 0.359938 0.01788 0.011219
0 0.305538 0.359938 0.015776 0.014958
0 0.291865 0.359938 0.011569 0.018698
0 0.279244 0.361808 0.01788 0.026177
0 0.262416 0.364612 0.026294 0.039266
0 0.341298 0.359938 0.009466 0.014958
0 0.353394 0.360873 0.008414 0.020568
0 0.361808 0.360873 0.012621 0.020568
0 0.384947 0.361808 0.031553 0.041136
0 0.420181 0.364612 0.036812 0.054224
0 0.553229 0.401074 0.109384 0.130886
0 0.468562 0.353394 0.026294 0.024307
0 0.043648 0.418837 0.087297 0.129017
0 0.232966 0.366482 0.047329 0.069183
0 0.443845 0.377701 0.054692 0.069183
0 0.698899 0.421641 0.24401 0.258033
