0 0.985443 0.518987 0.025633 0.057384
0 0.937025 0.496202 0.122468 0.111392
0 0.581012 0.51519 0.066456 0.065823
0 0.3375 0.543038 0.088291 0.12827
0 0.197468 0.516962 0.034177 0.042194
0 0.088291 0.527088 0.032278 0.038819
0 0.265823 0.505147 0.024684 0.042194
0 0.29288 0.517806 0.02943 0.054008
0 0.069304 0.52962 0.03038 0.037131
0 0.242563 0.508523 0.018038 0.028692
0 0.177532 0.513586 0.024684 0.028692
0 0.518829 0.507679 0.033228 0.050633
0 0.478481 0.497834 0.026582 0.041744
0 0.464715 0.500591 0.012342 0.040506
0 0.458069 0.498903 0.012342 0.037131
0 0.408228 0.497468 0.01519 0.027004
0 0.429114 0.49578 0.01519 0.023629
0 0.121994 0.526019 0.019937 0.023629
5 0.380696 0.497328 0.009494 0.033755
