5 0.592683 0.488704 0.013647 0.055456
5 0.573674 0.490437 0.010723 0.062388
0 0.518598 0.483505 0.011698 0.031194
0 0.465471 0.482638 0.014622 0.043325
1 0.493253 0.454044 0.038992 0.031194
1 0.440613 0.456643 0.038992 0.057189
0 0.437689 0.488704 0.040942 0.06932
0 0.390411 0.490437 0.020471 0.05199
0 0.362141 0.494769 0.049715 0.077985
0 0.413319 0.501701 0.05264 0.081451
0 0.490328 0.493036 0.044841 0.077985
0 0.537607 0.491303 0.036068 0.050257
2 0.82436 0.597016 0.350275 0.504301
0 0.951572 0.871343 0.09585 0.252313
