0 0.523388 0.435937 0.010547 0.014062
0 0.477246 0.432422 0.013184 0.011719
0 0.46604 0.432422 0.011865 0.016406
0 0.454834 0.433593 0.013184 0.028125
0 0.443628 0.43125 0.011865 0.01875
0 0.439013 0.434765 0.010547 0.021094
0 0.50052 0.444105 0.041275 0.049149
0 0.41726 0.436769 0.035596 0.048538
0 0.388257 0.435937 0.014502 0.032812
0 0.367822 0.433593 0.029004 0.042187
0 0.338159 0.437109 0.038232 0.044531
0 0.288311 0.441558 0.027186 0.044054
0 0.311792 0.438281 0.022412 0.032812
0 0.185681 0.471563 0.155151 0.136876
0 0.131177 0.438281 0.0646 0.079687
0 0.095581 0.42539 0.027686 0.053906
0 0.048779 0.437109 0.065918 0.063281
0 0.023071 0.441797 0.046143 0.067969
0 0.537231 0.43626 0.014502 0.024084
0 0.55437 0.435937 0.017139 0.028125
0 0.667749 0.46875 0.148975 0.196875
0 0.771108 0.43125 0.051416 0.060937
0 0.805385 0.434765 0.035596 0.072656
0 0.850209 0.433593 0.08042 0.079687
0 0.868007 0.439453 0.071191 0.082031
0 0.915468 0.438281 0.092285 0.084375
0 0.944472 0.43125 0.097559 0.09375
0 0.975453 0.430078 0.046143 0.100781
0 0.952382 0.530859 0.092285 0.175781
5 0.801562 0.448359 0.013184 0.096094
