0 0.095449 0.481406 0.055898 0.061875
0 0.281865 0.546094 0.064336 0.09
0 0.403734 0.519187 0.012656 0.043125
0 0.413754 0.51825 0.013711 0.04125
0 0.427465 0.5145 0.01793 0.03375
0 0.443812 0.51075 0.023203 0.03
0 0.459105 0.507 0.013711 0.0225
0 0.466488 0.507 0.007383 0.0225
0 0.472289 0.504187 0.010547 0.024375
0 0.492328 0.501375 0.012656 0.0225
0 0.520805 0.505125 0.008437 0.01875
0 0.525023 0.50325 0.010547 0.02625
0 0.532406 0.505125 0.010547 0.03
0 0.539789 0.508875 0.014766 0.0375
0 0.548332 0.51075 0.01582 0.04875
0 0.629965 0.531375 0.053789 0.0975
0 0.689027 0.536062 0.125508 0.151875
0 0.789644 0.57075 0.199336 0.19125
0 0.179297 0.560625 0.164531 0.16875
0 0.381164 0.521437 0.046406 0.065625
0 0.506144 0.511125 0.034805 0.04875
0 0.57048 0.515812 0.039023 0.061875
0 0.918105 0.564687 0.161367 0.361875
0 0.872226 0.419687 0.105469 0.069375
0 0.483047 0.499219 0.014766 0.031875
