0 0.474161 0.389055 0.015546 0.02126
0 0.484326 0.392244 0.011959 0.027638
0 0.502862 0.399685 0.029897 0.038268
0 0.583384 0.413504 0.053814 0.095669
0 0.59594 0.423071 0.050226 0.097795
0 0.63361 0.42626 0.077731 0.116929
0 0.712936 0.417756 0.132741 0.176457
0 0.861821 0.451417 0.272658 0.272126
0 0.432505 0.393307 0.023917 0.029764
0 0.296774 0.408189 0.022721 0.029764
0 0.281228 0.413504 0.022721 0.040394
0 0.260898 0.420945 0.02033 0.038268
0 0.240568 0.432638 0.027505 0.048898
0 0.220837 0.435827 0.028701 0.059528
0 0.199909 0.444331 0.029897 0.055276
0 0.164033 0.43689 0.056206 0.087165
0 0.319809 0.396041 0.031093 0.034016
