6 0.891436 0.641026 0.077446 0.287881
3 0.89043 0.709868 0.101585 0.23245
5 0.630432 0.516755 0.018104 0.032185
5 0.566061 0.509603 0.006035 0.021457
5 0.516777 0.527483 0.010058 0.042914
5 0.526835 0.526589 0.008046 0.051854
5 0.537396 0.529272 0.011064 0.053642
5 0.559021 0.53553 0.01207 0.069735
5 0.485598 0.523013 0.01207 0.051854
5 0.546448 0.524801 0.009052 0.062583
5 0.508228 0.520331 0.009052 0.032185
5 0.499679 0.522119 0.008046 0.042914
5 0.835614 0.519437 0.020116 0.073311
5 0.860759 0.516755 0.022127 0.064371
5 0.288965 0.499768 0.011064 0.048278
0 0.24823 0.527483 0.108626 0.146623
0 0.443354 0.523013 0.044255 0.069735
0 0.368423 0.511391 0.027156 0.042914
0 0.413683 0.513179 0.021122 0.028609
0 0.118985 0.492616 0.059342 0.048278
0 0.180842 0.482781 0.024139 0.017881
0 0.158211 0.481887 0.017099 0.012517
5 0.986201 0.623146 0.027598 0.22351
