0 0.35664 0.405312 0.012292 0.016996
0 0.345031 0.40167 0.010926 0.009712
0 0.317032 0.400456 0.015024 0.016996
0 0.282205 0.399242 0.010926 0.014568
0 0.265133 0.398028 0.012292 0.021853
0 0.452245 0.412597 0.012292 0.016996
0 0.456342 0.422309 0.015024 0.016996
0 0.465903 0.419881 0.017755 0.026709
0 0.473415 0.425951 0.024584 0.024281
0 0.481609 0.428379 0.021853 0.024281
0 0.439953 0.413811 0.015024 0.014568
0 0.421515 0.411383 0.010926 0.019424
0 0.407174 0.404098 0.012292 0.019424
0 0.392833 0.404098 0.010926 0.024281
2 0.061631 0.379818 0.069655 0.067986
0 0.013402 0.393172 0.026803 0.050989
0 0.536241 0.456302 0.027316 0.050989
0 0.12992 0.535214 0.258133 0.247662
0 0.592238 0.512147 0.136578 0.186961
0 0.79574 0.555852 0.166626 0.16268
