0 0.457343 0.477829 0.01561 0.029383
0 0.478463 0.484358 0.01561 0.045707
0 0.556053 0.488439 0.029383 0.063664
0 0.570286 0.493337 0.032138 0.073458
0 0.607933 0.461505 0.037647 0.035913
0 0.918017 0.559131 0.162526 0.285671
0 0.707284 0.535461 0.260777 0.319952
0 0.511982 0.494754 0.06934 0.098762
0 0.421926 0.510943 0.082641 0.124063
0 0.27835 0.472582 0.011019 0.014692
0 0.261821 0.474214 0.020201 0.017956
0 0.243457 0.471765 0.016528 0.019589
0 0.140615 0.479927 0.042239 0.039178
0 0.217746 0.474214 0.022037 0.024486
0 0.175049 0.478295 0.028465 0.032648
0 0.2003 0.474214 0.016528 0.034281
