0 0.720942 0.552233 0.110051 0.09804
0 0.445815 0.507551 0.012689 0.017352
0 0.450452 0.523168 0.016593 0.015617
0 0.455332 0.533579 0.018545 0.029499
0 0.461188 0.544858 0.012689 0.027763
0 0.468997 0.54052 0.016593 0.03644
0 0.487542 0.543123 0.038066 0.058997
0 0.502183 0.550064 0.041971 0.058997
0 0.555866 0.554402 0.081013 0.095437
0 0.38408 0.504948 0.006832 0.013882
0 0.380663 0.510154 0.009761 0.013882
0 0.373831 0.513624 0.011713 0.017352
0 0.36651 0.519698 0.016593 0.019087
0 0.35675 0.536182 0.024401 0.027763
0 0.333812 0.537917 0.015617 0.027763
0 0.326492 0.543123 0.016593 0.027763
0 0.306971 0.543991 0.026354 0.03991
0 0.286962 0.549196 0.029282 0.03991
0 0.256704 0.554402 0.021473 0.050321
0 0.113711 0.544858 0.018545 0.034704
0 0.054171 0.583033 0.108343 0.107583
0 0.169346 0.583033 0.180571 0.225578
