0 0.472721 0.568935 0.053257 0.027751
0 0.348301 0.58934 0.030302 0.055502
0 0.130681 0.621172 0.13498 0.132225
0 0.038399 0.651372 0.075295 0.140387
0 0.327182 0.6024 0.035811 0.048972
0 0.391917 0.598319 0.077131 0.109371
0 0.583367 0.611378 0.076213 0.119166
0 0.700901 0.641577 0.169872 0.225272
0 0.809744 0.653452 0.068867 0.119819
0 0.898353 0.753356 0.20201 0.48809
0 0.48642 0.726421 0.213029 0.306892
0 0.843978 0.644964 0.073458 0.096312
0 0.914607 0.618654 0.087232 0.083253
5 0.192216 0.60399 0.011019 0.062031
5 0.250982 0.596645 0.011019 0.060399
