0 0.390898 0.548492 0.017547 0.025995
1 0.350931 0.540693 0.027295 0.055456
0 0.377251 0.554557 0.027295 0.03466
0 0.297804 0.574487 0.063363 0.088383
0 0.218357 0.59095 0.097481 0.121309
1 0.254649 0.501859 0.102881 0.091532
2 0.102355 0.557157 0.076035 0.140372
5 0.162306 0.566688 0.012673 0.06932
5 0.173028 0.55889 0.012673 0.046791
5 0.183751 0.547625 0.010723 0.027728
5 0.060748 0.570844 0.013028 0.084562
5 0.047278 0.563222 0.010723 0.05199
5 0.038505 0.560623 0.010723 0.039859
5 0.024858 0.571021 0.012673 0.077985
5 0.010498 0.567555 0.017997 0.074519
5 0.503913 0.551958 0.007673 0.029461
5 0.515673 0.545026 0.005849 0.043325
5 0.524447 0.550225 0.009748 0.050257
5 0.551741 0.55889 0.007798 0.053723
5 0.56153 0.564089 0.013728 0.077985
5 0.760037 0.575936 0.022769 0.12594
5 0.783746 0.60828 0.042892 0.187163
5 0.408872 0.549843 0.00791 0.028125
