5 0.859931 0.416239 0.027316 0.140827
0 0.934367 0.529144 0.129749 0.463759
5 0.257621 0.427512 0.010926 0.041277
2 0.639357 0.399589 0.066923 0.116547
0 0.088947 0.419881 0.017755 0.041277
0 0.108068 0.410169 0.023218 0.026709
0 0.107385 0.436877 0.024584 0.055845
0 0.183186 0.422309 0.129749 0.114119
0 0.315923 0.422309 0.022706 0.036421
0 0.334105 0.425951 0.03551 0.048561
0 0.357323 0.412597 0.019121 0.026709
0 0.497999 0.417453 0.013658 0.026709
0 0.480244 0.419881 0.027316 0.046133
0 0.467952 0.428379 0.03551 0.048561
0 0.541021 0.423523 0.015024 0.038849
0 0.519851 0.427165 0.040974 0.065558
0 0.40854 0.456302 0.127018 0.133543
0 0.566971 0.440519 0.050534 0.082554
0 0.012463 0.433235 0.017755 0.019424
0 0.598486 0.416412 0.021853 0.026709
