0 0.03948 0.506034 0.078959 0.072786
0 0.977245 0.572754 0.043866 0.112644
0 0.892235 0.531277 0.169045 0.150541
0 0.616566 0.488704 0.022421 0.058922
0 0.509337 0.467908 0.010723 0.027728
0 0.460109 0.462709 0.013647 0.01733
0 0.469857 0.462709 0.011698 0.01733
0 0.485454 0.467041 0.013647 0.025995
0 0.441101 0.460976 0.012673 0.024262
0 0.55759 0.493036 0.074085 0.11611
0 0.655071 0.488704 0.068237 0.083184
0 0.499102 0.466175 0.013647 0.024262
0 0.367503 0.455777 0.025345 0.024262
0 0.389923 0.464442 0.019496 0.03466
0 0.411856 0.462709 0.014622 0.027728
0 0.168403 0.485519 0.059253 0.049086
0 0.21592 0.479172 0.032169 0.039859
5 0.087733 0.488704 0.009748 0.048524
4 0.817458 0.520457 0.045999 0.103953
0 0.525871 0.465708 0.019491 0.033265
5 0.586683 0.467787 0.011695 0.037423
