0 0.364304 0.6 0.019194 0.021327
0 0.336113 0.60853 0.015595 0.021327
0 0.321117 0.612796 0.019194 0.021327
0 0.305522 0.614928 0.014396 0.034123
0 0.288127 0.622393 0.022793 0.044787
0 0.268333 0.63199 0.045586 0.068246
0 0.228745 0.637322 0.050385 0.095972
0 0.202352 0.646919 0.074378 0.098104
0 0.125575 0.656516 0.122364 0.155687
0 0.036995 0.671445 0.073991 0.240995
0 0.400893 0.604265 0.013196 0.017062
0 0.410491 0.606398 0.010797 0.017062
0 0.418288 0.60853 0.011996 0.021327
0 0.427885 0.610663 0.011996 0.025592
0 0.44648 0.62026 0.025193 0.040521
0 0.485468 0.639455 0.035989 0.049052
0 0.608432 0.611729 0.077977 0.049052
0 0.695406 0.62026 0.088774 0.066114
0 0.464868 0.61527 0.014587 0.028983
0 0.968115 0.571795 0.060064 0.064068
