0 0.353475 0.354308 0.015007 0.024901
0 0.333965 0.353419 0.018009 0.02668
0 0.317457 0.366759 0.02101 0.049802
0 0.273435 0.335632 0.077038 0.154743
0 0.400998 0.356976 0.054027 0.037352
5 0.117858 0.359644 0.008004 0.03913
0 0.199021 0.397794 0.149828 0.215035
5 0.557075 0.400553 0.032016 0.138735
5 0.56608 0.367648 0.030015 0.129842
5 0.644118 0.395217 0.030015 0.156522
5 0.701441 0.38168 0.031427 0.083202
5 0.815203 0.423676 0.068034 0.259684
5 0.912251 0.438795 0.064032 0.375297
0 0.524059 0.362312 0.062031 0.062253
0 0.48554 0.354308 0.031015 0.042688
0 0.669631 0.355198 0.031015 0.048024
