0 0.258096 0.891163 0.016059 0.024471
0 0.233624 0.884366 0.011471 0.010876
0 0.225212 0.903399 0.011471 0.016314
0 0.246625 0.919713 0.039001 0.048943
0 0.129621 0.919033 0.026765 0.014955
0 0.040913 0.95574 0.052766 0.058459
0 0.097885 0.954381 0.096356 0.089728
0 0.070355 0.951662 0.044354 0.051662
0 0.156769 0.938066 0.041295 0.073414
0 0.205329 0.931949 0.063472 0.082931
0 0.342981 0.881646 0.013 0.023112
1 0.302503 0.890075 0.069485 0.091631
0 0.416504 0.869314 0.009941 0.024471
0 0.445181 0.860477 0.010706 0.017674
0 0.428357 0.869314 0.022942 0.032628
0 0.458946 0.863876 0.009177 0.029909
0 0.467861 0.865332 0.019883 0.044864
0 0.486214 0.859214 0.022942 0.048943
0 0.499979 0.861254 0.02753 0.047583
0 0.528657 0.863293 0.046648 0.067976
0 0.584252 0.755891 0.023707 0.012236
0 0.445072 0.78648 0.020648 0.008157
0 0.76664 0.798036 0.033648 0.05574
0 0.80067 0.793958 0.045119 0.05574
1 0.913085 0.744335 0.173593 0.154985
1 0.708775 0.797356 0.095591 0.077492
0 0.772251 0.748958 0.013 0.023112
0 0.372528 0.825091 0.016824 0.017674
5 0.298462 0.917577 0.022942 0.131873
5 0.635325 0.833287 0.017589 0.069335
5 0.590971 0.844163 0.013 0.063897
0 0.018006 0.956439 0.010706 0.02855
0 0.02183 0.98227 0.018353 0.033988
5 0.52504 0.833966 0.007647 0.010876
5 0.543776 0.840764 0.008412 0.019033
0 0.546453 0.838045 0.006118 0.021752
0 0.555247 0.848241 0.011471 0.039426
0 0.5541 0.848921 0.007647 0.038066
0 0.562512 0.846882 0.009177 0.039426
0 0.598454 0.831247 0.007647 0.021752
0 0.603425 0.844163 0.009941 0.053021
