2 0.354902 0.879375 0.026367 0.061875
0 0.348574 0.889062 0.024258 0.050625
0 0.332754 0.902187 0.030586 0.054375
0 0.439805 0.875937 0.014766 0.031875
0 0.456152 0.872187 0.030586 0.061875
0 0.484629 0.8825 0.043242 0.0825
0 0.497812 0.8975 0.056953 0.105
0 0.235723 0.94625 0.036914 0.07875
0 0.403945 0.919062 0.088594 0.151875
0 0.050243 0.971812 0.098086 0.046875
0 0.173114 0.951187 0.109687 0.091875
0 0.290184 0.934312 0.099141 0.121875
0 0.595516 0.913687 0.239414 0.163125
4 0.674472 0.851562 0.034805 0.046875
