1 0.361366 0.471945 0.072507 0.112269
0 0.750799 0.562731 0.182437 0.210678
0 0.640089 0.52115 0.084202 0.124743
0 0.59292 0.483034 0.036643 0.051283
0 0.578107 0.480262 0.019491 0.040195
0 0.573429 0.469866 0.028847 0.044353
0 0.557057 0.460857 0.011695 0.018018
0 0.404246 0.487192 0.016373 0.040195
0 0.426466 0.480262 0.02183 0.037423
0 0.43972 0.47541 0.020271 0.041581
0 0.455313 0.476104 0.014034 0.023563
0 0.466228 0.473331 0.014034 0.023563
0 0.476753 0.467094 0.010135 0.019405
0 0.490397 0.467094 0.015593 0.019405
0 0.53961 0.464561 0.010531 0.012481
