0 0.025517 0.512296 0.050797 0.065816
0 0.089659 0.499286 0.0706 0.055102
0 0.542099 0.467143 0.01808 0.033673
0 0.494746 0.467143 0.009471 0.030612
0 0.444809 0.47097 0.009471 0.019898
0 0.335897 0.465612 0.036161 0.033673
0 0.469347 0.484745 0.05338 0.084184
0 0.511104 0.470204 0.028412 0.036735
0 0.564484 0.470204 0.031856 0.058163
0 0.425437 0.463317 0.020663 0.032143
5 0.844127 0.464847 0.031856 0.139286
5 0.888037 0.469439 0.0353 0.145408
5 0.958206 0.484745 0.048214 0.215816
5 0.636892 0.45949 0.013776 0.04898
5 0.594704 0.45949 0.00861 0.039796
5 0.741499 0.463317 0.011193 0.075
0 0.301626 0.482653 0.024107 0.033673
5 0.269053 0.473725 0.006027 0.02602
5 0.171333 0.482143 0.005166 0.027551
5 0.1158 0.478317 0.009471 0.022959
5 0.100303 0.47449 0.004305 0.012245
0 0.406378 0.466837 0.017219 0.018367
0 0.387867 0.469898 0.016358 0.015306
0 0.363329 0.469898 0.025829 0.018367
