0 0.427661 0.475655 0.057333 0.171957
0 0.49377 0.468028 0.070204 0.104006
0 0.555198 0.433706 0.052653 0.027042
0 0.541157 0.518991 0.090095 0.147689
0 0.595566 0.446187 0.046803 0.022881
0 0.32879 0.512751 0.191892 0.301618
0 0.179021 0.431973 0.070204 0.099846
0 0.128708 0.445493 0.093606 0.093606
0 0.018721 0.454854 0.037442 0.141448
2 0.043293 0.400771 0.074884 0.074884
2 0.063184 0.398691 0.072544 0.074884
0 0.846253 0.50651 0.176681 0.141448
0 0.720471 0.6646 0.402504 0.440986
0 0.936934 0.589715 0.124027 0.232974
5 0.058065 0.398195 0.016381 0.083205
