0 0.443809 0.436406 0.022412 0.032812
0 0.468858 0.441093 0.025049 0.028125
0 0.353501 0.428203 0.013184 0.016406
0 0.288902 0.425859 0.01582 0.016406
0 0.304722 0.423515 0.013184 0.011719
0 0.273741 0.43289 0.009229 0.021094
0 0.262535 0.43875 0.02373 0.032812
0 0.340318 0.448125 0.031641 0.051562
1 0.334385 0.418828 0.025049 0.035156
0 0.37855 0.427031 0.010547 0.01875
0 0.396348 0.430547 0.027686 0.021094
0 0.369322 0.431718 0.01582 0.023437
0 0.613877 0.514922 0.180615 0.227344
0 0.29813 0.468047 0.063281 0.082031
0 0.079851 0.606328 0.159703 0.400781
0 0.921055 0.82664 0.156885 0.344531
5 0.211778 0.43875 0.009229 0.032812
