0 0.512937 0.416463 0.011462 0.01783
0 0.50434 0.413915 0.014328 0.01783
0 0.495027 0.416463 0.012895 0.01783
0 0.48643 0.417736 0.012895 0.020377
0 0.474968 0.41901 0.012895 0.022925
0 0.440581 0.41901 0.012895 0.022925
0 0.429119 0.41901 0.015761 0.022925
0 0.413358 0.415189 0.018626 0.020377
0 0.393299 0.431746 0.021492 0.038208
0 0.366076 0.415189 0.030088 0.020377
0 0.341003 0.429198 0.028656 0.033113
0 0.328108 0.449576 0.020059 0.068774
0 0.525832 0.416463 0.014328 0.022925
0 0.533712 0.425378 0.018626 0.030566
0 0.546607 0.424104 0.032954 0.043302
0 0.780438 0.452123 0.053013 0.058585
0 0.717395 0.445755 0.064475 0.056038
0 0.550332 0.441934 0.024357 0.038208
0 0.362638 0.46868 0.067341 0.086604
0 0.417084 0.445755 0.044416 0.045849
0 0.450038 0.43684 0.027223 0.038208
0 0.464365 0.424104 0.018626 0.028019
0 0.570105 0.445755 0.030088 0.040755
0 0.594749 0.430472 0.032954 0.030566
0 0.487863 0.634755 0.308049 0.346415
1 0.161905 0.425378 0.323809 0.565472
6 0.718685 0.450849 0.014328 0.056038
3 0.720834 0.464859 0.024357 0.033113
