0 0.500516 0.303389 0.0119 0.016837
0 0.511631 0.300383 0.010332 0.013776
0 0.472027 0.311862 0.015497 0.018367
0 0.461265 0.311862 0.011193 0.021429
0 0.452655 0.314924 0.01808 0.021429
0 0.446198 0.317985 0.013776 0.021429
0 0.436296 0.31875 0.012915 0.02602
0 0.428548 0.322577 0.012915 0.027551
0 0.388082 0.334056 0.014636 0.029082
0 0.37732 0.336352 0.017219 0.030612
0 0.361823 0.337883 0.022385 0.039796
0 0.345249 0.339413 0.033578 0.045918
0 0.324155 0.342475 0.029273 0.04898
0 0.29316 0.347832 0.048214 0.056633
0 0.26604 0.357781 0.0353 0.04898
0 0.215516 0.362707 0.076626 0.081122
0 0.5784 0.300765 0.00861 0.022959
0 0.591314 0.306123 0.024107 0.033673
0 0.607242 0.31301 0.030134 0.047449
0 0.611977 0.319133 0.022385 0.047449
0 0.621448 0.321429 0.022385 0.061225
0 0.63221 0.322959 0.023246 0.067347
0 0.671126 0.322194 0.074043 0.104082
0 0.733116 0.285459 0.051658 0.05051
0 0.7809 0.281633 0.119675 0.076531
0 0.866566 0.377296 0.265179 0.264796
0 0.4886 0.308419 0.018941 0.029082
2 0.547577 0.286225 0.066295 0.146939
