0 0.058976 0.512966 0.117952 0.117843
0 0.144272 0.494769 0.058488 0.046791
0 0.175953 0.481772 0.018521 0.027728
0 0.267585 0.493036 0.045816 0.046791
0 0.313401 0.481772 0.036068 0.045058
0 0.36799 0.513832 0.063363 0.071053
0 0.412344 0.491303 0.029244 0.036393
0 0.245164 0.480169 0.028269 0.034921
0 0.472782 0.490437 0.029244 0.038126
0 0.514211 0.486104 0.02632 0.032927
0 0.542481 0.483505 0.02437 0.031194
3 0.953849 0.54156 0.049715 0.043325
0 0.954824 0.531162 0.088708 0.064121
0 0.768149 0.484371 0.05264 0.032927
0 0.68334 0.482638 0.033143 0.025995
0 0.390097 0.477369 0.017995 0.031991
0 0.840563 0.480568 0.038389 0.029858
