1 0.079989 0.407091 0.021594 0.049254
0 0.163964 0.408158 0.023993 0.047122
0 0.190356 0.404858 0.021594 0.053317
0 0.188557 0.416587 0.010797 0.038389
0 0.199353 0.422985 0.015595 0.051185
0 0.214349 0.435782 0.031191 0.063981
0 0.231144 0.458175 0.040788 0.083175
0 0.28878 0.483063 0.107862 0.145748
0 0.138771 0.417654 0.03359 0.061848
2 0.106381 0.401658 0.035989 0.063981
0 0.046999 0.419786 0.046786 0.070379
0 0.014608 0.427251 0.015595 0.042654
0 0.005205 0.427251 0.010409 0.046919
5 0.932336 0.544549 0.087574 0.319905
0 0.947622 0.480575 0.10375 0.149276
0 0.458476 0.647114 0.365891 0.37923
