0 0.381187 0.575859 0.018457 0.021094
0 0.360093 0.577031 0.021094 0.01875
0 0.350865 0.573515 0.01582 0.025781
0 0.327793 0.573515 0.025049 0.030469
0 0.288243 0.571171 0.061963 0.053906
0 0.213755 0.577031 0.026367 0.051562
0 0.139268 0.58289 0.154248 0.077344
0 0.417442 0.574687 0.017139 0.023437
0 0.480064 0.581718 0.01582 0.032812
0 0.536753 0.581718 0.026367 0.046875
0 0.033709 0.571171 0.067418 0.096094
0 0.87623 0.640312 0.196435 0.1875
0 0.509727 0.584062 0.040869 0.060937
0 0.6119 0.589921 0.063281 0.082031
0 0.448423 0.592265 0.058008 0.100781
0 0.938852 0.764531 0.121289 0.421875
