0 0.476675 0.447423 0.013918 0.02268
0 0.470296 0.456701 0.019716 0.028866
0 0.44942 0.462887 0.022036 0.024742
0 0.531766 0.442268 0.012758 0.016495
0 0.480155 0.481443 0.020876 0.03299
0 0.495812 0.503093 0.026675 0.051546
0 0.457539 0.505155 0.031314 0.051546
0 0.365915 0.530928 0.138015 0.206186
0 0.186727 0.551546 0.187887 0.181443
5 0.027255 0.571134 0.024356 0.101031
0 0.557281 0.447423 0.019716 0.030928
0 0.56366 0.457732 0.025515 0.018557
0 0.601933 0.495876 0.020876 0.024742
0 0.615271 0.537113 0.026675 0.057732
0 0.545683 0.552577 0.133376 0.175258
