0 0.203842 0.527832 0.204677 0.248575
3 0.429533 0.450555 0.012871 0.008321
0 0.468262 0.450347 0.009361 0.010401
3 0.467092 0.458668 0.011701 0.010401
0 0.403908 0.480509 0.025742 0.037442
0 0.57743 0.456587 0.026912 0.018721
0 0.586205 0.463868 0.030422 0.024961
0 0.631838 0.474268 0.086585 0.054083
0 0.728954 0.436826 0.028082 0.029122
0 0.74358 0.442027 0.029252 0.031202
0 0.764056 0.431626 0.037442 0.031202
0 0.794478 0.429546 0.030422 0.035362
0 0.807348 0.433706 0.028082 0.027042
0 0.845961 0.433706 0.056163 0.039522
0 0.94764 0.434746 0.080735 0.070724
0 0.316387 0.50131 0.030422 0.049923
0 0.373135 0.487789 0.024571 0.031202
0 0.429299 0.486749 0.036272 0.049923
0 0.460306 0.468028 0.016381 0.024961
0 0.489557 0.463868 0.016381 0.020801
0 0.449775 0.445147 0.009361 0.012481
0 0.050606 0.527312 0.097116 0.133128
