0 0.422056 0.48539 0.00791 0.025781
0 0.443809 0.488906 0.011865 0.028125
0 0.414146 0.487734 0.010547 0.021094
0 0.404917 0.488906 0.013184 0.01875
0 0.365367 0.487734 0.013184 0.030469
0 0.35482 0.495937 0.026367 0.042187
0 0.337022 0.498281 0.027686 0.05625
0 0.316587 0.50414 0.029004 0.063281
0 0.296812 0.511172 0.034277 0.067969
0 0.265831 0.513515 0.056689 0.091406
0 0.226939 0.533437 0.060644 0.09375
0 0.164317 0.543984 0.10415 0.119531
0 0.474131 0.48539 0.014502 0.025781
0 0.489951 0.488906 0.025049 0.032812
0 0.501157 0.498281 0.018457 0.0375
0 0.507749 0.502968 0.01582 0.0375
0 0.516978 0.51 0.018457 0.051562
0 0.767466 0.517031 0.052734 0.0375
0 0.676499 0.570937 0.147656 0.192187
0 0.431944 0.484218 0.017139 0.032812
0 0.460288 0.490078 0.01582 0.016406
0 0.387779 0.506484 0.042187 0.072656
0 0.540708 0.518203 0.055371 0.077344
0 0.846567 0.668203 0.305859 0.311719
0 0.060076 0.561562 0.120152 0.210937
0 0.977744 0.869765 0.043506 0.255469
