0 0.605356 0.462709 0.007798 0.01733
0 0.596582 0.463575 0.011698 0.019063
0 0.792519 0.454044 0.009748 0.013864
0 0.804216 0.453177 0.011698 0.015597
0 0.854419 0.448845 0.010723 0.010398
0 0.87489 0.451444 0.014622 0.012131
0 0.992842 0.429782 0.010723 0.013864
0 0.981632 0.433248 0.013647 0.013864
0 0.881226 0.448845 0.009748 0.013864
0 0.89 0.447978 0.007798 0.008665
0 0.896823 0.447978 0.009748 0.012131
0 0.905109 0.447112 0.010723 0.013864
0 0.913395 0.447112 0.013647 0.013864
0 0.412344 0.47224 0.021446 0.039859
0 0.382612 0.481772 0.036068 0.041592
0 0.435252 0.488704 0.049715 0.06932
0 0.683828 0.485238 0.139398 0.169833
0 0.539556 0.476573 0.014622 0.024262
