0 0.460922 0.465911 0.034413 0.040785
0 0.42823 0.472028 0.030971 0.048943
0 0.398979 0.479166 0.02753 0.046903
0 0.369729 0.487323 0.037854 0.059139
0 0.329007 0.49548 0.043589 0.075453
0 0.544087 0.462852 0.019501 0.046903
0 0.566455 0.475087 0.02753 0.042825
0 0.60603 0.469989 0.040148 0.08565
0 0.653634 0.482225 0.100944 0.130514
4 0.690914 0.516892 0.060796 0.114199
4 0.161531 0.532187 0.073414 0.128474
0 0.269358 0.499559 0.100944 0.116239
0 0.837169 0.533207 0.275302 0.269184
6 0.164394 0.500519 0.02579 0.068774
