0 0.540031 0.444578 0.008195 0.021853
0 0.534568 0.443364 0.013658 0.024281
0 0.529105 0.451862 0.010926 0.016996
0 0.519544 0.451862 0.008195 0.021853
0 0.506569 0.447006 0.015024 0.021853
0 0.488131 0.449434 0.024584 0.031565
0 0.558264 0.442514 0.012292 0.026709
0 0.565093 0.44737 0.00956 0.031565
0 0.571922 0.451012 0.00956 0.038849
0 0.578751 0.454654 0.012292 0.046133
0 0.588994 0.454654 0.019121 0.055845
0 0.548021 0.442514 0.016389 0.026709
0 0.609481 0.458296 0.046437 0.06313
0 0.700988 0.483791 0.128384 0.191817
0 0.850542 0.512928 0.296375 0.327788
0 0.95161 0.639187 0.094239 0.114119
