0 0.265045 0.472126 0.004207 0.016828
0 0.269778 0.474931 0.007362 0.018698
0 0.280822 0.479605 0.021035 0.039266
0 0.317108 0.474931 0.013673 0.022438
0 0.298176 0.488955 0.032605 0.043006
0 0.394412 0.48428 0.023139 0.041136
0 0.42544 0.503913 0.055744 0.065443
0 0.71152 0.510457 0.120953 0.160803
0 0.668923 0.529155 0.149351 0.149585
0 0.819747 0.529155 0.073624 0.074792
0 0.918087 0.512327 0.16092 0.134626
5 0.982771 0.499238 0.029449 0.067313
0 0.962629 0.615634 0.073624 0.183241
0 0.347609 0.508774 0.080986 0.102839
0 0.524306 0.524668 0.177749 0.228116
0 0.23507 0.471378 0.045226 0.087881
5 0.176171 0.485215 0.013673 0.072922
5 0.161446 0.492694 0.015776 0.076662
0 0.180378 0.488955 0.038915 0.065443
0 0.138833 0.476801 0.023139 0.033657
0 0.046804 0.508587 0.057847 0.086011
5 0.01788 0.506718 0.025242 0.09723
