5 0.34654 0.610715 0.011193 0.039796
5 0.266901 0.600766 0.00861 0.047449
5 0.250112 0.604592 0.012915 0.052041
5 0.235906 0.608419 0.015497 0.059694
5 0.2217 0.619898 0.016358 0.082653
5 0.200175 0.604592 0.021524 0.070408
5 0.07964 0.581633 0.012915 0.042857
5 0.055102 0.608419 0.020663 0.090306
5 0.296088 0.597704 0.007749 0.022959
0 0.120536 0.595408 0.032717 0.02449
0 0.189413 0.603827 0.060268 0.041327
0 0.264748 0.603827 0.055963 0.041327
0 0.434359 0.613776 0.028412 0.02449
0 0.45287 0.610715 0.015497 0.02449
0 0.450287 0.593878 0.015497 0.012245
0 0.430915 0.595408 0.016358 0.012245
0 0.492044 0.596939 0.012915 0.015306
0 0.492905 0.603827 0.012915 0.022959
0 0.486448 0.605357 0.020663 0.022959
0 0.483004 0.61301 0.029273 0.02602
0 0.514429 0.605357 0.009471 0.013776
2 0.56781 0.581633 0.073182 0.128571
2 0.891842 0.600766 0.032717 0.12398
0 0.94393 0.688776 0.107621 0.177551
0 0.96158 0.806852 0.072321 0.220408
0 0.741172 0.67675 0.318559 0.511225
0 0.022324 0.584913 0.042188 0.036735
2 0.510986 0.592653 0.009471 0.018367
2 0.52347 0.592653 0.010332 0.015306
0 0.5239 0.601072 0.007749 0.007653
