0 0.285606 0.495 0.027686 0.028125
0 0.302745 0.500859 0.032959 0.021094
0 0.085977 0.514961 0.107901 0.058673
0 0.387779 0.505547 0.021094 0.030469
0 0.592124 0.502031 0.02373 0.028125
0 0.622446 0.502031 0.044824 0.0375
0 0.480723 0.502031 0.009229 0.01875
0 0.337022 0.517265 0.048779 0.049219
0 0.441172 0.506718 0.022412 0.028125
0 0.468199 0.505547 0.018457 0.030469
0 0.492588 0.504375 0.019775 0.032812
0 0.408872 0.512578 0.036914 0.058594
0 0.709458 0.519609 0.055371 0.049219
0 0.950059 0.533672 0.098877 0.119531
0 0.552712 0.503117 0.016114 0.017905
