0 0.342815 0.399685 0.011959 0.017008
0 0.339227 0.401811 0.011959 0.025512
0 0.333248 0.403937 0.01435 0.029764
0 0.328465 0.408189 0.009567 0.029764
0 0.320587 0.409666 0.018146 0.032717
0 0.310462 0.416675 0.023139 0.041136
0 0.295738 0.423219 0.023139 0.046745
0 0.281013 0.424154 0.031553 0.048615
0 0.274176 0.428829 0.030501 0.046745
0 0.261029 0.431633 0.025242 0.052355
0 0.244201 0.432568 0.027346 0.046745
0 0.229476 0.440982 0.033657 0.056094
0 0.210019 0.450331 0.036812 0.048615
0 0.189509 0.46155 0.037864 0.063573
0 0.146387 0.46716 0.082038 0.059834
0 0.376198 0.397977 0.028398 0.022438
0 0.531333 0.393302 0.048381 0.031787
0 0.420372 0.388628 0.028398 0.022438
0 0.431941 0.490441 0.106228 0.166596
0 0.4886 0.402551 0.019802 0.012245
