0 0.476753 0.442839 0.010135 0.012474
0 0.468177 0.442146 0.007017 0.011088
0 0.463109 0.442146 0.009356 0.01386
0 0.455313 0.44076 0.006237 0.011088
0 0.444008 0.435908 0.013254 0.015246
0 0.423348 0.439374 0.015593 0.024949
0 0.411263 0.440067 0.02105 0.031879
0 0.392552 0.44769 0.028847 0.033265
0 0.369942 0.451155 0.02261 0.029107
0 0.339925 0.457392 0.015593 0.022177
0 0.328621 0.458778 0.016373 0.019405
0 0.315367 0.46155 0.016373 0.024949
0 0.299774 0.463629 0.024169 0.034651
0 0.268978 0.465708 0.034304 0.038809
0 0.248317 0.466401 0.036643 0.034651
0 0.209335 0.474717 0.030406 0.040195
0 0.17581 0.485806 0.041321 0.045739
0 0.146963 0.478183 0.038203 0.052669
0 0.099795 0.486499 0.060812 0.052669
0 0.499285 0.452818 0.018711 0.026335
