0 0.004387 0.47484 0.008773 0.041592
0 0.020958 0.471374 0.039967 0.048524
0 0.03558 0.464442 0.032169 0.038126
0 0.11259 0.464442 0.038018 0.048524
0 0.141347 0.462709 0.068237 0.05199
0 0.222744 0.439313 0.034118 0.025995
0 0.550766 0.428049 0.027295 0.048524
0 0.587809 0.454044 0.079934 0.107445
0 0.863192 0.42025 0.102355 0.067587
5 0.654583 0.424583 0.010723 0.05199
5 0.692114 0.431515 0.013647 0.058922
5 0.676517 0.429782 0.007798 0.062388
5 0.727694 0.42025 0.010723 0.053723
5 0.756451 0.42285 0.009748 0.05199
5 0.78472 0.423716 0.011698 0.064121
5 0.829561 0.401188 0.013647 0.025995
5 0.283182 0.43758 0.008773 0.036393
5 0.269047 0.434114 0.011698 0.050257
5 0.254425 0.434981 0.011698 0.045058
5 0.706736 0.411586 0.011698 0.022529
0 0.436714 0.571887 0.278795 0.42285
