0 0.461123 0.333685 0.010926 0.014568
0 0.468634 0.334899 0.015024 0.016996
0 0.470683 0.350681 0.013658 0.024281
0 0.437904 0.332471 0.019121 0.01214
0 0.448831 0.332471 0.013658 0.01214
0 0.449513 0.347039 0.012292 0.021853
0 0.422198 0.334899 0.012292 0.016996
0 0.398297 0.334899 0.013658 0.021853
0 0.40376 0.344611 0.016389 0.021853
0 0.436539 0.353109 0.024584 0.038849
0 0.485024 0.349467 0.020487 0.041277
2 0.353909 0.325187 0.042339 0.07527
0 0.305423 0.348253 0.0519 0.097122
0 0.215282 0.345825 0.027316 0.053417
0 0.187966 0.354323 0.043705 0.046133
2 0.084166 0.299692 0.158431 0.213669
0 0.267864 0.362821 0.099702 0.106835
0 0.631163 0.40167 0.129749 0.145684
5 0.547167 0.344611 0.008195 0.036421
5 0.541021 0.345825 0.00956 0.033993
5 0.551947 0.356751 0.006829 0.055845
5 0.58336 0.344611 0.00956 0.041277
5 0.576531 0.356751 0.00956 0.036421
5 0.508242 0.350681 0.004097 0.043705
5 0.498682 0.347039 0.006829 0.036421
5 0.504145 0.351895 0.004097 0.046133
5 0.530778 0.349467 0.008195 0.041277
5 0.378493 0.354323 0.031413 0.118975
5 0.689208 0.355537 0.010926 0.033993
5 0.706964 0.367678 0.021853 0.08741
3 0.760912 0.405312 0.047802 0.104407
0 0.51712 0.355537 0.008195 0.019424
0 0.940513 0.54007 0.117457 0.383633
