2 0.059463 0.427182 0.118927 0.341399
0 0.198373 0.501701 0.049715 0.053723
2 0.327048 0.480905 0.041917 0.057189
0 0.856856 0.596149 0.216407 0.187163
0 0.534682 0.532895 0.080909 0.11611
2 0.576111 0.480039 0.077985 0.124775
2 0.627289 0.442779 0.020471 0.025995
0 0.764249 0.435847 0.027295 0.012131
0 0.41868 0.498235 0.028269 0.043325
0 0.475706 0.502568 0.038992 0.048524
2 0.485454 0.471374 0.031194 0.048524
2 0.445975 0.479172 0.022421 0.036393
0 0.371889 0.48957 0.016572 0.022529
2 0.359217 0.47484 0.018521 0.041592
0 0.387974 0.486104 0.011698 0.019063
0 0.398696 0.480905 0.007798 0.015597
0 0.910958 0.418518 0.030219 0.005199
