5 0.060986 0.650984 0.056396 0.251813
5 0.708357 0.612047 0.009181 0.044301
5 0.697209 0.613212 0.007869 0.046632
5 0.874396 0.614378 0.019673 0.086269
5 0.778655 0.609715 0.01705 0.034974
0 0.588352 0.588731 0.028854 0.030311
0 0.58704 0.617876 0.0341 0.060622
0 0.469003 0.620207 0.020984 0.032642
0 0.44933 0.62487 0.018361 0.027979
0 0.431624 0.62487 0.024919 0.032642
0 0.408017 0.629534 0.032788 0.037306
0 0.306242 0.63886 0.053773 0.051295
0 0.237387 0.645855 0.091807 0.074611
0 0.367097 0.629534 0.053773 0.055959
0 0.527497 0.648187 0.118038 0.158549
