0 0.921681 0.643806 0.147196 0.421117
0 0.792519 0.560623 0.288543 0.310206
0 0.085296 0.622144 0.168642 0.402054
0 0.356292 0.746053 0.02632 0.008665
0 0.15402 0.532028 0.187163 0.176765
0 0.225668 0.501701 0.049715 0.074519
0 0.290005 0.504301 0.043866 0.041592
0 0.421604 0.525963 0.073111 0.105712
0 0.467725 0.494707 0.035459 0.055332
0 0.510312 0.498235 0.043866 0.046791
0 0.390167 0.497369 0.037043 0.079718
0 0.366771 0.495636 0.015597 0.036393
0 0.345326 0.497369 0.021446 0.025995
5 0.630944 0.499102 0.015597 0.084917
5 0.579158 0.494645 0.010723 0.062388
5 0.585494 0.491179 0.007798 0.055456
5 0.597679 0.490313 0.008773 0.064121
5 0.600603 0.500711 0.006824 0.046791
5 0.607427 0.491179 0.010723 0.065854
5 0.61815 0.486847 0.012673 0.071053
