0 0.370477 0.563835 0.037252 0.053491
0 0.327494 0.566382 0.063043 0.073868
0 0.247258 0.57275 0.100295 0.132453
0 0.155559 0.577844 0.123219 0.183396
0 0.44488 0.542548 0.012895 0.022925
0 0.433417 0.543821 0.010029 0.020377
0 0.423388 0.546368 0.012895 0.025472
0 0.405478 0.550189 0.028656 0.038208
0 0.481416 0.560378 0.037252 0.058585
0 0.505512 0.55393 0.020059 0.040755
0 0.060763 0.55393 0.121526 0.275095
0 0.580017 0.630345 0.154741 0.219057
0 0.902116 0.743078 0.191438 0.388946
0 0.909996 0.553511 0.175677 0.208493
