0 0.549899 0.529144 0.008195 0.021853
0 0.540338 0.531572 0.010926 0.021853
0 0.525314 0.532786 0.013658 0.014568
0 0.510974 0.534 0.015024 0.016996
0 0.494584 0.538856 0.015024 0.021853
0 0.50073 0.55221 0.016389 0.019424
0 0.551264 0.547354 0.013658 0.024281
0 0.558776 0.55828 0.017755 0.026709
0 0.522583 0.548568 0.024584 0.021853
0 0.577214 0.571635 0.040974 0.048561
0 0.516437 0.567992 0.036876 0.041277
0 0.443367 0.566778 0.043705 0.053417
0 0.336836 0.561922 0.03551 0.038849
0 0.293131 0.560708 0.049168 0.041277
