0 0.024784 0.559767 0.049567 0.045918
0 0.056273 0.556919 0.051294 0.040223
0 0.100364 0.571247 0.084375 0.059694
0 0.139268 0.541875 0.061963 0.023437
0 0.200237 0.544461 0.063712 0.04898
0 0.231662 0.543696 0.055963 0.047449
0 0.239842 0.539104 0.055102 0.047449
0 0.272558 0.542165 0.041327 0.041327
0 0.294083 0.538338 0.039605 0.027551
0 0.304414 0.534512 0.039605 0.032143
0 0.481467 0.520736 0.016358 0.02602
0 0.497825 0.516145 0.016358 0.016837
0 0.508157 0.509257 0.016358 0.015306
0 0.518919 0.509257 0.010332 0.021429
0 0.75218 0.550802 0.121397 0.186735
1 0.399367 0.503134 0.157926 0.272449
0 0.877021 0.583054 0.241933 0.30328
0 0.570884 0.512318 0.090402 0.177551
0 0.166954 0.566484 0.061963 0.044531
