5 0.095327 0.479099 0.015137 0.074003
5 0.112987 0.477978 0.025228 0.094186
5 0.31103 0.493355 0.01766 0.053821
5 0.280756 0.481502 0.007569 0.031395
5 0.285171 0.484866 0.011353 0.047093
5 0.547006 0.513698 0.013876 0.038123
5 0.828933 0.593147 0.015137 0.105399
5 0.883174 0.569601 0.020183 0.062791
5 0.904618 0.584177 0.025228 0.074003
5 0.847223 0.599875 0.021444 0.114369
0 0.379147 0.491273 0.012614 0.038123
0 0.398068 0.500243 0.03532 0.065033
0 0.508442 0.509213 0.018921 0.029153
0 0.581244 0.539487 0.036581 0.049336
0 0.017119 0.530517 0.032797 0.103156
2 0.219577 0.458436 0.112266 0.156977
2 0.626385 0.504408 0.063071 0.150249
2 0.734867 0.52459 0.171553 0.244435
0 0.232191 0.501685 0.122358 0.152492
0 0.454832 0.572324 0.136233 0.1951
3 0.608027 0.561875 0.01793 0.06375
6 0.6075 0.528125 0.025312 0.10125
