0 0.434011 0.556263 0.017152 0.027721
0 0.381775 0.545174 0.028067 0.022177
0 0.338114 0.5625 0.014034 0.026335
0 0.312386 0.565965 0.048338 0.052669
0 0.356826 0.56943 0.037423 0.040195
0 0.398927 0.572202 0.076405 0.065144
0 0.560703 0.544481 0.019491 0.048511
0 0.575516 0.553491 0.010135 0.022177
0 0.610211 0.582597 0.082642 0.113655
0 0.498721 0.621406 0.140336 0.235626
0 0.710915 0.547946 0.016373 0.019405
0 0.74327 0.550025 0.014034 0.015246
0 0.756524 0.552798 0.018711 0.026335
0 0.864895 0.559035 0.06705 0.038809
0 0.89647 0.556263 0.014813 0.027721
2 0.806032 0.5923 0.119286 0.110883
0 0.878149 0.622792 0.081083 0.116427
0 0.23884 0.574281 0.028067 0.041581
0 0.164643 0.564579 0.127082 0.099795
0 0.892304 0.758855 0.214403 0.47541
