0 0.46023 0.564387 0.009154 0.012436
0 0.448548 0.564654 0.013389 0.015302
0 0.437071 0.564654 0.007651 0.011902
0 0.429898 0.564654 0.01052 0.015302
0 0.420813 0.566354 0.007651 0.011902
0 0.414118 0.567204 0.009564 0.010202
0 0.405032 0.567204 0.01052 0.017003
0 0.396903 0.567204 0.013389 0.017003
0 0.383513 0.567204 0.017215 0.020403
0 0.322304 0.562954 0.021041 0.022103
0 0.31274 0.579106 0.021041 0.044207
0 0.292178 0.579106 0.033474 0.061209
0 0.269224 0.584207 0.039212 0.06461
0 0.235272 0.593558 0.066947 0.06971
0 0.347649 0.589308 0.065991 0.078212
0 0.470545 0.564654 0.009564 0.015302
0 0.479152 0.562954 0.013389 0.022103
0 0.489673 0.562104 0.015302 0.027204
0 0.514061 0.572305 0.050689 0.071411
0 0.552316 0.577406 0.027735 0.057809
0 0.569532 0.580806 0.033474 0.06801
0 0.596789 0.585907 0.049732 0.081612
0 0.646043 0.584207 0.073642 0.115617
0 0.711556 0.598659 0.133895 0.147922
0 0.847172 0.643716 0.244836 0.210831
0 0.065513 0.629944 0.1272 0.13432
