0 0.80139 0.655937 0.012673 0.022529
0 0.755574 0.649872 0.018521 0.03466
0 0.718043 0.642073 0.013647 0.019063
0 0.660042 0.651605 0.02437 0.048524
0 0.820398 0.672401 0.040942 0.048524
0 0.853737 0.675867 0.040942 0.065854
0 0.874208 0.678466 0.029244 0.067587
0 0.916124 0.688864 0.079934 0.098781
0 0.970811 0.715726 0.055564 0.100514
0 0.690408 0.665036 0.059463 0.088383
0 0.728913 0.664169 0.027295 0.045058
0 0.765955 0.656371 0.023395 0.032927
0 0.783502 0.664169 0.029244 0.041592
2 0.806361 0.630809 0.042502 0.038126
