0 0.474699 0.323195 0.011921 0.014835
0 0.459797 0.326374 0.013113 0.016954
0 0.446684 0.328493 0.015497 0.025432
0 0.426418 0.332731 0.015497 0.021193
0 0.413901 0.332731 0.01669 0.021193
0 0.399 0.33591 0.020266 0.027551
0 0.383025 0.345447 0.017882 0.02967
0 0.366336 0.348626 0.02265 0.03179
0 0.344282 0.349686 0.021458 0.038148
0 0.223759 0.371939 0.056029 0.065699
0 0.507124 0.311538 0.011921 0.016954
0 0.519045 0.316837 0.01669 0.023312
0 0.533947 0.318956 0.017882 0.027551
0 0.544676 0.325314 0.025034 0.036028
0 0.577935 0.339089 0.038148 0.055102
0 0.590453 0.351805 0.027419 0.055102
0 0.62562 0.350746 0.064374 0.082653
0 0.753057 0.354984 0.189546 0.205573
0 0.652562 0.371939 0.042916 0.095369
0 0.168684 0.385714 0.06795 0.084772
0 0.31734 0.357103 0.0453 0.057221
0 0.499495 0.323195 0.019074 0.019074
0 0.483997 0.326374 0.014305 0.021193
0 0.052453 0.413265 0.104906 0.110204
0 0.881805 0.405848 0.234846 0.3073
