5 0.495225 0.742265 0.038232 0.227344
5 0.609263 0.724687 0.029004 0.154687
5 0.462925 0.6825 0.01582 0.05625
5 0.465562 0.702421 0.01582 0.058594
5 0.44315 0.690703 0.01582 0.058594
5 0.430625 0.696562 0.009229 0.065625
5 0.423374 0.690703 0.010547 0.049219
5 0.41085 0.69539 0.009229 0.063281
5 0.354161 0.69539 0.014502 0.077344
5 0.334385 0.687187 0.009229 0.0375
5 0.035118 0.712968 0.059326 0.140625
5 0.077964 0.694218 0.013184 0.065625
5 0.106309 0.6825 0.017139 0.060937
5 0.133995 0.688359 0.011865 0.053906
5 0.155748 0.739921 0.029004 0.142969
5 0.187388 0.693046 0.021094 0.058594
5 0.199913 0.707109 0.017139 0.091406
5 0.217051 0.705937 0.017139 0.084375
3 0.185411 0.742265 0.035596 0.067969
3 0.171568 0.756328 0.063281 0.100781
3 0.149815 0.750468 0.043506 0.103125
3 0.13795 0.762187 0.046143 0.103125
3 0.13004 0.768046 0.046143 0.124219
3 0.117515 0.777421 0.047461 0.133594
3 0.101036 0.791484 0.046143 0.147656
3 0.081919 0.802031 0.044824 0.16875
3 0.062803 0.824296 0.038232 0.152344
3 0.037005 0.828984 0.074009 0.189844
3 0.027776 0.854765 0.055552 0.175781
3 0.010638 0.919218 0.021275 0.121875
3 0.449082 0.75164 0.027686 0.096094
3 0.467539 0.761015 0.035596 0.100781
3 0.52357 0.796171 0.031641 0.114844
3 0.540049 0.778593 0.056689 0.140625
3 0.61981 0.816093 0.060644 0.1875
3 0.878867 0.891093 0.159521 0.215625
3 0.814927 0.886406 0.116016 0.225
0 0.240123 0.675468 0.018457 0.032812
0 0.296812 0.731718 0.081738 0.135937
2 0.313291 0.655546 0.061963 0.049219
