5 0.754179 0.498257 0.019984 0.083487
0 0.375991 0.469836 0.016986 0.037303
0 0.355008 0.491151 0.026978 0.065724
0 0.313542 0.497368 0.079934 0.131447
0 0.478406 0.463618 0.01199 0.024868
0 0.487399 0.466283 0.013988 0.026645
0 0.516375 0.4725 0.015987 0.028421
0 0.543353 0.483158 0.045962 0.049737
0 0.590314 0.478717 0.051957 0.072829
0 0.606301 0.500921 0.025979 0.056842
0 0.696727 0.514243 0.074938 0.10125
0 0.860592 0.559539 0.216822 0.166974
0 0.046362 0.500921 0.092724 0.099474
0 0.165664 0.565757 0.253791 0.275329
0 0.426949 0.489375 0.068943 0.108355
