0 0.278414 0.540576 0.016699 0.032812
0 0.257759 0.540576 0.04043 0.057812
0 0.47397 0.487451 0.012305 0.023437
0 0.460347 0.498389 0.016699 0.045312
2 0.353121 0.46792 0.057129 0.046875
1 0.414644 0.485889 0.081738 0.114062
0 0.519673 0.484326 0.017578 0.026562
0 0.542525 0.487451 0.01582 0.029687
0 0.488912 0.523389 0.049219 0.067187
0 0.351802 0.551514 0.142383 0.157812
0 0.196236 0.54292 0.087891 0.084375
0 0.563179 0.489795 0.011426 0.021875
0 0.576363 0.495264 0.018457 0.039062
0 0.584273 0.50542 0.02373 0.05
0 0.609761 0.529639 0.060645 0.095312
5 0.730171 0.505366 0.014941 0.056142
0 0.845308 0.608545 0.306738 0.546875
