0 0.436443 0.400855 0.014079 0.025029
0 0.415324 0.401637 0.031677 0.032851
0 0.421044 0.414151 0.023758 0.026593
0 0.414885 0.423537 0.023758 0.029722
2 0.388487 0.40633 0.023758 0.054751
0 0.383207 0.422755 0.014959 0.028158
2 0.35153 0.404765 0.050156 0.092294
0 0.328652 0.437616 0.030797 0.048494
2 0.166604 0.38672 0.304454 0.376105
0 0.010739 0.471099 0.02088 0.209134
2 0.490354 0.37387 0.036077 0.028158
0 0.491234 0.402512 0.109991 0.036576
0 0.549309 0.400464 0.023758 0.031286
0 0.703797 0.480166 0.138906 0.20005
0 0.524884 0.603302 0.382767 0.38482
0 0.843857 0.576709 0.309734 0.312862
5 0.966833 0.438342 0.035197 0.095423
5 0.900399 0.414878 0.020238 0.042236
5 0.863442 0.40471 0.030797 0.046929
5 0.800527 0.403145 0.019358 0.031286
0 0.988897 0.422329 0.020668 0.136089
