5 0.396893 0.448912 0.017446 0.068561
5 0.334912 0.445647 0.016528 0.062031
5 0.323894 0.444831 0.012855 0.057134
5 0.316089 0.444831 0.01561 0.060399
5 0.299561 0.43422 0.010101 0.048972
5 0.294051 0.444831 0.013773 0.060399
5 0.267882 0.454625 0.012855 0.063664
5 0.282114 0.448912 0.01561 0.068561
5 0.015369 0.450544 0.020201 0.045707
5 0.416176 0.430955 0.008264 0.022854
0 0.545646 0.517473 0.245167 0.388513
0 0.081602 0.529716 0.163204 0.190992
2 0.735168 0.371372 0.162526 0.373821
2 0.851324 0.316687 0.29567 0.633374
