5 0.846295 0.324152 0.043761 0.077797
5 0.437949 0.340169 0.008581 0.012203
0 0.148872 0.436271 0.031748 0.033559
0 0.212368 0.426356 0.014587 0.032034
0 0.280926 0.422542 0.018877 0.021356
0 0.362012 0.408813 0.021451 0.03661
0 0.404056 0.42178 0.0266 0.022881
0 0.434946 0.425593 0.030032 0.03661
0 0.571891 0.435508 0.018019 0.050339
0 0.721192 0.442373 0.040328 0.079322
0 0.19349 0.435508 0.048909 0.056441
0 0.500158 0.474407 0.098676 0.140339
0 0.673312 0.477458 0.122701 0.137288
2 0.606856 0.417203 0.048909 0.100678
2 0.932739 0.373277 0.130843 0.438418
