0 0.536632 0.319737 0.030219 0.012131
0 0.30219 0.529429 0.171566 0.209692
0 0.472294 0.487837 0.043866 0.064121
0 0.774485 0.559756 0.192037 0.190629
0 0.703324 0.48957 0.022421 0.039859
0 0.534682 0.480905 0.020471 0.029461
0 0.574162 0.480039 0.025345 0.038126
0 0.604381 0.480039 0.023395 0.031194
0 0.626801 0.47224 0.009748 0.019063
0 0.498614 0.485238 0.010723 0.024262
0 0.5069 0.478306 0.005849 0.01733
0 0.550766 0.477439 0.011698 0.022529
0 0.20471 0.505167 0.035093 0.022529
0 0.169129 0.501701 0.053614 0.032927
0 0.40747 0.480905 0.025345 0.015597
0 0.430378 0.482638 0.014622 0.008665
0 0.520547 0.478306 0.007798 0.01733
