5 0.641645 0.65679 0.008195 0.031565
5 0.634816 0.658004 0.008195 0.029137
5 0.622524 0.653148 0.010926 0.029137
5 0.613647 0.65679 0.006829 0.026709
5 0.651206 0.654362 0.010926 0.050989
5 0.744079 0.643436 0.010926 0.043705
5 0.729055 0.643436 0.013658 0.043705
5 0.955912 0.660432 0.028681 0.097122
3 0.746264 0.66893 0.013658 0.041277
3 0.740118 0.679857 0.017755 0.038849
3 0.716406 0.661646 0.021474 0.036421
0 0.203502 0.672572 0.081947 0.097122
0 0.147505 0.704137 0.03551 0.038849
0 0.092873 0.712635 0.095605 0.128687
0 0.506842 0.605801 0.015024 0.016996
0 0.552596 0.604587 0.013658 0.019424
1 0.529378 0.633724 0.038242 0.082554
0 0.492502 0.658004 0.027316 0.033993
0 0.559425 0.659218 0.0519 0.065558
1 0.074898 0.681071 0.149795 0.172392
