5 0.78174 0.478472 0.030575 0.079869
0 0.351865 0.454173 0.007488 0.01553
0 0.317858 0.45029 0.019343 0.038825
0 0.309123 0.452509 0.025583 0.038825
0 0.29134 0.454173 0.026207 0.068776
0 0.263573 0.4514 0.059277 0.087633
0 0.244542 0.464711 0.051166 0.087633
0 0.219271 0.471921 0.065517 0.106491
0 0.136817 0.460274 0.14289 0.194125
0 0.387387 0.460829 0.006864 0.013311
0 0.394562 0.461938 0.007488 0.013311
0 0.402986 0.460274 0.014351 0.021076
0 0.422953 0.46693 0.010608 0.029951
0 0.428257 0.468039 0.009984 0.027732
0 0.437305 0.471367 0.020591 0.032169
0 0.49471 0.494662 0.033071 0.052136
0 0.521541 0.499099 0.044302 0.074322
0 0.554299 0.511301 0.068637 0.085415
0 0.446753 0.476913 0.023087 0.032169
0 0.599582 0.536815 0.097518 0.109819
0 0.360289 0.455599 0.010608 0.01553
0 0.069768 0.502031 0.139536 0.255135
0 0.838341 0.624527 0.300844 0.219638
5 0.339385 0.449973 0.007488 0.034388
2 0.340099 0.447913 0.022463 0.045481
