0 0.467614 0.439066 0.011435 0.021253
0 0.488157 0.442608 0.012902 0.01848
0 0.51083 0.44054 0.032445 0.024465
0 0.514913 0.440144 0.014553 0.011704
0 0.539376 0.43922 0.015662 0.010472
0 0.535444 0.438758 0.011955 0.016324
0 0.550032 0.440606 0.011885 0.011396
0 0.566933 0.457084 0.0447 0.049897
0 0.523489 0.472023 0.04314 0.060678
0 0.445524 0.441992 0.008836 0.010472
0 0.458293 0.441222 0.006306 0.015708
0 0.436688 0.44076 0.006757 0.00924
0 0.427376 0.444456 0.012994 0.01386
0 0.41906 0.451848 0.012994 0.024949
0 0.405546 0.453234 0.020271 0.031417
0 0.383196 0.44076 0.026508 0.017556
0 0.355129 0.45231 0.025468 0.042505
0 0.341615 0.475873 0.046259 0.07115
0 0.386315 0.483727 0.054575 0.083162
0 0.611892 0.510062 0.233374 0.130288
2 0.259492 0.451386 0.070688 0.08501
0 0.238962 0.489733 0.06705 0.072074
0 0.302474 0.493891 0.062891 0.07577
0 0.142675 0.535472 0.24117 0.15616
0 0.02749 0.503549 0.054979 0.069302
0 0.918914 0.479062 0.160607 0.170021
5 0.231471 0.480427 0.016632 0.045277
