5 0.91916 0.43125 0.047461 0.24
5 0.851133 0.430312 0.042187 0.193125
5 0.837422 0.434062 0.014766 0.178125
5 0.921797 0.4425 0.044297 0.2025
5 0.092812 0.440625 0.025312 0.105
5 0.368613 0.444375 0.032695 0.1125
5 0.390234 0.42 0.023203 0.07875
5 0.611191 0.400312 0.026367 0.103125
5 0.259453 0.4225 0.014766 0.07125
5 0.24416 0.4225 0.013711 0.06375
5 0.513633 0.3775 0.012656 0.04125
5 0.557402 0.386875 0.013711 0.0525
3 0.628594 0.478125 0.044297 0.09
0 0.346992 0.399375 0.025312 0.031875
0 0.413437 0.385312 0.016875 0.02625
2 0.446133 0.369375 0.044297 0.091875
5 0.173114 0.435375 0.012656 0.0825
0 0.01582 0.48375 0.031641 0.09
