0 0.433223 0.389855 0.026294 0.035526
0 0.420601 0.381441 0.015776 0.022438
0 0.384841 0.386115 0.022087 0.020568
0 0.406403 0.38705 0.016828 0.018698
0 0.367487 0.461842 0.147247 0.142105
0 0.159868 0.473996 0.17249 0.177632
0 0.346347 0.386115 0.015776 0.013089
5 0.039967 0.453428 0.023139 0.069183
5 0.025242 0.468387 0.027346 0.125277
5 0.329729 0.450623 0.036812 0.123407
5 0.285555 0.399204 0.024191 0.031787
5 0.597614 0.395464 0.021035 0.061704
5 0.623908 0.409488 0.029449 0.119668
5 0.474557 0.38705 0.008414 0.033657
5 0.480868 0.38331 0.012621 0.041136
5 0.487178 0.39079 0.008414 0.048615
5 0.494015 0.389855 0.011569 0.039266
5 0.500851 0.376766 0.008414 0.028047
5 0.510843 0.378636 0.015776 0.050485
5 0.529249 0.391725 0.012621 0.043006
5 0.521361 0.384245 0.011569 0.039266
5 0.74139 0.405748 0.030501 0.119668
5 0.856033 0.427251 0.036812 0.218767
5 0.801972 0.413851 0.049433 0.19072
5 0.883659 0.426939 0.041019 0.220637
