0 0.390411 0.397548 0.034118 0.038126
0 0.425991 0.399281 0.029244 0.027728
0 0.446072 0.402054 0.019496 0.024262
0 0.472392 0.408986 0.019496 0.020796
0 0.486039 0.40812 0.015597 0.029461
0 0.504073 0.402921 0.032169 0.050257
0 0.529906 0.402921 0.038992 0.053723
0 0.564706 0.396855 0.039967 0.055456
0 0.586152 0.403787 0.039967 0.048524
0 0.608573 0.411586 0.034118 0.046791
0 0.636842 0.424583 0.036068 0.06932
0 0.664819 0.427182 0.029244 0.060655
0 0.702349 0.430648 0.069211 0.071053
0 0.764737 0.439313 0.065312 0.057189
0 0.856759 0.447458 0.084028 0.075558
0 0.219088 0.425449 0.02632 0.038126
0 0.189356 0.428049 0.025345 0.039859
0 0.133671 0.427059 0.082859 0.08665
