0 0.307417 0.689014 0.00791 0.017187
0 0.294673 0.697607 0.019336 0.025
0 0.284566 0.699951 0.025488 0.032812
0 0.252925 0.710107 0.050098 0.0625
0 0.132515 0.689795 0.016699 0.021875
0 0.049458 0.696826 0.014062 0.023437
0 0.022652 0.69917 0.043066 0.021875
0 0.00803 0.773389 0.01606 0.126562
0 0.089449 0.722607 0.092285 0.1
0 0.179976 0.714795 0.097559 0.115625
0 0.434419 0.701514 0.033398 0.045312
0 0.360591 0.744482 0.130078 0.178125
0 0.861243 0.696663 0.073111 0.041592
0 0.79788 0.700129 0.059463 0.03466
0 0.739879 0.702728 0.05264 0.029461
2 0.344107 0.647272 0.037043 0.015597
