5 0.43458 0.52664 0.019775 0.110156
5 0.419419 0.531328 0.021094 0.128906
5 0.07335 0.555937 0.051416 0.145312
5 0.173306 0.559453 0.049257 0.128906
0 0.619151 0.510234 0.025049 0.044531
0 0.647495 0.504375 0.021094 0.070312
0 0.58751 0.506718 0.038232 0.084375
0 0.467539 0.518437 0.022412 0.070312
0 0.429307 0.533672 0.075146 0.119531
0 0.815586 0.51375 0.043506 0.060937
0 0.801084 0.477422 0.017139 0.030469
0 0.777354 0.499687 0.040869 0.121875
0 0.712095 0.504375 0.134473 0.20625
0 0.527525 0.521953 0.100195 0.171094
0 0.325157 0.536015 0.143701 0.213281
0 0.874253 0.502031 0.097559 0.098437
0 0.970493 0.496172 0.058008 0.119531
