0 0.584416 0.477093 0.013 0.017674
0 0.601622 0.479132 0.018353 0.029909
0 0.511767 0.468936 0.016059 0.025831
0 0.499914 0.467577 0.016824 0.031269
0 0.49609 0.473015 0.012236 0.020393
0 0.483854 0.470975 0.021412 0.059819
0 0.459383 0.475734 0.044354 0.072054
0 0.6303 0.481852 0.025236 0.048943
0 0.648271 0.484571 0.02906 0.065257
0 0.663948 0.492048 0.034413 0.11284
0 0.731262 0.501526 0.150651 0.186254
0 0.793683 0.56014 0.164417 0.19577
0 0.397234 0.477743 0.091767 0.107402
0 0.172489 0.530311 0.241654 0.19713
0 0.018014 0.414752 0.035177 0.033988
0 0.031014 0.572456 0.061178 0.221601
0 0.027955 0.458256 0.05506 0.072054
0 0.065044 0.441942 0.12618 0.099245
0 0.115899 0.454857 0.120827 0.087009
0 0.250109 0.456897 0.066531 0.053021
0 0.292169 0.464374 0.037472 0.065257
0 0.544529 0.47525 0.009941 0.02719
0 0.529435 0.474491 0.028295 0.035347
0 0.898191 0.671175 0.201888 0.468633
