0 0.663272 0.633969 0.015546 0.02126
0 0.670448 0.672236 0.025113 0.04252
0 0.653705 0.67011 0.02033 0.034016
0 0.635767 0.667984 0.022721 0.038268
0 0.605292 0.68248 0.048381 0.050485
0 0.5395 0.695622 0.074144 0.089291
0 0.475521 0.692433 0.041855 0.061654
0 0.433666 0.694559 0.058597 0.078661
0 0.341584 0.695622 0.132741 0.097795
0 0.141875 0.69137 0.132741 0.089291
0 0.049793 0.687118 0.099257 0.140315
0 0.733829 0.694559 0.039464 0.05315
0 0.696757 0.696685 0.046639 0.061654
0 0.841456 0.760465 0.197318 0.252992
