0 0.625454 0.45 0.011353 0.01794
0 0.608425 0.451121 0.015137 0.011213
0 0.627977 0.460091 0.016398 0.015698
0 0.601487 0.462334 0.013876 0.020183
0 0.57752 0.455606 0.021444 0.033638
0 0.557968 0.461212 0.01766 0.031395
0 0.538416 0.462334 0.031535 0.038123
0 0.489851 0.465697 0.025228 0.022425
0 0.463992 0.481395 0.04415 0.053821
0 0.647529 0.453363 0.020183 0.024668
0 0.694201 0.464202 0.047934 0.049336
0 0.665188 0.460839 0.025228 0.047093
0 0.750334 0.469809 0.119835 0.069518
0 0.033217 0.559883 0.065594 0.148007
0 0.501098 0.477595 0.042984 0.063679
