0 0.146645 0.310232 0.156904 0.105497
0 0.80192 0.45149 0.304756 0.277152
0 0.450395 0.322748 0.026151 0.03755
0 0.240184 0.31649 0.056325 0.071523
0 0.279913 0.312914 0.05733 0.067947
2 0.31411 0.30755 0.041238 0.078675
0 0.343781 0.311126 0.018104 0.053642
0 0.357359 0.314702 0.023133 0.035762
0 0.371943 0.311126 0.014081 0.032185
0 0.384012 0.306656 0.018104 0.030397
0 0.657086 0.398742 0.11969 0.164503
0 0.596235 0.384437 0.07644 0.128742
0 0.566061 0.36298 0.044255 0.085828
0 0.537396 0.34957 0.043249 0.069735
0 0.529853 0.333477 0.046267 0.073311
0 0.502696 0.339735 0.014081 0.04649
0 0.493141 0.326324 0.017099 0.030397
0 0.478557 0.322748 0.014081 0.019669
2 0.420221 0.301291 0.020116 0.03755
