5 0.69166 0.40125 0.014502 0.051562
5 0.681773 0.394218 0.018457 0.065625
5 0.50709 0.397734 0.014502 0.072656
5 0.160181 0.394922 0.006592 0.023437
5 0.075806 0.396093 0.006592 0.021094
5 0.082397 0.401953 0.006592 0.028125
5 0.131177 0.38789 0.006592 0.023437
5 0.15293 0.391406 0.00791 0.030469
5 0.227417 0.391406 0.006592 0.021094
5 0.218848 0.391406 0.00791 0.021094
0 0.100195 0.400614 0.01582 0.039844
0 0.259717 0.387723 0.021094 0.01875
0 0.389575 0.374832 0.035596 0.025781
0 0.437036 0.39241 0.046143 0.075
0 0.429126 0.412332 0.043506 0.072656
0 0.522729 0.387723 0.014502 0.023437
0 0.495703 0.387723 0.01582 0.01875
2 0.455674 0.362578 0.051416 0.128906
0 0.174864 0.39539 0.025049 0.030469
0 0.004705 0.403593 0.00941 0.046875
0 0.039073 0.402422 0.067236 0.049219
0 0.358116 0.416484 0.146338 0.086719
2 0.803062 0.404765 0.142383 0.086719
