0 0.485337 0.577031 0.010547 0.023437
0 0.499839 0.580546 0.021094 0.039844
0 0.519615 0.595781 0.031641 0.05625
0 0.545322 0.621562 0.051416 0.089062
0 0.288902 0.599296 0.055371 0.049219
0 0.356797 0.580546 0.054053 0.049219
0 0.19398 0.612187 0.087012 0.09375
0 0.236167 0.594609 0.039551 0.053906
0 0.754282 0.605156 0.089648 0.05625
5 0.732529 0.578203 0.011865 0.035156
5 0.684409 0.585234 0.013184 0.039844
5 0.649473 0.579375 0.014502 0.0375
0 0.05678 0.635625 0.11356 0.084375
0 0.456992 0.593437 0.043506 0.084375
0 0.607285 0.700078 0.154248 0.208594
0 0.944785 0.762187 0.109424 0.31875
0 0.396259 0.575353 0.020471 0.027728
0 0.416243 0.578819 0.013647 0.027728
