5 0.684009 0.454976 0.008398 0.046919
5 0.673213 0.452843 0.008398 0.042654
5 0.654018 0.441113 0.008398 0.031991
3 0.718199 0.498696 0.031191 0.044787
0 0.44648 0.450711 0.022793 0.046919
2 0.421287 0.435782 0.029991 0.072512
2 0.300723 0.435782 0.227932 0.32417
2 0.106381 0.414455 0.151155 0.093839
2 0.024999 0.392061 0.049998 0.121564
0 0.036995 0.499763 0.073991 0.106635
0 0.161158 0.594668 0.322317 0.326303
0 0.627026 0.482701 0.069579 0.162085
0 0.486068 0.420853 0.06838 0.046919
0 0.527456 0.562677 0.196742 0.309242
2 0.877694 0.429384 0.244612 0.447867
