0 0.087178 0.518684 0.009992 0.019539
0 0.075688 0.518684 0.010991 0.015987
0 0.0612 0.522237 0.013988 0.026645
0 0.055704 0.522237 0.016986 0.030197
0 0.052707 0.533783 0.024979 0.046184
0 0.024105 0.538224 0.04821 0.076382
0 0.016112 0.555099 0.032223 0.060395
0 0.010117 0.595954 0.020233 0.081711
0 0.104591 0.520757 0.013988 0.019539
0 0.118652 0.520461 0.010991 0.021316
0 0.131142 0.528454 0.017985 0.030197
0 0.157121 0.532007 0.033972 0.037303
0 0.187596 0.532007 0.042965 0.069276
0 0.229561 0.545329 0.078935 0.103026
0 0.325816 0.559453 0.139746 0.189844
0 0.546641 0.612187 0.317724 0.342187
