5 0.92363 0.561836 0.028269 0.110911
5 0.846621 0.569634 0.02632 0.11611
5 0.865142 0.55837 0.028269 0.124775
0 0.966522 0.5757 0.065312 0.090116
0 0.890974 0.561836 0.054589 0.06932
0 0.78472 0.562702 0.058488 0.050257
0 0.743291 0.561836 0.043866 0.03466
0 0.708685 0.556637 0.040942 0.03466
0 0.661895 0.55837 0.025345 0.020796
0 0.633625 0.554037 0.023395 0.022529
0 0.446462 0.552304 0.015597 0.029461
0 0.432327 0.550571 0.020471 0.039859
0 0.420142 0.561836 0.025345 0.055456
0 0.339233 0.559236 0.038992 0.053723
0 0.307552 0.563569 0.02632 0.038126
0 0.27977 0.551438 0.025345 0.027728
0 0.249551 0.552304 0.023395 0.032927
0 0.219819 0.55837 0.041917 0.038126
0 0.141347 0.567901 0.04874 0.036393
0 0.056051 0.582632 0.110153 0.159435
0 0.060925 0.739468 0.119901 0.275546
0 0.475219 0.560969 0.041917 0.060655
0 0.385537 0.574833 0.061413 0.081451
