0 0.551947 0.451413 0.009537 0.010597
0 0.53943 0.453532 0.013113 0.023312
0 0.532278 0.455651 0.013113 0.03179
0 0.522145 0.454592 0.021458 0.046625
0 0.495918 0.45989 0.040532 0.06146
0 0.472076 0.472606 0.033379 0.082653
0 0.420219 0.468367 0.094177 0.146232
0 0.352269 0.496978 0.149014 0.186499
0 0.579962 0.454592 0.007153 0.016954
0 0.582942 0.454592 0.008345 0.025432
0 0.589499 0.456711 0.011921 0.02967
0 0.603208 0.464129 0.025034 0.052983
0 0.610957 0.468367 0.028611 0.044505
0 0.619898 0.474725 0.032187 0.048744
0 0.634203 0.482143 0.027419 0.059341
0 0.66043 0.487441 0.060798 0.078414
0 0.739705 0.524529 0.119211 0.139874
0 0.870241 0.601884 0.256304 0.267033
0 0.158551 0.519231 0.317102 0.466248
0 0.565061 0.457771 0.021458 0.027551
