0 0.076947 0.47093 0.045411 0.031395
0 0.369344 0.456353 0.012614 0.020183
0 0.33907 0.458596 0.012614 0.015698
0 0.306903 0.456353 0.016398 0.020183
0 0.274737 0.455232 0.027751 0.02691
0 0.240679 0.467566 0.032797 0.029153
0 0.491575 0.449626 0.018921 0.015698
0 0.513019 0.463081 0.011353 0.020183
0 0.500405 0.473172 0.023967 0.03588
0 0.535725 0.457475 0.016398 0.031395
0 0.547708 0.458596 0.01766 0.033638
0 0.458021 0.472051 0.064332 0.096429
0 0.027751 0.4799 0.055502 0.062791
2 0.021444 0.437292 0.042888 0.062791
2 0.157677 0.45299 0.093345 0.076246
2 0.576973 0.442898 0.050457 0.087458
2 0.755338 0.449626 0.143802 0.159219
