0 0.44426 0.503954 0.022385 0.018367
0 0.424889 0.50625 0.016358 0.019898
0 0.411974 0.507781 0.012915 0.02602
0 0.401642 0.510077 0.019802 0.027551
0 0.391311 0.514669 0.012915 0.033673
0 0.244946 0.549107 0.08868 0.12398
0 0.024538 0.531633 0.049075 0.055102
0 0.481139 0.510459 0.031856 0.05051
0 0.372943 0.516582 0.0353 0.047449
0 0.796684 0.583419 0.331186 0.393368
0 0.151531 0.593878 0.142921 0.153061
0 0.039605 0.638011 0.079209 0.182143
0 0.985954 0.490817 0.024968 0.027551
5 0.514286 0.498215 0.006888 0.016837
