5 0.17536 0.505094 0.015595 0.053318
5 0.319318 0.492298 0.010797 0.061848
0 0.495665 0.473104 0.010797 0.02346
0 0.481869 0.479502 0.023993 0.036256
0 0.464475 0.473104 0.013196 0.03199
0 0.457277 0.489099 0.022793 0.046919
0 0.573042 0.47417 0.009597 0.029858
0 0.610231 0.468839 0.021594 0.027725
0 0.666615 0.470971 0.019194 0.027725
0 0.744591 0.4859 0.050385 0.053317
0 0.763786 0.476303 0.040788 0.046919
0 0.822568 0.4859 0.071979 0.074644
0 0.859757 0.483767 0.059982 0.07891
0 0.634224 0.484834 0.045586 0.063981
0 0.690607 0.501895 0.06718 0.081043
0 0.535853 0.490166 0.074378 0.130095
2 0.396695 0.449644 0.115166 0.215403
0 0.921539 0.53282 0.154754 0.23673
