0 0.005363 0.42178 0.010297 0.07322
0 0.031533 0.423305 0.036896 0.070169
0 0.060278 0.417966 0.020593 0.044237
0 0.100606 0.419491 0.053199 0.038136
0 0.144796 0.420254 0.033464 0.024407
0 0.702958 0.500339 0.046335 0.062542
0 0.639462 0.477458 0.03089 0.05339
0 0.535638 0.461441 0.024025 0.033559
0 0.556231 0.468305 0.032606 0.047288
0 0.465707 0.459915 0.009439 0.03661
0 0.449404 0.459152 0.023167 0.050339
0 0.439107 0.462203 0.023167 0.065593
0 0.412937 0.461441 0.042903 0.070169
0 0.397921 0.472119 0.055773 0.07322
5 0.255056 0.460678 0.022309 0.102203
0 0.594844 0.497288 0.072076 0.105254
0 0.743715 0.509491 0.078083 0.083898
1 0.49102 0.449237 0.027458 0.042712
0 0.507751 0.448474 0.007722 0.019831
0 0.514187 0.452288 0.006864 0.012203
0 0.520193 0.451525 0.006864 0.013729
0 0.970746 0.505569 0.054915 0.070169
