0 0.431944 0.615703 0.025049 0.049219
0 0.402281 0.614531 0.044824 0.075
0 0.376573 0.62625 0.038232 0.060937
0 0.342295 0.633281 0.051416 0.084375
0 0.288902 0.643828 0.084375 0.096094
0 0.200572 0.655546 0.121289 0.128906
0 0.625083 0.608671 0.031641 0.067969
0 0.648814 0.621562 0.052734 0.075
0 0.685068 0.622734 0.046143 0.119531
0 0.73978 0.62625 0.100195 0.135937
0 0.817564 0.654375 0.142383 0.135937
0 0.075237 0.683671 0.150474 0.166406
0 0.915122 0.66375 0.16875 0.220312
0 0.479405 0.603984 0.025049 0.035156
0 0.582896 0.600468 0.026367 0.0375
0 0.555869 0.592265 0.027686 0.044531
