0 0.037754 0.829687 0.075146 0.3375
0 0.190684 0.6375 0.373095 0.426562
0 0.361411 0.585937 0.084375 0.196875
0 0.402281 0.58125 0.044824 0.13125
0 0.422056 0.582421 0.026367 0.082031
0 0.444468 0.568359 0.042187 0.063281
0 0.470835 0.554296 0.013184 0.044531
0 0.872935 0.645703 0.253125 0.382031
0 0.631016 0.573046 0.085693 0.105469
0 0.598716 0.550781 0.021094 0.051562
0 0.57103 0.547265 0.039551 0.063281
0 0.549937 0.542578 0.02373 0.049219
0 0.532798 0.539062 0.01582 0.01875
0 0.512364 0.54375 0.017139 0.01875
