0 0.471672 0.484123 0.013196 0.021327
0 0.454877 0.486256 0.017995 0.021327
0 0.437483 0.485189 0.014396 0.019194
0 0.414689 0.488388 0.028791 0.025592
0 0.391896 0.479858 0.021594 0.021327
0 0.34631 0.483057 0.052784 0.049052
0 0.316319 0.489455 0.028791 0.044787
1 0.341511 0.445734 0.06718 0.05545
0 0.292926 0.483057 0.03479 0.049052
2 0.219747 0.45 0.116365 0.153554
0 0.097983 0.484123 0.194342 0.183412
0 0.549049 0.486187 0.019194 0.038251
0 0.516059 0.501185 0.051585 0.089573
0 0.576641 0.497985 0.040788 0.061848
0 0.61383 0.499052 0.028791 0.042654
0 0.752989 0.526777 0.095972 0.089573
