0 0.099717 0.453984 0.027686 0.039844
0 0.300108 0.45164 0.017139 0.021094
0 0.309996 0.464531 0.02373 0.0375
0 0.337681 0.466875 0.036914 0.051562
0 0.358775 0.477422 0.050098 0.053906
0 0.405576 0.495 0.048779 0.070312
0 0.460948 0.503203 0.083057 0.096094
0 0.246714 0.4575 0.021094 0.023437
0 0.058189 0.450468 0.02373 0.028125
0 0.1775 0.450468 0.014502 0.01875
0 0.162999 0.450468 0.014502 0.023437
0 0.133995 0.45164 0.035596 0.053906
0 0.275718 0.462187 0.042187 0.070312
0 0.573008 0.512578 0.154248 0.171094
0 0.014683 0.47625 0.029004 0.079687
