0 0.343301 0.475625 0.013711 0.02625
0 0.354902 0.48125 0.022148 0.0375
0 0.377051 0.468125 0.013711 0.0225
0 0.398144 0.4625 0.026367 0.05625
0 0.422402 0.474687 0.022148 0.039375
0 0.438223 0.479375 0.01582 0.02625
0 0.536836 0.5 0.037969 0.075
0 0.253652 0.475625 0.009492 0.01875
0 0.243633 0.480312 0.012656 0.016875
0 0.229922 0.484062 0.014766 0.024375
0 0.178242 0.493437 0.010547 0.028125
0 0.156621 0.500937 0.032695 0.031875
0 0.116016 0.515 0.021094 0.03
0 0.099141 0.52625 0.029531 0.045
0 0.070664 0.527187 0.040078 0.050625
0 0.045879 0.54125 0.043242 0.045
0 0.348047 0.510312 0.037969 0.050625
0 0.681504 0.519375 0.065742 0.09375
0 0.699609 0.540937 0.0675 0.136875
0 0.846386 0.580625 0.28582 0.39375
1 0.483574 0.47625 0.093867 0.1425
0 0.595371 0.509062 0.125508 0.144375
0 0.196994 0.487643 0.010443 0.025316
0 0.218354 0.480892 0.011392 0.021941
