0 0.080069 0.719746 0.158431 0.218525
0 0.220745 0.666329 0.158431 0.15054
0 0.736328 0.626266 0.080581 0.118975
0 0.350494 0.631122 0.084679 0.094694
0 0.414686 0.620196 0.0519 0.072842
0 0.455659 0.612912 0.038242 0.067986
0 0.680331 0.603199 0.042339 0.067986
0 0.652332 0.604413 0.021853 0.041277
0 0.631163 0.592273 0.017755 0.026709
0 0.620919 0.584989 0.010926 0.026709
0 0.618871 0.582561 0.00956 0.026709
0 0.550581 0.583775 0.017755 0.029137
0 0.580629 0.578919 0.012292 0.019424
0 0.594287 0.577705 0.012292 0.021853
