0 0.01582 0.705078 0.031641 0.077344
0 0.162817 0.728515 0.322998 0.297656
0 0.313769 0.655859 0.063281 0.105469
0 0.411987 0.638281 0.061963 0.089062
0 0.448242 0.64414 0.01582 0.044531
0 0.468676 0.632421 0.025049 0.049219
3 0.469336 0.639453 0.018457 0.044531
0 0.493066 0.633593 0.044824 0.060937
0 0.516797 0.626562 0.021094 0.0375
0 0.53789 0.619531 0.026367 0.042187
0 0.58601 0.653125 0.08042 0.121875
2 0.577441 0.563281 0.047461 0.070312
0 0.616992 0.6125 0.021094 0.05625
0 0.636767 0.623046 0.029004 0.063281
0 0.661816 0.627734 0.042187 0.082031
0 0.719165 0.637109 0.08833 0.147656
0 0.76267 0.665234 0.093603 0.142969
0 0.881323 0.696875 0.235986 0.239062
