0 0.395041 0.623877 0.013647 0.039859
0 0.405764 0.624744 0.033143 0.05199
0 0.428672 0.631675 0.047766 0.062388
0 0.289762 0.62561 0.007798 0.022529
0 0.284888 0.624744 0.011698 0.03466
0 0.273677 0.628209 0.018521 0.038126
0 0.259543 0.621278 0.017547 0.048524
0 0.24492 0.622144 0.025345 0.057189
0 0.211777 0.623877 0.05264 0.067587
0 0.052396 0.597449 0.104304 0.227888
0 0.556859 0.64294 0.124775 0.20276
0 0.780943 0.69363 0.43647 0.491303
0 0.341914 0.610013 0.098456 0.136906
5 0.489526 0.629076 0.012673 0.05199
5 0.469055 0.627343 0.010723 0.055456
