0 0.685733 0.458437 0.013711 0.024375
0 0.714737 0.479062 0.044297 0.054375
0 0.752179 0.4875 0.064336 0.07125
0 0.822843 0.486562 0.110742 0.106875
0 0.929893 0.4875 0.135 0.10125
5 0.131495 0.466875 0.014766 0.10125
2 0.48587 0.437812 0.027422 0.069375
0 0.400441 0.444375 0.021094 0.02625
0 0.39464 0.467812 0.030586 0.054375
0 0.531222 0.48 0.059062 0.08625
0 0.627198 0.492187 0.153984 0.249375
0 0.450011 0.4875 0.086484 0.1275
0 0.341905 0.449062 0.08543 0.155625
0 0.866612 0.681562 0.263672 0.631875
