0 0.439151 0.647272 0.145246 0.164634
0 0.373839 0.61088 0.082859 0.119576
0 0.325586 0.59095 0.046791 0.08665
0 0.297804 0.589217 0.028269 0.055456
0 0.283669 0.570154 0.033143 0.05199
0 0.251988 0.559756 0.020471 0.024262
0 0.239803 0.551091 0.007798 0.01733
0 0.232979 0.549358 0.009748 0.010398
2 0.02437 0.654204 0.04874 0.175032
0 0.016572 0.577953 0.029244 0.012131
0 0.066287 0.577086 0.027295 0.038126
0 0.093094 0.571021 0.02437 0.039859
0 0.122826 0.568421 0.023395 0.020796
0 0.136961 0.560623 0.012673 0.019063
0 0.148658 0.557157 0.010723 0.015597
0 0.157431 0.554557 0.006824 0.01733
0 0.164255 0.553691 0.008773 0.008665
0 0.175953 0.551091 0.012673 0.013864
