0 0.477271 0.532648 0.014079 0.014079
0 0.504109 0.51153 0.020238 0.0219
0 0.478591 0.50449 0.016719 0.014079
0 0.467592 0.517787 0.017598 0.015643
0 0.456593 0.528737 0.007919 0.018772
0 0.448674 0.537341 0.013199 0.023465
0 0.438115 0.538905 0.011439 0.020336
0 0.430635 0.545944 0.012319 0.028158
0 0.423156 0.548291 0.013199 0.023465
0 0.411717 0.563152 0.021998 0.043801
0 0.382679 0.585834 0.073034 0.092294
0 0.331204 0.567845 0.061595 0.084473
0 0.532706 0.531083 0.012319 0.020336
0 0.552065 0.532648 0.033437 0.029722
0 0.585942 0.552202 0.037837 0.046929
0 0.616739 0.569409 0.020238 0.053187
0 0.673934 0.579577 0.109991 0.136095
