5 0.770846 0.492485 0.021795 0.081571
0 0.346995 0.47821 0.017206 0.024471
0 0.324627 0.489426 0.032119 0.046903
0 0.293656 0.486367 0.034413 0.065257
0 0.27817 0.496563 0.03556 0.053021
0 0.429586 0.471072 0.012618 0.034668
0 0.416968 0.473112 0.010324 0.022432
0 0.395173 0.47719 0.005735 0.022432
0 0.572972 0.502681 0.048178 0.081571
0 0.610827 0.498603 0.048178 0.048943
0 0.492103 0.565899 0.16977 0.244713
0 0.406071 0.472092 0.020648 0.036707
0 0.690549 0.497583 0.086032 0.104003
0 0.879268 0.539388 0.238638 0.371148
0 0.021264 0.485347 0.039001 0.069335
0 0.025279 0.547545 0.047031 0.128474
2 0.147444 0.436405 0.254654 0.326284
