0 0.246749 0.509651 0.022953 0.032305
0 0.213275 0.513901 0.030605 0.040806
0 0.231925 0.507951 0.016259 0.028904
0 0.447352 0.490948 0.015302 0.018703
0 0.454525 0.50625 0.018171 0.022103
0 0.531037 0.5071 0.014346 0.020403
0 0.435398 0.50455 0.02391 0.028904
0 0.412922 0.512201 0.021041 0.034005
0 0.422486 0.492648 0.021041 0.025504
0 0.370363 0.509651 0.039212 0.06971
0 0.394751 0.510501 0.026779 0.047607
0 0.544426 0.5071 0.014346 0.017003
0 0.208015 0.490098 0.02391 0.023804
0 0.242924 0.490948 0.021041 0.025504
0 0.033474 0.534304 0.066947 0.176826
2 0.523433 0.491373 0.02391 0.027204
0 0.126244 0.545271 0.19893 0.226134
0 0.470641 0.509566 0.029648 0.052708
0 0.521329 0.509566 0.014346 0.022103
1 0.301359 0.47301 0.108072 0.20403
2 0.763488 0.289043 0.087032 0.057809
