0 0.447545 0.430139 0.012855 0.017956
0 0.459022 0.430955 0.017446 0.019589
0 0.463614 0.43422 0.017446 0.022854
0 0.468205 0.439117 0.013773 0.029383
0 0.474632 0.442382 0.013773 0.042443
0 0.484733 0.447279 0.022956 0.055502
0 0.508515 0.458706 0.058032 0.075091
0 0.49667 0.453809 0.033974 0.075091
0 0.568751 0.470133 0.020201 0.048972
0 0.594135 0.479954 0.058848 0.075143
0 0.958814 0.494619 0.080804 0.062031
0 0.902007 0.658948 0.192828 0.276421
0 0.676275 0.596236 0.193746 0.290568
0 0.533032 0.479519 0.061521 0.083253
