0 0.447971 0.368182 0.057028 0.087154
0 0.406951 0.365514 0.02101 0.046245
0 0.38394 0.361957 0.029014 0.064032
0 0.365931 0.369961 0.023011 0.076482
0 0.339918 0.378854 0.049024 0.101383
0 0.309903 0.398419 0.063031 0.140514
0 0.213355 0.442885 0.16208 0.254348
0 0.075787 0.416206 0.149074 0.311265
0 0.484139 0.352174 0.023011 0.042688
0 0.499147 0.353063 0.013006 0.033794
0 0.50665 0.355731 0.012006 0.042688
0 0.519157 0.359289 0.019009 0.049802
0 0.533163 0.362846 0.019009 0.056917
0 0.556175 0.369071 0.033016 0.072925
0 0.662227 0.388636 0.185091 0.250791
0 0.848596 0.388933 0.301149 0.704348
