5 0.849058 0.530642 0.05264 0.263415
5 0.545405 0.633755 0.090657 0.480039
0 0.96506 0.45439 0.046791 0.055456
0 0.881226 0.476919 0.023395 0.03466
0 0.790569 0.480385 0.035093 0.045058
0 0.732081 0.482985 0.093582 0.060655
0 0.684315 0.494249 0.046791 0.058922
0 0.654583 0.502048 0.039967 0.046791
0 0.598532 0.512446 0.033143 0.036393
1 0.462059 0.501181 0.031194 0.05199
0 0.409907 0.512446 0.012673 0.025995
0 0.401621 0.516778 0.017547 0.027728
0 0.389923 0.528909 0.029244 0.038126
0 0.43184 0.531509 0.046791 0.053723
0 0.362629 0.510713 0.017547 0.022529
0 0.340208 0.50898 0.019496 0.025995
0 0.287081 0.529776 0.030219 0.025995
0 0.243215 0.529776 0.039967 0.043325
0 0.20276 0.54104 0.035093 0.041592
1 0.143297 0.531692 0.091632 0.094947
0 0.113565 0.55837 0.055564 0.06932
0 0.067749 0.567035 0.051665 0.058922
