0 0.251988 0.600482 0.203735 0.195828
0 0.487891 0.546759 0.073111 0.098781
0 0.547842 0.525096 0.040942 0.055456
0 0.78862 0.575353 0.148171 0.159435
0 0.421604 0.511233 0.051665 0.076252
0 0.338258 0.529429 0.019496 0.050257
0 0.709173 0.553691 0.078959 0.088383
0 0.663357 0.533761 0.07506 0.090116
0 0.624364 0.529429 0.034118 0.053723
0 0.604868 0.514699 0.045816 0.055456
0 0.581473 0.516432 0.012673 0.048524
0 0.569288 0.512099 0.011698 0.043325
0 0.485454 0.488704 0.031194 0.020796
0 0.52006 0.501701 0.016572 0.029461
0 0.447924 0.498235 0.014622 0.036393
0 0.460109 0.494769 0.011698 0.032927
