0 0.043652 0.453172 0.085656 0.193275
0 0.081126 0.417787 0.035416 0.067354
0 0.229377 0.400949 0.042004 0.02782
0 0.258616 0.458053 0.079067 0.103959
0 0.338095 0.446339 0.114483 0.074675
0 0.401307 0.418763 0.007413 0.013178
0 0.39513 0.429013 0.016472 0.033677
0 0.381541 0.427549 0.027179 0.036605
0 0.375363 0.429745 0.021414 0.023427
0 0.362597 0.425352 0.017296 0.014642
0 0.430546 0.428281 0.024709 0.038069
0 0.472962 0.429745 0.028827 0.029284
0 0.449077 0.425352 0.015649 0.014642
0 0.452372 0.414371 0.010707 0.010249
0 0.440429 0.418763 0.006589 0.013178
0 0.868504 0.40705 0.079067 0.060033
2 0.793967 0.404853 0.076596 0.079067
0 0.713458 0.413639 0.046946 0.043926
0 0.645098 0.414371 0.109541 0.054176
0 0.682984 0.471475 0.168841 0.136171
0 0.158958 0.450976 0.161429 0.193275
0 0.532468 0.521258 0.180372 0.254772
0 0.415927 0.438823 0.028003 0.036605
0 0.424986 0.433698 0.014825 0.032213
2 0.411397 0.412174 0.013178 0.020499
2 0.353743 0.366052 0.031297 0.021963
5 0.957263 0.371072 0.017296 0.035141
0 0.962808 0.394604 0.034592 0.060033
