0 0.509825 0.471374 0.070186 0.090116
0 0.079447 0.506034 0.158894 0.131707
0 0.172054 0.473973 0.049715 0.071053
0 0.236391 0.471374 0.061413 0.076252
0 0.287568 0.464442 0.044841 0.048524
0 0.317787 0.460976 0.023395 0.048524
0 0.342645 0.458376 0.02437 0.046791
0 0.363603 0.453177 0.021446 0.036393
0 0.379688 0.458376 0.020471 0.032927
0 0.917782 0.569288 0.162793 0.341399
0 0.798368 0.482638 0.189113 0.209692
0 0.69845 0.476573 0.086758 0.131707
0 0.651659 0.467041 0.041917 0.084917
0 0.625827 0.463575 0.042892 0.067587
0 0.605843 0.458376 0.02632 0.053723
0 0.602431 0.448845 0.038992 0.062388
0 0.580985 0.449711 0.019496 0.046791
0 0.559052 0.441046 0.020471 0.029461
