0 0.036647 0.608144 0.047461 0.058125
0 0.544469 0.652875 0.026367 0.03375
0 0.561344 0.65475 0.032695 0.05625
0 0.58191 0.637875 0.018984 0.015
0 0.598785 0.636 0.021094 0.01875
0 0.618824 0.661312 0.080156 0.080625
0 0.611969 0.675375 0.032695 0.04125
0 0.678942 0.666 0.113906 0.07875
0 0.903695 0.666 0.157148 0.13125
0 0.818793 0.6435 0.025312 0.04125
0 0.25327 0.657562 0.071719 0.088125
0 0.343973 0.641625 0.025312 0.0375
0 0.372477 0.640943 0.021039 0.024307
0 0.397752 0.64177 0.016896 0.02596
2 0.436113 0.630535 0.043242 0.07125
0 0.801968 0.809988 0.343619 0.325691
0 0.006328 0.611518 0.012656 0.0825
0 0.407184 0.645618 0.010518 0.018698
5 0.515628 0.65116 0.007362 0.037396
5 0.522465 0.652095 0.008414 0.039266
5 0.49696 0.650225 0.008414 0.035526
