0 0.525192 0.714031 0.011193 0.021429
0 0.508403 0.697194 0.022385 0.018367
0 0.517443 0.741582 0.024968 0.067347
0 0.555326 0.710204 0.016358 0.029082
0 0.741725 0.727096 0.064573 0.090197
0 0.5753 0.694439 0.012054 0.010714
0 0.564107 0.707449 0.010332 0.021429
0 0.586493 0.692908 0.013776 0.010714
0 0.598546 0.700562 0.013776 0.019898
0 0.45164 0.799855 0.156696 0.235714
0 0.542964 0.714906 0.028412 0.035204
0 0.583861 0.728681 0.04477 0.065816
0 0.808574 0.736334 0.118814 0.12398
0 0.68318 0.700091 0.018941 0.014978
0 0.662516 0.700255 0.022385 0.015306
6 0.631665 0.712245 0.015497 0.05102
3 0.630804 0.721684 0.013776 0.044388
