0 0.136961 0.403787 0.102355 0.114377
0 0.328998 0.463575 0.17839 0.240886
0 0.056539 0.382125 0.054589 0.050257
0 0.183264 0.382125 0.027295 0.036393
0 0.203735 0.380392 0.033143 0.050257
0 0.244677 0.383858 0.019496 0.025995
0 0.091632 0.367394 0.011698 0.020796
0 0.01511 0.37346 0.018521 0.015597
0 0.400159 0.38819 0.006824 0.027728
0 0.26466 0.377792 0.010723 0.024262
0 0.29098 0.337933 0.043866 0.027728
0 0.31925 0.332734 0.016572 0.020796
0 0.293417 0.266881 0.05264 0.058922
0 0.326561 0.278145 0.017547 0.046791
0 0.337771 0.285944 0.014622 0.041592
0 0.415268 0.389923 0.009748 0.01733
0 0.430865 0.389923 0.011698 0.013864
