0 0.822136 0.724204 0.35162 0.372844
0 0.040542 0.607777 0.049897 0.067916
0 0.270927 0.589065 0.072507 0.119199
0 0.35162 0.589065 0.06705 0.097023
0 0.622547 0.586293 0.06627 0.077618
0 0.560175 0.567582 0.035084 0.045739
0 0.453364 0.564117 0.028847 0.041581
0 0.480651 0.550256 0.014813 0.022177
0 0.401225 0.576195 0.032745 0.055441
0 0.446055 0.541544 0.02105 0.024949
0 0.469444 0.533228 0.011695 0.01386
0 0.482698 0.531149 0.008576 0.015246
0 0.529867 0.561642 0.02183 0.034651
5 0.218008 0.574611 0.007796 0.047125
0 0.314392 0.572433 0.031186 0.062372
