0 0.064711 0.399872 0.127862 0.237012
0 0.149692 0.38809 0.051457 0.088706
0 0.19881 0.38809 0.054575 0.06653
0 0.230385 0.383932 0.025728 0.058214
0 0.247148 0.38809 0.017152 0.041581
0 0.348112 0.385318 0.02105 0.022177
0 0.939863 0.422048 0.119286 0.098409
0 0.841237 0.406109 0.120065 0.099795
0 0.755866 0.397099 0.080303 0.081776
0 0.695054 0.396406 0.064711 0.072074
0 0.649835 0.391555 0.04444 0.054055
0 0.610073 0.389476 0.038203 0.047125
0 0.376569 0.376309 0.017152 0.015246
0 0.360586 0.380467 0.011695 0.020791
0 0.334858 0.383239 0.011695 0.023563
