0 0.556128 0.501701 0.008773 0.019063
0 0.540044 0.504301 0.013647 0.01733
0 0.566607 0.505167 0.015597 0.022529
0 0.575868 0.500835 0.008773 0.013864
0 0.582691 0.504301 0.014622 0.027728
0 0.594389 0.507767 0.018521 0.024262
0 0.60365 0.515565 0.011698 0.036393
0 0.612423 0.512099 0.013647 0.039859
0 0.627533 0.515565 0.039967 0.046791
0 0.765224 0.490003 0.05264 0.043325
0 0.706492 0.527263 0.090657 0.10398
0 0.473757 0.525096 0.017547 0.031194
0 0.462059 0.526829 0.015597 0.038126
0 0.503488 0.517298 0.030219 0.046791
0 0.378713 0.526396 0.034118 0.071053
0 0.313888 0.548059 0.10333 0.121309
0 0.412831 0.550398 0.096506 0.135173
0 0.876157 0.559063 0.245652 0.301541
2 0.149389 0.564955 0.298291 0.285944
