0 0.055149 0.5308 0.106398 0.273051
0 0.119503 0.47741 0.190487 0.215085
2 0.278242 0.441562 0.099534 0.122034
0 0.681955 0.551393 0.189629 0.192203
0 0.58757 0.490376 0.131282 0.158644
0 0.541235 0.465969 0.093528 0.122034
0 0.491897 0.459867 0.037754 0.097627
0 0.46873 0.461393 0.022309 0.045763
0 0.453714 0.451478 0.009439 0.022881
0 0.439985 0.446901 0.009439 0.019831
0 0.432263 0.443851 0.00429 0.019831
0 0.361473 0.446139 0.022309 0.027458
0 0.385499 0.441562 0.012013 0.015254
0 0.426685 0.439274 0.006864 0.010678
