0 0.18742 0.341618 0.064237 0.073414
0 0.394757 0.340599 0.020074 0.038746
0 0.399058 0.331422 0.016059 0.020393
0 0.371241 0.344167 0.039575 0.052002
0 0.337689 0.362521 0.051619 0.076473
0 0.253111 0.421379 0.21512 0.336022
0 0.024819 0.42166 0.048751 0.249811
0 0.469891 0.354364 0.02581 0.072394
0 0.495414 0.368129 0.050472 0.081571
2 0.43003 0.314088 0.040148 0.079532
6 0.424007 0.346207 0.013192 0.039766
6 0.432324 0.346717 0.017206 0.044864
6 0.481075 0.386482 0.037854 0.08361
4 0.422287 0.383423 0.01778 0.053021
4 0.43175 0.395659 0.025236 0.077492
4 0.487384 0.428288 0.041295 0.08565
