0 0.180488 0.354132 0.108371 0.120585
0 0.559396 0.338886 0.064711 0.101181
0 0.442449 0.299384 0.014813 0.022177
0 0.254164 0.327798 0.042101 0.090092
0 0.288859 0.329184 0.025728 0.084548
0 0.314587 0.32364 0.028847 0.079004
0 0.333298 0.312551 0.02261 0.0596
0 0.353569 0.316016 0.02261 0.047125
0 0.372281 0.317402 0.014813 0.036037
0 0.386314 0.315323 0.014813 0.020791
0 0.394111 0.31463 0.013254 0.022177
0 0.400738 0.307007 0.014034 0.018018
0 0.523532 0.327105 0.019491 0.074846
0 0.507939 0.325719 0.014813 0.049897
0 0.494685 0.327105 0.013254 0.044353
0 0.481431 0.32156 0.008576 0.027721
0 0.468567 0.313937 0.020271 0.026335
