0 0.537457 0.436028 0.006889 0.010887
0 0.529419 0.433307 0.007655 0.013609
0 0.524061 0.43807 0.004593 0.012248
0 0.501096 0.443513 0.006124 0.01497
0 0.495354 0.444194 0.005358 0.016331
0 0.489996 0.444874 0.005358 0.017692
0 0.549475 0.429904 0.009186 0.012248
0 0.564747 0.435484 0.010717 0.01497
0 0.576612 0.439567 0.014544 0.025857
0 0.609529 0.44501 0.028323 0.050353
0 0.616418 0.450454 0.032916 0.050353
0 0.653928 0.458619 0.060474 0.088458
0 0.459108 0.451815 0.007655 0.028579
0 0.449157 0.451134 0.012248 0.032661
0 0.443415 0.455897 0.00842 0.025857
0 0.429254 0.455897 0.022965 0.036744
0 0.405906 0.461341 0.029854 0.047631
0 0.28113 0.481754 0.063536 0.088458
0 0.341987 0.487198 0.113294 0.142893
0 0.101641 0.534148 0.170281 0.136089
0 0.721483 0.481754 0.107935 0.126563
5 0.221612 0.467465 0.013013 0.078931
5 0.245725 0.468145 0.012248 0.072127
5 0.135493 0.449093 0.013779 0.034022
5 0.934292 0.415751 0.021434 0.144254
5 0.959553 0.389894 0.026027 0.081653
5 0.956874 0.485497 0.02373 0.162626
5 0.780426 0.447392 0.019903 0.097303
5 0.699794 0.408947 0.00842 0.012248
5 0.687163 0.410988 0.01531 0.02994
5 0.594027 0.442969 0.006124 0.044909
5 0.586372 0.445023 0.007655 0.043522
5 0.887826 0.442969 0.026027 0.148337
5 0.856058 0.446371 0.026792 0.166028
5 0.982442 0.488559 0.032151 0.157863
0 0.555293 0.436437 0.010717 0.01497
0 0.543811 0.442561 0.01531 0.016331
0 0.512272 0.445146 0.018066 0.024224
3 0.210436 0.501759 0.042102 0.047631
0 0.477289 0.449773 0.017606 0.020413
