0 0.467405 0.420114 0.010807 0.011528
0 0.477131 0.422676 0.010087 0.014089
0 0.465964 0.450214 0.033862 0.040987
0 0.481814 0.459179 0.020894 0.04611
0 0.52568 0.463662 0.082688 0.119118
0 0.577997 0.461101 0.025937 0.083254
0 0.591686 0.4912 0.020173 0.058918
0 0.739382 0.498885 0.256487 0.171632
4 0.906891 0.534749 0.057638 0.074288
5 0.083665 0.392027 0.016571 0.034583
5 0.16904 0.429812 0.017291 0.081973
5 0.154991 0.428531 0.020894 0.081973
5 0.103477 0.39715 0.012968 0.039706
5 0.113924 0.417003 0.016571 0.079412
5 0.12221 0.425329 0.021614 0.090939
2 0.349423 0.361957 0.062031 0.05336
