0 0.261155 0.529702 0.009177 0.025491
0 0.275207 0.532251 0.014339 0.022432
2 0.330267 0.527832 0.03728 0.071375
0 0.24248 0.532275 0.032119 0.045884
0 0.369213 0.526643 0.013765 0.019373
0 0.373228 0.538369 0.012618 0.02855
0 0.38011 0.540408 0.014912 0.032628
0 0.389287 0.540408 0.017206 0.042825
0 0.412516 0.536329 0.040722 0.053021
0 0.420832 0.544486 0.034413 0.048943
0 0.434024 0.551114 0.028677 0.054041
0 0.466716 0.553663 0.061943 0.079532
0 0.342543 0.548055 0.052193 0.080551
0 0.190267 0.537349 0.019501 0.042825
0 0.173921 0.542447 0.022368 0.044864
0 0.155854 0.544486 0.028677 0.053021
0 0.134633 0.545506 0.030971 0.059139
0 0.119434 0.550094 0.030398 0.060159
0 0.063857 0.553153 0.089473 0.107062
0 0.862613 0.559781 0.112415 0.081571
0 0.908497 0.631156 0.181241 0.285498
