5 0.70023 0.394218 0.013184 0.065625
5 0.791856 0.418828 0.030322 0.133594
5 0.815586 0.412968 0.030322 0.121875
5 0.841294 0.409453 0.031641 0.128906
5 0.927646 0.427031 0.046143 0.107812
5 0.90062 0.437578 0.034277 0.100781
0 0.511045 0.378984 0.025049 0.035156
0 0.565757 0.393047 0.050098 0.086719
0 0.615195 0.398906 0.040869 0.060937
0 0.519615 0.391875 0.02373 0.046875
0 0.110923 0.375468 0.026367 0.028125
0 0.066758 0.367265 0.019775 0.025781
0 0.184092 0.369609 0.035596 0.030469
0 0.335704 0.373125 0.019775 0.01875
1 0.230894 0.36375 0.063281 0.051562
0 0.368003 0.371953 0.018457 0.016406
0 0.385142 0.373125 0.01582 0.023437
5 0.66002 0.375468 0.009229 0.065625
