0 0.331715 0.289137 0.017551 0.024961
0 0.289007 0.298498 0.030422 0.039522
0 0.236354 0.290177 0.014041 0.022881
0 0.219388 0.298498 0.024571 0.047843
0 0.205347 0.299538 0.026912 0.045763
0 0.181361 0.302658 0.032762 0.039522
0 0.156789 0.304738 0.025742 0.043683
0 0.143334 0.303698 0.022231 0.045763
0 0.111157 0.302658 0.049143 0.060324
0 0.064939 0.301618 0.054993 0.066564
0 0.532265 0.303005 0.017551 0.033282
0 0.551103 0.307165 0.016381 0.037442
0 0.558709 0.306125 0.015211 0.047843
0 0.573919 0.307165 0.022231 0.049923
0 0.587375 0.314446 0.030422 0.047843
0 0.615457 0.318606 0.032762 0.052003
0 0.641198 0.321726 0.046803 0.083205
0 0.67513 0.33074 0.067864 0.087365
0 0.453987 0.299538 0.021061 0.029122
0 0.477974 0.313059 0.050313 0.076965
1 0.50547 0.285324 0.025742 0.052003
0 0.250863 0.304738 0.044463 0.056163
0 0.02305 0.315139 0.046101 0.064484
0 0.916555 0.294584 0.165346 0.555259
