0 0.474171 0.476349 0.014041 0.022881
0 0.482946 0.474268 0.010531 0.018721
0 0.489967 0.474268 0.012871 0.022881
0 0.516293 0.477389 0.009361 0.016641
0 0.502253 0.471148 0.016381 0.029122
0 0.575967 0.480509 0.014041 0.018721
0 0.590593 0.477389 0.022231 0.029122
0 0.662406 0.48452 0.031592 0.052003
0 0.681127 0.4814 0.029252 0.041602
0 0.699263 0.48244 0.030422 0.052003
0 0.72676 0.486601 0.045633 0.060324
0 0.828556 0.516762 0.209443 0.17057
0 0.40031 0.4814 0.022231 0.024961
0 0.368133 0.48244 0.032762 0.035362
0 0.324841 0.485561 0.056163 0.054083
0 0.285058 0.490761 0.032762 0.056163
0 0.218949 0.488681 0.108817 0.110247
0 0.078175 0.519883 0.156351 0.201772
5 0.524338 0.47412 0.00819 0.027042
