5 0.100322 0.407217 0.015077 0.068041
5 0.131637 0.409278 0.008119 0.047423
5 0.121198 0.409278 0.010438 0.047423
5 0.11308 0.403093 0.010438 0.051546
5 0.088724 0.402062 0.008119 0.03299
6 0.852449 0.535052 0.046392 0.16701
3 0.852144 0.583093 0.062629 0.131959
0 0.539884 0.429897 0.008119 0.018557
0 0.548003 0.43299 0.012758 0.020619
0 0.606572 0.456701 0.018557 0.030928
0 0.531186 0.429897 0.011598 0.026804
0 0.510889 0.42268 0.012758 0.012371
0 0.517268 0.442268 0.020876 0.030928
0 0.494072 0.43299 0.032474 0.061856
0 0.573518 0.475258 0.063789 0.105155
2 0.431443 0.427835 0.060309 0.072165
1 0.252255 0.386598 0.047552 0.035052
0 0.384472 0.406186 0.033634 0.028866
0 0.360696 0.409278 0.016237 0.018557
0 0.342719 0.406186 0.017397 0.016495
0 0.326482 0.409278 0.015077 0.014433
0 0.305026 0.405155 0.020876 0.010309
0 0.251675 0.412371 0.046392 0.037113
0 0.288209 0.405155 0.012758 0.014433
0 0.041173 0.403093 0.082345 0.080412
0 0.70506 0.50014 0.076357 0.084816
0 0.757925 0.473196 0.026675 0.035052
0 0.778298 0.506022 0.078714 0.088333
0 0.851753 0.515464 0.120619 0.107217
0 0.934098 0.55567 0.127577 0.162887
5 0.102642 0.382474 0.008119 0.026804
