5 0.293007 0.444994 0.011937 0.035913
5 0.30173 0.449075 0.009182 0.050605
5 0.706026 0.453972 0.011937 0.057134
5 0.909597 0.448749 0.016528 0.063664
5 0.946326 0.456094 0.027547 0.068561
5 0.310269 0.453809 0.010101 0.048972
5 0.321288 0.45136 0.010101 0.053869
5 0.345621 0.454625 0.011019 0.053869
5 0.382626 0.449728 0.008264 0.034281
0 0.155436 0.559218 0.310871 0.388513
2 0.609245 0.435036 0.03122 0.048972
0 0.615213 0.448912 0.017446 0.031016
0 0.633119 0.445647 0.020201 0.04081
2 0.671684 0.426058 0.058767 0.089782
0 0.636792 0.452993 0.018365 0.035913
2 0.500894 0.344438 0.194664 0.496252
