5 0.877175 0.449307 0.014041 0.045763
5 0.866059 0.449307 0.015211 0.049923
5 0.842658 0.451387 0.017551 0.083205
0 0.658957 0.444107 0.022231 0.031202
0 0.601623 0.454507 0.015211 0.027042
1 0.510943 0.435786 0.030422 0.039522
1 0.492807 0.434746 0.010531 0.037442
1 0.476426 0.436826 0.017551 0.024961
1 0.15543 0.385863 0.310861 0.459708
0 0.55482 0.485709 0.090095 0.143529
5 0.749637 0.458668 0.016381 0.072804
5 0.915787 0.444107 0.011701 0.060324
5 0.9661 0.450347 0.009361 0.060324
0 0.95791 0.432666 0.046803 0.070724
0 0.513868 0.448267 0.015211 0.039522
