5 0.124029 0.517097 0.011203 0.064015
0 0.080497 0.527055 0.018248 0.038409
0 0.141233 0.514963 0.053612 0.048367
0 0.367285 0.502872 0.019204 0.024183
0 0.232054 0.512118 0.048011 0.062592
0 0.34528 0.498604 0.010402 0.024183
0 0.335678 0.504294 0.015204 0.021338
0 0.325275 0.499315 0.010402 0.022761
0 0.317273 0.502872 0.020005 0.029874
0 0.200846 0.524921 0.062414 0.071128
0 0.288867 0.516386 0.064015 0.068282
0 0.424098 0.495048 0.009602 0.025606
0 0.444103 0.488646 0.033608 0.06117
0 0.449304 0.497893 0.015204 0.042677
0 0.473476 0.50216 0.039543 0.071128
4 0.493314 0.503583 0.063215 0.065437
5 0.557329 0.48509 0.016804 0.068282
0 0.955821 0.449526 0.08722 0.108114
2 0.399692 0.476554 0.039209 0.085353
