0 0.471494 0.580546 0.017139 0.025781
0 0.461607 0.586406 0.018457 0.046875
0 0.401621 0.615703 0.035596 0.096094
0 0.338999 0.625078 0.113379 0.171094
0 0.257261 0.674296 0.203027 0.213281
0 0.528184 0.587578 0.014502 0.021094
0 0.56312 0.58875 0.00791 0.028125
0 0.57103 0.591093 0.013184 0.032812
0 0.586851 0.595781 0.02373 0.032812
0 0.627061 0.606328 0.040869 0.049219
0 0.544004 0.593437 0.025049 0.0375
0 0.435899 0.598125 0.035596 0.051562
0 0.117425 0.748124 0.234849 0.501562
0 0.847886 0.708281 0.303222 0.58125
0 0.494566 0.580312 0.013184 0.01875
