0 0.30935 0.44737 0.020487 0.029137
0 0.297741 0.45344 0.019121 0.026709
0 0.213062 0.466794 0.030047 0.038849
0 0.184381 0.474079 0.032779 0.043705
2 0.27796 0.446265 0.040118 0.061132
0 0.449343 0.444942 0.021853 0.048561
0 0.561337 0.43523 0.038242 0.053417
0 0.649089 0.451012 0.068289 0.104407
0 0.712598 0.455868 0.111994 0.123831
0 0.024072 0.513361 0.043705 0.082554
0 0.01656 0.525501 0.031413 0.092266
0 0.810763 0.484224 0.166626 0.145684
0 0.501413 0.445375 0.091507 0.17482
0 0.155016 0.483589 0.055997 0.050989
0 0.24789 0.465378 0.034145 0.035612
0 0.389931 0.433409 0.012292 0.016996
0 0.607774 0.339119 0.019121 0.014568
