0 0.067418 0.510234 0.031641 0.058594
0 0.358116 0.490312 0.014502 0.023437
0 0.350205 0.493828 0.011865 0.021094
0 0.337681 0.495 0.01582 0.023437
0 0.325816 0.495 0.018457 0.032812
0 0.300767 0.486797 0.031641 0.049219
0 0.28231 0.503203 0.034277 0.053906
0 0.244078 0.50789 0.055371 0.063281
0 0.482041 0.490312 0.009229 0.023437
0 0.489292 0.490312 0.010547 0.023437
0 0.498521 0.492656 0.013184 0.028125
0 0.509068 0.495 0.018457 0.028125
0 0.522251 0.504375 0.01582 0.023437
0 0.532139 0.504375 0.017139 0.032812
0 0.542686 0.502031 0.022412 0.0375
0 0.553233 0.509062 0.019775 0.0375
0 0.57103 0.514922 0.026367 0.049219
0 0.938853 0.497343 0.047461 0.065625
1 0.400962 0.477422 0.01582 0.035156
1 0.381846 0.47625 0.022412 0.046875
0 0.37064 0.493828 0.01582 0.030469
0 0.607285 0.518437 0.059326 0.060937
0 0.885459 0.505547 0.077783 0.082031
2 0.170909 0.504375 0.09624 0.107812
0 0.43458 0.491484 0.019775 0.021094
