0 0.463611 0.428889 0.020084 0.034005
0 0.415313 0.43909 0.026779 0.040806
0 0.396664 0.43994 0.021997 0.042506
0 0.531037 0.422088 0.009564 0.030605
0 0.541079 0.419537 0.02391 0.049307
0 0.54873 0.427189 0.027735 0.047607
0 0.587942 0.419537 0.033474 0.059509
0 0.484891 0.428889 0.008608 0.020403
0 0.268507 0.476496 0.065035 0.085013
0 0.382796 0.444191 0.027735 0.057809
2 0.470545 0.417837 0.022953 0.045907
0 0.335455 0.465444 0.090857 0.110516
0 0.507366 0.43569 0.046863 0.074811
0 0.621177 0.428039 0.048776 0.06971
0 0.566184 0.43654 0.043994 0.062909
0 0.445679 0.43399 0.032517 0.051008
0 0.960457 0.389783 0.04782 0.054408
0 0.809108 0.484572 0.285005 0.309446
0 0.104452 0.554282 0.208903 0.255038
