0 0.040824 0.498543 0.078927 0.05315
0 0.127958 0.453898 0.059793 0.044646
2 0.249338 0.438165 0.21406 0.187512
0 0.360554 0.436252 0.008371 0.046772
0 0.370121 0.445394 0.013155 0.027638
0 0.387461 0.446882 0.021526 0.02126
0 0.400615 0.438378 0.011959 0.012756
1 0.426326 0.425197 0.032288 0.038268
0 0.408986 0.437953 0.009567 0.02126
2 0.441275 0.424134 0.019134 0.036142
2 0.46878 0.425197 0.01435 0.029764
0 0.530367 0.439016 0.037072 0.046772
0 0.539336 0.431575 0.016742 0.036142
0 0.55249 0.424134 0.019134 0.025512
0 0.566243 0.423071 0.013155 0.014882
0 0.584779 0.429449 0.028701 0.044646
0 0.603913 0.414567 0.01435 0.019134
0 0.617067 0.41563 0.009567 0.02126
0 0.64816 0.41563 0.01435 0.017008
0 0.660716 0.411378 0.013155 0.017008
0 0.680448 0.408189 0.016742 0.023386
0 0.693005 0.414567 0.015546 0.03189
0 0.709747 0.410315 0.022721 0.03189
0 0.728283 0.413504 0.021526 0.029764
0 0.802591 0.392032 0.021526 0.034016
0 0.923971 0.422008 0.084907 0.065906
0 0.974796 0.403937 0.047835 0.051024
