0 0.260809 0.478221 0.052653 0.076965
0 0.208155 0.46782 0.045633 0.064484
0 0.305271 0.443899 0.033932 0.029122
0 0.330428 0.436618 0.018721 0.031202
0 0.349734 0.435578 0.017551 0.029122
0 0.37489 0.426218 0.016381 0.027042
0 0.388346 0.431418 0.022231 0.033282
0 0.489557 0.500062 0.058504 0.083205
0 0.605394 0.527104 0.16615 0.178891
0 0.117007 0.532512 0.231674 0.291217
0 0.367402 0.624384 0.365062 0.377889
0 0.792333 0.697882 0.413035 0.451387
2 0.458375 0.400424 0.087755 0.133128
0 0.413327 0.424345 0.035102 0.056163
