0 0.345082 0.447112 0.007798 0.020796
0 0.35678 0.439313 0.019496 0.025995
0 0.324611 0.439313 0.009748 0.025995
0 0.3173 0.441913 0.014622 0.027728
0 0.311939 0.456643 0.011698 0.043325
0 0.293905 0.449711 0.028269 0.060655
0 0.287081 0.462709 0.032169 0.072786
0 0.269047 0.467908 0.040942 0.083184
0 0.244677 0.480905 0.05069 0.119576
0 0.166205 0.511233 0.164743 0.239153
0 0.096506 0.599615 0.193012 0.363928
0 0.374814 0.443646 0.012673 0.020796
0 0.386999 0.44018 0.011698 0.027728
0 0.397722 0.447978 0.019496 0.025995
0 0.553203 0.478306 0.106254 0.131707
0 0.616566 0.505167 0.143297 0.129974
0 0.791544 0.562356 0.284644 0.216624
0 0.944101 0.643806 0.108204 0.258216
