0 0.41216 0.523504 0.051791 0.083937
0 0.943322 0.594957 0.110782 0.177095
0 0.855209 0.573378 0.155463 0.125433
0 0.931146 0.53511 0.027505 0.027638
0 0.801395 0.539362 0.038268 0.044646
0 0.747581 0.564874 0.098061 0.087165
0 0.691375 0.546803 0.093278 0.093543
0 0.788838 0.525543 0.051422 0.012756
0 0.633376 0.547866 0.049031 0.05315
0 0.618427 0.520228 0.031093 0.027638
0 0.529933 0.523417 0.01435 0.034016
0 0.441439 0.515977 0.016742 0.019134
0 0.460573 0.514914 0.011959 0.017008
0 0.475521 0.514914 0.02033 0.02126
0 0.497645 0.527669 0.016742 0.025512
0 0.513191 0.519165 0.01435 0.025512
