0 0.516827 0.437143 0.034094 0.062449
0 0.548338 0.44449 0.026862 0.047755
0 0.571585 0.44449 0.032028 0.058775
0 0.603613 0.449082 0.05889 0.060612
0 0.672318 0.454592 0.121913 0.086327
0 0.788342 0.479388 0.193201 0.150612
0 0.478683 0.425147 0.040293 0.058775
0 0.427025 0.425147 0.036161 0.058775
0 0.236422 0.428571 0.040293 0.044082
0 0.333539 0.426735 0.044426 0.051429
0 0.36815 0.39 0.014464 0.025714
0 0.11933 0.441735 0.068189 0.07898
0 0.049353 0.459184 0.096561 0.09551
0 0.286703 0.392143 0.016531 0.023878
0 0.391229 0.395207 0.019673 0.025648
0 0.403033 0.408031 0.01705 0.027979
0 0.313849 0.362565 0.014427 0.020984
