5 0.033578 0.629082 0.013776 0.070408
5 0.023677 0.634439 0.011193 0.065816
5 0.170989 0.613776 0.009643 0.052041
5 0.187003 0.612245 0.012054 0.04898
5 0.013345 0.636429 0.014636 0.07102
5 0.003444 0.643011 0.006888 0.062755
5 0.07964 0.627704 0.01808 0.081122
5 0.177188 0.607806 0.012054 0.062755
5 0.68361 0.583929 0.020663 0.087245
5 0.642929 0.584694 0.012915 0.070408
5 0.631306 0.572449 0.006888 0.039796
5 0.621405 0.582398 0.012915 0.062755
5 0.608275 0.57597 0.009471 0.049898
5 0.665745 0.580868 0.010332 0.071939
5 0.669619 0.581633 0.012915 0.070408
5 0.577926 0.565561 0.006888 0.02602
5 0.601818 0.571837 0.00861 0.045918
0 0.417312 0.57551 0.016358 0.027551
0 0.439697 0.573215 0.014636 0.022959
0 0.461222 0.567092 0.016358 0.019898
0 0.474136 0.569388 0.011193 0.021429
0 0.523556 0.573674 0.01567 0.028163
0 0.455883 0.580255 0.028412 0.035204
0 0.485587 0.571072 0.017219 0.032143
3 0.501429 0.571684 0.005166 0.013776
6 0.501429 0.564031 0.006888 0.010714
0 0.507628 0.565561 0.010332 0.013776
0 0.493422 0.564031 0.012915 0.022959
0 0.514946 0.573215 0.014636 0.019898
0 0.284809 0.602449 0.087819 0.076531
0 0.377105 0.60551 0.096429 0.146939
0 0.542841 0.572602 0.033578 0.059694
