0 0.404801 0.515551 0.010763 0.014882
0 0.39045 0.511299 0.017938 0.019134
0 0.366533 0.515551 0.02033 0.027638
0 0.350389 0.51874 0.016742 0.029764
0 0.331853 0.522992 0.015546 0.025512
0 0.295379 0.517677 0.023917 0.027638
0 0.26907 0.522992 0.021526 0.025512
0 0.149483 0.530433 0.050226 0.048898
0 0.106432 0.535748 0.045443 0.046772
0 0.036474 0.542126 0.063381 0.051024
0 0.243359 0.528307 0.037072 0.027638
0 0.420945 0.511299 0.009567 0.014882
0 0.432306 0.514488 0.010763 0.017008
0 0.442471 0.516614 0.009567 0.017008
0 0.002755 0.547672 0.005509 0.052237
