0 0.103276 0.543358 0.201931 0.240168
0 0.159447 0.454875 0.027019 0.032865
0 0.191443 0.463724 0.054038 0.070786
0 0.866917 0.494061 0.056882 0.070786
0 0.758521 0.467191 0.028441 0.070786
0 0.725103 0.467191 0.046928 0.055618
0 0.691685 0.463399 0.039817 0.05309
0 0.655423 0.459607 0.046928 0.045506
0 0.62556 0.450758 0.032707 0.042978
0 0.589297 0.44823 0.01422 0.022753
0 0.581476 0.445702 0.015643 0.027809
0 0.5701 0.44191 0.012798 0.030337
0 0.298488 0.45455 0.027019 0.030337
0 0.318397 0.44823 0.018487 0.032865
0 0.331906 0.449494 0.017065 0.035393
0 0.343283 0.452022 0.019909 0.030337
0 0.373857 0.443174 0.018487 0.017697
0 0.407275 0.440646 0.01422 0.01264
0 0.425762 0.44191 0.01422 0.015169
0 0.247614 0.454875 0.012798 0.032865
