0 0.43332 0.301086 0.007993 0.015987
0 0.424827 0.302862 0.010991 0.023092
0 0.418333 0.305526 0.013988 0.021316
0 0.411838 0.310855 0.012989 0.031974
0 0.392854 0.314646 0.032973 0.043108
0 0.36138 0.314408 0.03597 0.053289
0 0.320413 0.311743 0.061949 0.087039
0 0.302928 0.326842 0.068943 0.085263
0 0.230487 0.345493 0.125896 0.126118
0 0.443812 0.300197 0.004996 0.017763
0 0.454303 0.302862 0.005995 0.015987
0 0.464295 0.299309 0.009992 0.019539
0 0.471289 0.30375 0.013988 0.024868
0 0.475785 0.309967 0.012989 0.030197
0 0.489274 0.312632 0.015987 0.042632
0 0.512255 0.317072 0.037969 0.058618
5 0.546228 0.312632 0.009992 0.039079
5 0.565711 0.310855 0.006994 0.039079
