0 0.351952 0.636461 0.030605 0.034005
0 0.339997 0.648363 0.031561 0.040806
0 0.288512 0.636461 0.084163 0.081612
0 0.25456 0.649213 0.104247 0.096914
0 0.207697 0.665366 0.1272 0.13602
0 0.126244 0.681291 0.158761 0.188728
0 0.504975 0.643546 0.024866 0.035705
0 0.524103 0.650347 0.015302 0.035705
0 0.551838 0.654597 0.042081 0.051008
0 0.608265 0.667349 0.070773 0.06971
0 0.696254 0.686902 0.107116 0.108816
0 0.83509 0.709005 0.17502 0.159824
0 0.412683 0.627393 0.01052 0.010202
0 0.04495 0.746411 0.089901 0.229534
0 0.968825 0.778716 0.062165 0.188728
0 0.395946 0.637595 0.024866 0.037406
5 0.375862 0.637595 0.009564 0.040806
0 0.461459 0.632494 0.021041 0.022103
