5 0.23715 0.468533 0.034893 0.192624
5 0.140736 0.453025 0.029383 0.148549
5 0.313867 0.493529 0.047748 0.253023
5 0.252346 0.417622 0.018365 0.117533
5 0.808792 0.476389 0.053257 0.192624
5 0.689423 0.508221 0.060603 0.275877
5 0.703196 0.507405 0.060603 0.290568
5 0.554902 0.501691 0.050503 0.256288
5 0.536079 0.478838 0.023874 0.106106
5 0.502563 0.491897 0.059685 0.171403
5 0.467671 0.472308 0.030302 0.236699
5 0.353351 0.435579 0.016528 0.071826
5 0.08431 0.431572 0.014692 0.058767
5 0.062732 0.425859 0.013773 0.063664
5 0.011311 0.482177 0.019283 0.120798
0 0.784459 0.446264 0.063358 0.114268
0 0.760585 0.479876 0.074377 0.155079
0 0.836298 0.436618 0.035811 0.058767
0 0.874404 0.462736 0.099169 0.114268
0 0.919397 0.513192 0.156099 0.205683
