5 0.603051 0.421941 0.012342 0.054008
0 0.368829 0.416154 0.010443 0.020253
0 0.358386 0.417842 0.012342 0.023629
0 0.34462 0.422905 0.018987 0.027004
0 0.302848 0.433876 0.018987 0.032067
0 0.39019 0.410247 0.011392 0.021941
0 0.420569 0.413622 0.009494 0.018565
0 0.400158 0.412939 0.012342 0.020253
0 0.412025 0.416315 0.011392 0.020253
0 0.323734 0.431505 0.036076 0.064135
0 0.459493 0.425598 0.041772 0.069198
0 0.531645 0.43488 0.053165 0.070886
0 0.146333 0.461603 0.121519 0.136709
0 0.052346 0.475105 0.10443 0.177215
0 0.853421 0.600422 0.288607 0.48692
0 0.435126 0.418003 0.009494 0.023629
