0 0.422542 0.406516 0.017551 0.020801
0 0.438338 0.403396 0.016381 0.027042
0 0.452963 0.400275 0.024571 0.037442
0 0.476365 0.403396 0.038612 0.064484
0 0.490991 0.412756 0.042123 0.070724
0 0.372229 0.404436 0.024571 0.033282
0 0.348242 0.402356 0.028082 0.041602
0 0.327181 0.395075 0.023401 0.047843
0 0.306705 0.395075 0.036272 0.060324
0 0.260487 0.408596 0.049143 0.062404
0 0.112473 0.409636 0.1603 0.17265
0 0.033128 0.434597 0.066255 0.17265
0 0.523168 0.420037 0.080735 0.118567
0 0.211929 0.391955 0.033932 0.037442
