0 0.415547 0.495 0.010547 0.035625
0 0.381269 0.488437 0.007383 0.0225
0 0.293203 0.50625 0.023203 0.031875
0 0.437695 0.499687 0.031641 0.0375
0 0.489902 0.493125 0.007383 0.016875
0 0.497812 0.49125 0.014766 0.024375
0 0.503613 0.495937 0.01582 0.02625
0 0.510996 0.49875 0.011602 0.028125
0 0.520488 0.499687 0.020039 0.03375
0 0.533672 0.499687 0.023203 0.03
0 0.544219 0.501562 0.014766 0.03375
0 0.16784 0.501 0.092812 0.045
0 0.076082 0.51225 0.080156 0.04875
0 0.273764 0.502875 0.026512 0.045
0 0.331317 0.491625 0.016875 0.03
0 0.395125 0.499125 0.026367 0.04125
0 0.480555 0.501937 0.022148 0.035625
0 0.558602 0.503812 0.028477 0.035625
0 0.343301 0.492187 0.013711 0.024375
