0 0.426489 0.451172 0.009229 0.01875
0 0.423852 0.457031 0.006592 0.025781
0 0.420556 0.455859 0.00791 0.028125
0 0.413305 0.455859 0.014502 0.051562
0 0.402099 0.460547 0.01582 0.051562
0 0.382324 0.46289 0.039551 0.070312
0 0.352002 0.472265 0.055371 0.079687
0 0.285425 0.476953 0.085693 0.178125
0 0.460766 0.454687 0.009229 0.021094
0 0.468676 0.453515 0.011865 0.023437
0 0.476587 0.455859 0.011865 0.032812
0 0.483838 0.460547 0.01582 0.0375
0 0.493066 0.460547 0.018457 0.042187
0 0.511523 0.464062 0.036914 0.053906
0 0.518774 0.476953 0.022412 0.060937
0 0.533276 0.479297 0.038232 0.070312
0 0.559643 0.483984 0.048779 0.107812
0 0.609741 0.496875 0.09624 0.133594
0 0.741758 0.524062 0.238623 0.276562
0 0.184751 0.494765 0.218848 0.250781
0 0.043596 0.463125 0.087193 0.107812
0 0.883481 0.610781 0.232031 0.54375
