0 0.485683 0.348 0.013711 0.03375
0 0.493594 0.352687 0.016875 0.020625
0 0.507305 0.348937 0.014766 0.031875
0 0.524707 0.35175 0.026367 0.04875
0 0.544219 0.3555 0.029531 0.04875
0 0.339609 0.369562 0.025312 0.050625
2 0.32959 0.347062 0.022148 0.035625
0 0.757814 0.416894 0.143437 0.103125
0 0.808966 0.425332 0.125508 0.10875
2 0.827929 0.3375 0.086484 0.04875
2 0.659945 0.356794 0.146221 0.083588
2 0.628066 0.34125 0.104414 0.0825
0 0.393926 0.41625 0.125508 0.17625
0 0.084375 0.436875 0.16875 0.25125
0 0.90334 0.473437 0.064336 0.103125
0 0.795931 0.349198 0.071161 0.025995
0 0.890974 0.436714 0.216407 0.142105
2 0.665306 0.162035 0.039967 0.029461
2 0.681391 0.369994 0.130624 0.102247
2 0.726232 0.39079 0.134523 0.098781
2 0.961648 0.476573 0.069211 0.155969
