0 0.084611 0.542764 0.169221 0.276657
0 0.190868 0.492841 0.054993 0.072804
0 0.252033 0.517951 0.119347 0.112327
0 0.307875 0.47828 0.024571 0.035362
0 0.344732 0.500121 0.072544 0.079045
0 0.396215 0.492841 0.042123 0.060324
0 0.373399 0.454359 0.024571 0.016641
0 0.412596 0.4762 0.011701 0.027042
0 0.435997 0.47724 0.035102 0.058243
0 0.458814 0.465799 0.017551 0.018721
0 0.504446 0.466839 0.012871 0.016641
0 0.548909 0.467879 0.015211 0.027042
0 0.526678 0.495961 0.043293 0.066564
0 0.526678 0.457479 0.012871 0.010401
0 0.637895 0.471148 0.017551 0.014561
0 0.72097 0.475309 0.024571 0.022881
0 0.777134 0.466988 0.045633 0.022881
0 0.856114 0.471148 0.042123 0.039522
0 0.823937 0.468028 0.022231 0.024961
0 0.905256 0.480509 0.065524 0.062404
0 0.977801 0.481549 0.042123 0.064484
