0 0.509727 0.345 0.011865 0.023437
0 0.519615 0.333281 0.01582 0.01875
0 0.526206 0.319219 0.013184 0.009375
0 0.501157 0.328594 0.01582 0.01875
0 0.480723 0.330937 0.017139 0.014062
0 0.461607 0.32625 0.01582 0.01875
0 0.437217 0.327422 0.014502 0.025781
0 0.498521 0.360234 0.02373 0.049219
0 0.576963 0.352031 0.009229 0.01875
0 0.596079 0.352031 0.036914 0.028125
0 0.594102 0.380156 0.022412 0.060937
0 0.613877 0.391875 0.051416 0.084375
0 0.646836 0.416484 0.07251 0.110156
0 0.373936 0.360234 0.027686 0.058594
0 0.409532 0.36375 0.056689 0.089062
0 0.155748 0.394218 0.158203 0.164062
0 0.729893 0.439922 0.151611 0.166406
0 0.544004 0.39539 0.083057 0.138281
0 0.462925 0.378984 0.060644 0.096094
0 0.327134 0.396562 0.100195 0.121875
0 0.059417 0.466875 0.118834 0.257812
