0 0.420078 0.369609 0.022412 0.035156
0 0.403599 0.377812 0.021094 0.032812
0 0.385801 0.374297 0.025049 0.044531
0 0.371958 0.377812 0.021094 0.042187
0 0.354161 0.380156 0.027686 0.05625
0 0.472813 0.362578 0.014502 0.021094
0 0.57169 0.369609 0.017139 0.030469
0 0.584214 0.366093 0.01582 0.023437
0 0.594102 0.366093 0.025049 0.0375
0 0.638926 0.386015 0.030322 0.049219
0 0.663975 0.394218 0.048779 0.060937
0 0.197935 0.411797 0.071191 0.100781
0 0.116856 0.42 0.122607 0.140625
0 0.441831 0.367265 0.021094 0.025781
0 0.606626 0.378984 0.031641 0.035156
0 0.705503 0.40125 0.060644 0.079687
0 0.323179 0.388359 0.050098 0.058594
0 0.521592 0.408281 0.114697 0.1875
0 0.034459 0.425859 0.068555 0.171094
