0 0.374691 0.515593 0.013729 0.030508
0 0.356672 0.506441 0.03089 0.051864
0 0.334363 0.517881 0.020593 0.028983
0 0.302615 0.50339 0.049767 0.061017
0 0.26958 0.509491 0.0266 0.042712
0 0.213807 0.507966 0.093528 0.094576
0 0.081238 0.494237 0.080657 0.085424
0 0.12886 0.501102 0.098676 0.083898
0 0.445909 0.499576 0.044619 0.080847
0 0.561317 0.506441 0.023167 0.03661
0 0.567323 0.527797 0.031748 0.061017
2 0.613658 0.521695 0.084947 0.103729
2 0.821878 0.546864 0.321769 0.419491
0 0.660851 0.555254 0.038612 0.10678
5 0.981905 0.628474 0.034322 0.32339
0 0.506296 0.512978 0.097818 0.18
0 0.406762 0.517554 0.065212 0.091525
0 0.017933 0.492712 0.035867 0.10983
