5 0.255568 0.495508 0.014034 0.081776
6 0.981671 0.60154 0.035084 0.171869
3 0.982061 0.641735 0.034304 0.113655
0 0.960231 0.519071 0.077965 0.189887
0 0.964129 0.813166 0.070168 0.259701
0 0.929435 0.500359 0.136438 0.152464
0 0.934113 0.624409 0.074066 0.137218
0 0.132637 0.516299 0.2643 0.231468
0 0.666694 0.654902 0.566802 0.558573
0 0.400543 0.490657 0.014813 0.018018
0 0.38378 0.474717 0.020271 0.016632
0 0.38534 0.494122 0.018711 0.033265
0 0.412627 0.490657 0.020271 0.009702
0 0.329985 0.494122 0.031186 0.052669
0 0.359222 0.505903 0.050677 0.062372
0 0.320239 0.507982 0.017932 0.049897
0 0.268003 0.502438 0.019491 0.055441
0 0.290613 0.507982 0.047558 0.06653
0 0.3409 0.600847 0.15437 0.202361
