0 0.082998 0.393094 0.117777 0.099566
0 0.046759 0.360149 0.093069 0.074675
0 0.246898 0.362346 0.073302 0.079067
0 0.401326 0.350632 0.062595 0.076139
0 0.484511 0.352828 0.056006 0.080531
0 0.574697 0.347704 0.061771 0.067354
0 0.840726 0.366006 0.317092 0.3968
0 0.536811 0.332329 0.025532 0.036605
0 0.522398 0.326473 0.004942 0.02782
0 0.511691 0.322812 0.008236 0.020499
0 0.456097 0.324276 0.012354 0.023427
0 0.441271 0.327937 0.014001 0.02782
0 0.347379 0.350632 0.058477 0.05564
2 0.629468 0.31183 0.07742 0.136171
