0 0.092643 0.585555 0.183701 0.347381
0 0.201459 0.568914 0.087755 0.143529
0 0.261133 0.549153 0.076055 0.108166
0 0.357079 0.555393 0.113497 0.145609
0 0.415582 0.547073 0.033932 0.095686
5 0.612154 0.49819 0.019891 0.047843
5 0.598698 0.49923 0.00702 0.033282
5 0.590508 0.485709 0.00702 0.018721
5 0.581732 0.482589 0.010531 0.024961
0 0.557746 0.568914 0.126368 0.16017
0 0.474086 0.525231 0.052653 0.089445
0 0.75528 0.521071 0.036272 0.047843
0 0.800913 0.527728 0.052653 0.081957
0 0.863512 0.518783 0.060844 0.095686
