0 0.276059 0.701536 0.351006 0.454047
0 0.867443 0.761023 0.263596 0.456475
0 0.865395 0.582561 0.218525 0.133543
0 0.932318 0.521859 0.133847 0.016996
0 0.626382 0.620196 0.243109 0.203957
0 0.698086 0.566778 0.124286 0.145684
0 0.767741 0.563136 0.06146 0.089838
0 0.507559 0.55828 0.090142 0.084982
0 0.577214 0.501221 0.1038 0.053417
0 0.452928 0.544926 0.084679 0.082554
0 0.401711 0.534 0.028681 0.080126
0 0.306789 0.47087 0.092873 0.026709
0 0.195478 0.504863 0.023218 0.050989
0 0.181137 0.506077 0.024584 0.043705
0 0.163382 0.514575 0.043705 0.050989
0 0.136066 0.504863 0.043705 0.055845
0 0.107385 0.503649 0.038242 0.048561
0 0.057534 0.493937 0.050534 0.067986
0 0.013146 0.486652 0.010926 0.029137
0 0.026121 0.491509 0.00956 0.024281
0 0.034998 0.491509 0.010926 0.024281
2 0.183186 0.467228 0.058729 0.043705
