0 0.496291 0.269832 0.010683 0.014243
0 0.473591 0.26271 0.013353 0.028487
0 0.458902 0.268645 0.016024 0.035608
0 0.440876 0.278141 0.0227 0.049852
0 0.387463 0.285262 0.078783 0.116321
0 0.128858 0.419387 0.255045 0.370327
0 0.522775 0.27181 0.017359 0.021365
0 0.541469 0.262315 0.02003 0.030861
0 0.563502 0.265876 0.021365 0.056973
0 0.593324 0.274975 0.034718 0.073591
0 0.62871 0.277349 0.081454 0.102077
0 0.801633 0.296736 0.253709 0.29911
0 0.889096 0.455787 0.220327 0.351336
0 0.3207 0.271345 0.049195 0.071761
0 0.262044 0.2848 0.065594 0.067276
0 0.173114 0.298256 0.107221 0.094186
