0 0.455441 0.510127 0.010101 0.016324
0 0.468756 0.504414 0.018365 0.034281
0 0.480234 0.514208 0.022956 0.037545
0 0.503189 0.516657 0.037647 0.048972
0 0.528441 0.52237 0.029383 0.060399
0 0.356273 0.510127 0.017446 0.029383
0 0.346172 0.512576 0.01561 0.027751
0 0.329644 0.517473 0.026629 0.034281
0 0.307607 0.51584 0.023874 0.050605
0 0.555528 0.532981 0.059685 0.073458
0 0.282355 0.521962 0.044993 0.058767
0 0.382672 0.512167 0.022037 0.029383
0 0.407464 0.502373 0.011019 0.016324
0 0.441438 0.500741 0.011019 0.016324
6 0.58022 0.495466 0.023608 0.090933
3 0.581007 0.540933 0.026231 0.074611
