0 0.567812 0.39289 0.020183 0.040365
0 0.586103 0.399618 0.02649 0.049336
0 0.605024 0.405224 0.036581 0.069518
0 0.623315 0.40186 0.040365 0.085216
0 0.664311 0.41083 0.099652 0.152492
0 0.750087 0.442226 0.150109 0.183887
0 0.533754 0.396254 0.015137 0.024668
0 0.524924 0.395133 0.015137 0.031395
0 0.511679 0.396254 0.021444 0.042608
0 0.493388 0.398496 0.032797 0.060548
0 0.480774 0.406345 0.03532 0.067276
0 0.462484 0.415315 0.04415 0.085216
0 0.434732 0.436619 0.049195 0.105399
0 0.381753 0.436619 0.099652 0.136794
0 0.322466 0.46353 0.145063 0.172674
0 0.14515 0.51735 0.2903 0.320681
0 0.87686 0.482591 0.244715 0.255648
0 0.982819 0.645174 0.032797 0.150249
0 0.546999 0.397375 0.013876 0.02691
