5 0.298291 0.623877 0.015597 0.045058
0 0.388948 0.633408 0.033143 0.071053
0 0.5688 0.642073 0.032169 0.053723
5 0.679928 0.651605 0.008773 0.038126
5 0.667743 0.651605 0.013647 0.03466
5 0.644835 0.646406 0.008773 0.031194
5 0.638012 0.647272 0.008773 0.032927
5 0.869529 0.668935 0.011698 0.05199
5 0.854419 0.665469 0.012673 0.05199
0 0.871966 0.673267 0.047766 0.053723
5 0.957261 0.66027 0.017547 0.031194
0 0.941664 0.745186 0.111128 0.152503
0 0.783258 0.705328 0.154994 0.169833
0 0.35483 0.662003 0.09943 0.152503
0 0.476681 0.627343 0.157919 0.346598
5 0.241265 0.601348 0.012673 0.027728
