0 0.358116 0.45164 0.017139 0.016406
0 0.339659 0.453984 0.019775 0.025781
0 0.317246 0.456328 0.019775 0.021094
0 0.298115 0.455401 0.028973 0.033303
0 0.279673 0.45164 0.01582 0.025781
0 0.184092 0.461015 0.032959 0.039844
0 0.240636 0.461599 0.035304 0.031636
0 0.12147 0.480937 0.113379 0.075
0 0.422715 0.4575 0.009229 0.023437
0 0.438535 0.4575 0.014502 0.028125
0 0.470835 0.453984 0.00791 0.021094
0 0.561802 0.453984 0.021094 0.035156
2 0.062803 0.465703 0.077783 0.072656
0 0.031072 0.483281 0.062144 0.070312
0 0.406895 0.462187 0.027686 0.051562
0 0.456992 0.455156 0.025049 0.042187
0 0.489951 0.456328 0.019775 0.025781
0 0.540708 0.456328 0.031641 0.039844
0 0.693202 0.50972 0.152059 0.160692
0 0.560484 0.39539 0.013184 0.011719
0 0.96456 0.416484 0.069873 0.049219
