0 0.306075 0.590051 0.012915 0.027551
0 0.317698 0.592347 0.00861 0.016837
0 0.326738 0.591582 0.009471 0.012245
0 0.366773 0.583164 0.00861 0.013776
0 0.299187 0.591582 0.016358 0.033673
0 0.281107 0.595408 0.02669 0.041327
0 0.26647 0.597704 0.021524 0.042857
0 0.251403 0.601531 0.022385 0.05051
0 0.234614 0.603061 0.030134 0.059694
0 0.208785 0.601531 0.0353 0.078061
0 0.167889 0.595408 0.06199 0.111735
0 0.107191 0.606123 0.083514 0.133163
0 0.402934 0.582908 0.020663 0.047449
0 0.424889 0.582143 0.037022 0.064286
0 0.433929 0.58699 0.030995 0.062755
0 0.460619 0.593113 0.04477 0.096429
0 0.510371 0.593769 0.09606 0.160714
0 0.595422 0.619789 0.149809 0.206633
0 0.807052 0.642887 0.385896 0.468368
0 0.042734 0.63753 0.085468 0.151531
0 0.388728 0.58699 0.025829 0.029082
