0 0.034827 0.52871 0.058729 0.080126
0 0.085361 0.537208 0.118823 0.121403
0 0.422027 0.438872 0.010926 0.026709
0 0.428856 0.4413 0.016389 0.046133
0 0.442514 0.448584 0.024584 0.055845
0 0.463001 0.457082 0.043705 0.072842
0 0.312764 0.450405 0.019121 0.021853
0 0.269059 0.451619 0.027316 0.038849
0 0.209306 0.525675 0.144773 0.203957
2 0.473585 0.46983 0.055997 0.077698
0 0.399833 0.439479 0.020487 0.026709
0 0.912685 0.422482 0.114726 0.097122
0 0.906539 0.65679 0.181649 0.398202
5 0.978242 0.381205 0.040974 0.186961
5 0.76996 0.432195 0.02595 0.094694
