0 0.300469 0.393335 0.100023 0.07255
0 0.515664 0.437353 0.066305 0.092303
0 0.616542 0.448815 0.076018 0.106691
0 0.739371 0.469442 0.099223 0.113804
2 0.688159 0.417519 0.04321 0.103846
0 0.56413 0.42961 0.022405 0.045522
0 0.660953 0.449526 0.014403 0.017071
2 0.652951 0.424631 0.014403 0.027028
5 0.485312 0.415385 0.007202 0.051212
6 0.440502 0.408983 0.018404 0.075395
3 0.442102 0.430322 0.013603 0.049789
5 0.848196 0.477266 0.016004 0.101001
5 0.806586 0.469442 0.017604 0.093888
5 0.818589 0.460195 0.011203 0.075395
5 0.835393 0.470153 0.011203 0.089621
5 0.858998 0.471576 0.010402 0.081085
5 0.878203 0.466597 0.016804 0.110959
5 0.913811 0.458061 0.025606 0.065437
5 0.926614 0.462329 0.020805 0.071128
5 0.788982 0.455928 0.011203 0.049789
5 0.797384 0.455928 0.008802 0.044099
5 0.458506 0.416096 0.011203 0.046944
5 0.467308 0.416096 0.012803 0.035564
0 0.984556 0.655071 0.027295 0.190629
