0 0.451878 0.563744 0.019194 0.034123
0 0.437483 0.561611 0.016795 0.029858
0 0.417688 0.558412 0.039588 0.053318
0 0.332514 0.584004 0.015595 0.036256
0 0.295325 0.594668 0.073178 0.074645
0 0.178959 0.589336 0.037189 0.063981
0 0.220947 0.607464 0.106768 0.108768
0 0.083781 0.610663 0.167563 0.200474
0 0.375101 0.595734 0.074378 0.106635
0 0.48007 0.58827 0.056383 0.083175
0 0.509461 0.56481 0.011996 0.027725
0 0.531655 0.566943 0.022793 0.031991
0 0.557447 0.565876 0.021594 0.017062
3 0.708602 0.584004 0.023993 0.053318
6 0.707402 0.557346 0.014396 0.068246
5 0.961127 0.544549 0.020394 0.046919
