0 0.011206 0.479765 0.022412 0.035156
0 0.061304 0.478593 0.030322 0.032812
0 0.097559 0.477422 0.036914 0.035156
0 0.129199 0.475078 0.02373 0.030469
0 0.164795 0.468047 0.029004 0.035156
0 0.23269 0.528984 0.130517 0.152344
0 0.395376 0.465703 0.017666 0.030469
0 0.524311 0.490312 0.040869 0.075
0 0.561884 0.482109 0.065918 0.096094
0 0.620024 0.480937 0.106787 0.140625
0 0.643623 0.506718 0.039551 0.079687
0 0.745532 0.425976 0.175342 0.077344
0 0.749487 0.508007 0.188525 0.185156
0 0.796948 0.510351 0.156885 0.199219
0 0.92351 0.482617 0.148975 0.36289
