0 0.313676 0.554882 0.099257 0.131811
0 0.022721 0.568063 0.045443 0.106299
0 0.169813 0.570189 0.198514 0.174331
0 0.6539 0.50641 0.023917 0.034016
0 0.470334 0.525543 0.037072 0.051024
0 0.69157 0.504284 0.02033 0.025512
0 0.713693 0.507473 0.028701 0.036142
0 0.784847 0.522354 0.056206 0.087165
0 0.825507 0.538299 0.046639 0.093543
0 0.897259 0.549992 0.137525 0.150945
0 0.971208 0.571677 0.05501 0.167953
0 0.730839 0.513213 0.026309 0.046772
0 0.579995 0.502795 0.035876 0.044646
0 0.505852 0.517677 0.031093 0.036142
0 0.532759 0.517677 0.022721 0.044646
