0 0.343823 0.678741 0.008608 0.010202
0 0.35004 0.682141 0.009564 0.013602
0 0.359603 0.681291 0.007651 0.011902
0 0.356734 0.682992 0.009564 0.011902
0 0.33665 0.679591 0.007651 0.011902
0 0.337606 0.685542 0.009564 0.013602
0 0.328999 0.682992 0.007651 0.015302
0 0.321826 0.687242 0.01052 0.020403
0 0.309871 0.685542 0.011477 0.020403
0 0.318479 0.690643 0.021041 0.023804
0 0.277832 0.688942 0.021997 0.023804
0 0.246749 0.689793 0.026779 0.025504
0 0.451417 0.684692 0.011477 0.018703
0 0.458112 0.688942 0.013389 0.020403
0 0.488716 0.682141 0.017215 0.017003
0 0.531754 0.690643 0.015302 0.013602
0 0.533667 0.703225 0.017215 0.028564
0 0.597267 0.714446 0.04495 0.057809
0 0.483934 0.736549 0.076511 0.102015
0 0.422725 0.714446 0.063122 0.078212
0 0.183149 0.724648 0.132939 0.119018
