0 0.497942 0.409385 0.010385 0.018462
0 0.48561 0.419769 0.019471 0.034615
1 0.46549 0.403615 0.023365 0.043846
0 0.423822 0.431538 0.029856 0.046154
0 0.45 0.428461 0.049327 0.050769
0 0.205961 0.448077 0.088269 0.066923
0 0.835529 0.41 0.036346 0.032308
0 0.747259 0.425 0.077885 0.043846
0 0.68625 0.428461 0.070096 0.050769
0 0.552656 0.411346 0.007788 0.025385
0 0.560445 0.417115 0.015577 0.032308
0 0.568882 0.424038 0.019471 0.032308
0 0.579916 0.4275 0.023365 0.039231
0 0.525937 0.409231 0.022067 0.027692
1 0.508846 0.406154 0.018173 0.039231
