5 0.189644 0.738232 0.011426 0.05
5 0.298189 0.732764 0.012305 0.048437
5 0.308296 0.72417 0.006152 0.028125
5 0.271382 0.714795 0.013184 0.025
5 0.232271 0.718701 0.010547 0.014062
5 0.218648 0.725732 0.013184 0.028125
5 0.423433 0.714014 0.00791 0.035937
5 0.437056 0.70542 0.003516 0.021875
5 0.431343 0.710107 0.00791 0.03125
5 0.671285 0.728076 0.013184 0.042187
5 0.86816 0.74917 0.027246 0.078125
5 0.912544 0.768701 0.033398 0.123437
5 0.992964 0.740576 0.011426 0.114062
0 0.955171 0.753857 0.072949 0.06875
0 0.850142 0.760889 0.09668 0.092187
0 0.586031 0.747607 0.125684 0.096875
0 0.462984 0.745264 0.109863 0.085937
0 0.352681 0.743701 0.09668 0.073437
0 0.246333 0.744482 0.093164 0.065625
0 0.105708 0.748389 0.061523 0.051562
0 0.039351 0.747607 0.074707 0.06875
