0 0.456959 0.282474 0.013918 0.028866
0 0.44942 0.287629 0.019716 0.035052
0 0.438402 0.293814 0.027835 0.05567
0 0.503351 0.279381 0.009278 0.018557
0 0.50915 0.285567 0.011598 0.026804
0 0.517268 0.291753 0.016237 0.043299
0 0.531186 0.297938 0.020876 0.051546
0 0.545683 0.301031 0.022036 0.065979
0 0.5654 0.309278 0.047552 0.082474
0 0.604833 0.317526 0.068428 0.098969
0 0.632668 0.33299 0.084665 0.113402
0 0.411727 0.306186 0.044072 0.063918
0 0.345039 0.328522 0.107861 0.169072
0 0.259214 0.353265 0.163531 0.210309
0 0.724871 0.362887 0.190206 0.181443
0 0.127577 0.430928 0.255155 0.379382
