0 0.417956 0.444967 0.016986 0.026645
0 0.403468 0.452961 0.019984 0.028421
0 0.37699 0.453849 0.04896 0.072829
0 0.359504 0.477829 0.045962 0.063947
0 0.317539 0.491151 0.079934 0.104803
0 0.43694 0.441414 0.008993 0.019539
0 0.444934 0.44852 0.008993 0.023092
0 0.460921 0.452961 0.024979 0.031974
0 0.478406 0.456513 0.019984 0.028421
0 0.494393 0.463618 0.021982 0.035526
0 0.51088 0.475164 0.024979 0.037303
0 0.531862 0.484934 0.040966 0.056842
0 0.564336 0.500033 0.051957 0.076382
0 0.635277 0.525789 0.125896 0.142105
0 0.837111 0.582632 0.325732 0.390789
0 0.189644 0.504474 0.19384 0.227368
