0 0.084443 0.699015 0.165717 0.161168
0 0.170713 0.677352 0.028269 0.041592
0 0.193621 0.683418 0.025345 0.032927
0 0.21458 0.679085 0.02437 0.031194
0 0.236025 0.678219 0.020471 0.019063
0 0.254059 0.674753 0.017547 0.025995
0 0.274043 0.671287 0.020471 0.022529
0 0.28769 0.675619 0.012673 0.013864
0 0.30085 0.67302 0.013647 0.015597
2 0.354464 0.630314 0.064337 0.10398
0 0.395187 0.673267 0.013647 0.012131
0 0.439541 0.665469 0.016572 0.01733
0 0.420532 0.661136 0.023395 0.029461
0 0.464398 0.655764 0.033143 0.041592
0 0.50924 0.65923 0.025345 0.027728
0 0.635965 0.622837 0.077985 0.128241
0 0.588199 0.647099 0.013647 0.05199
0 0.852469 0.66027 0.069211 0.06932
0 0.936342 0.65716 0.114132 0.089404
0 0.988943 0.679333 0.018521 0.062388
