0 0.408091 0.440047 0.017995 0.025592
0 0.387697 0.435782 0.010797 0.021327
0 0.3793 0.435782 0.013196 0.029858
0 0.369703 0.436848 0.015595 0.036256
0 0.358306 0.44218 0.028791 0.05545
0 0.343311 0.452843 0.041988 0.059716
0 0.294125 0.457109 0.075578 0.1109
0 0.154966 0.465639 0.221934 0.260189
0 0.430285 0.446445 0.011996 0.021327
0 0.440482 0.446445 0.025193 0.021327
0 0.465074 0.447512 0.038389 0.044787
0 0.491467 0.456042 0.040788 0.083175
0 0.575442 0.466706 0.13436 0.159953
0 0.802627 0.495314 0.358399 0.315273
