0 0.461178 0.485567 0.015077 0.035052
0 0.432023 0.474816 0.017397 0.024742
0 0.44768 0.485125 0.025515 0.037113
0 0.135696 0.463476 0.271392 0.418557
0 0.480735 0.485862 0.012758 0.030928
0 0.487113 0.488954 0.016237 0.041237
0 0.493492 0.487923 0.017397 0.047423
0 0.50393 0.485862 0.026675 0.059794
0 0.521907 0.491016 0.037113 0.070103
0 0.532345 0.499264 0.025515 0.070103
0 0.546843 0.507511 0.033634 0.082474
0 0.567139 0.514728 0.05567 0.105155
0 0.609637 0.520913 0.077706 0.154639
0 0.738292 0.538439 0.287629 0.301031
0 0.896604 0.621208 0.205284 0.470103
5 0.288209 0.468921 0.015077 0.086016
