0 0.146519 0.602812 0.021094 0.042187
2 0.221665 0.595957 0.036914 0.055897
0 0.293516 0.602812 0.022412 0.032812
0 0.454356 0.600468 0.009229 0.028125
0 0.463584 0.600468 0.014502 0.028125
0 0.508408 0.589921 0.011865 0.016406
0 0.517637 0.6075 0.017139 0.051562
0 0.048961 0.60164 0.044824 0.053906
0 0.087852 0.618515 0.09624 0.073594
0 0.254624 0.603984 0.055371 0.072656
0 0.174864 0.6075 0.069873 0.070312
0 0.324497 0.616875 0.063281 0.070312
0 0.421397 0.623906 0.061963 0.084375
0 0.545982 0.603984 0.052734 0.072656
0 0.485996 0.606328 0.048779 0.067969
2 0.7879 0.635625 0.410009 0.459375
0 0.04096 0.743437 0.081919 0.375
0 0.904575 0.521953 0.042187 0.039844
