0 0.625172 0.594765 0.037252 0.033113
0 0.575024 0.600284 0.022925 0.028868
0 0.547085 0.593491 0.030088 0.045849
0 0.486191 0.601133 0.022925 0.030566
0 0.514131 0.601982 0.032954 0.056038
0 0.442772 0.598585 0.018065 0.020377
2 0.416701 0.590944 0.021492 0.030566
0 0.403769 0.598585 0.024433 0.025472
0 0.380165 0.605378 0.017193 0.025472
0 0.350077 0.607925 0.020059 0.030566
0 0.325003 0.607925 0.012895 0.030566
0 0.281303 0.601557 0.074505 0.063679
0 0.21038 0.610472 0.075938 0.086604
0 0.105787 0.63467 0.0874 0.073868
1 0.896448 0.535898 0.204416 0.261796
