2 0.311044 0.650132 0.022981 0.014211
2 0.251593 0.659013 0.031974 0.024868
0 0.283067 0.656349 0.018984 0.015987
0 0.330028 0.648355 0.008993 0.010658
0 0.126196 0.672336 0.076937 0.051513
0 0.380487 0.638586 0.01199 0.019539
0 0.408464 0.651908 0.009992 0.010658
0 0.417456 0.643914 0.009992 0.012434
0 0.442935 0.644803 0.010991 0.010658
0 0.431944 0.648355 0.012989 0.014211
0 0.453427 0.648355 0.013988 0.024868
0 0.464418 0.649243 0.02398 0.030197
0 0.504385 0.648355 0.013988 0.024868
0 0.529864 0.648355 0.026978 0.046184
0 0.391977 0.658125 0.024979 0.040855
0 0.486899 0.655461 0.034971 0.049737
0 0.559839 0.670559 0.07294 0.083487
0 0.355008 0.66523 0.04896 0.072829
0 0.662255 0.651908 0.033972 0.053289
0 0.778659 0.710526 0.282767 0.326842
