5 0.870298 0.386015 0.026367 0.044531
5 0.637608 0.431718 0.014502 0.065625
5 0.768125 0.411797 0.019775 0.030469
5 0.807676 0.412968 0.014502 0.046875
5 0.700889 0.412968 0.019775 0.046875
5 0.685728 0.427031 0.013184 0.05625
0 0.455015 0.424687 0.013184 0.0375
0 0.443809 0.429375 0.017139 0.046875
0 0.424034 0.43875 0.040869 0.070312
0 0.364048 0.446953 0.100195 0.133594
0 0.236827 0.48914 0.167432 0.199219
0 0.730552 0.497343 0.134473 0.159375
0 0.872275 0.546562 0.254443 0.28125
0 0.09699 0.540703 0.19398 0.489843
0 0.965879 0.687187 0.067236 0.28125
0 0.515659 0.458672 0.123926 0.217969
