0 0.302126 0.449828 0.019716 0.035052
0 0.285309 0.456014 0.020876 0.039175
0 0.265593 0.456014 0.027835 0.047423
0 0.334601 0.443643 0.047552 0.059794
0 0.11076 0.475896 0.086985 0.110752
0 0.040013 0.490034 0.077706 0.119588
0 0.196005 0.46323 0.122938 0.131959
0 0.372874 0.441237 0.042912 0.049485
0 0.441302 0.406529 0.026675 0.026804
0 0.471456 0.426117 0.019716 0.03299
0 0.445941 0.432302 0.033634 0.045361
0 0.491173 0.430241 0.026675 0.057732
0 0.512049 0.432302 0.022036 0.061856
0 0.526546 0.431272 0.032474 0.072165
0 0.545683 0.426117 0.047552 0.082474
0 0.590915 0.438488 0.119459 0.148454
0 0.422305 0.424772 0.01435 0.034016
