2 0.16168 0.541406 0.046143 0.051562
0 0.335704 0.551953 0.0646 0.086719
0 0.375913 0.535547 0.013184 0.021094
0 0.38646 0.54375 0.013184 0.014062
0 0.406236 0.544922 0.01582 0.025781
0 0.435899 0.553125 0.043506 0.065625
0 0.485337 0.530859 0.01582 0.016406
0 0.538731 0.510937 0.014502 0.028125
0 0.549937 0.507422 0.013184 0.011719
0 0.559824 0.505078 0.014502 0.021094
0 0.576963 0.50039 0.022412 0.030469
0 0.644859 0.476953 0.031641 0.030469
0 0.68375 0.46289 0.054053 0.030469
0 0.741758 0.446484 0.0646 0.039844
0 0.81229 0.414843 0.071191 0.046875
0 0.934238 0.375 0.114697 0.060937
0 0.231218 0.538734 0.030993 0.037113
