0 0.473472 0.488033 0.011996 0.019194
0 0.462075 0.491232 0.010797 0.017062
0 0.44708 0.498696 0.011996 0.019194
0 0.431484 0.493365 0.011996 0.021327
0 0.415889 0.494431 0.016795 0.019194
0 0.406292 0.489099 0.007198 0.029858
0 0.388897 0.479502 0.027592 0.036256
0 0.367303 0.481635 0.022793 0.036256
0 0.349909 0.478436 0.028791 0.051185
0 0.322917 0.484834 0.039588 0.05545
0 0.21015 0.508293 0.113966 0.119431
0 0.486068 0.49763 0.020394 0.034123
0 0.504663 0.501895 0.021594 0.046919
0 0.51246 0.507227 0.022793 0.044787
0 0.532854 0.508293 0.046786 0.085308
0 0.576641 0.512559 0.081576 0.1109
0 0.625827 0.547748 0.124763 0.138626
0 0.883692 0.638388 0.232615 0.447867
