0 0.159048 0.686088 0.313417 0.482341
0 0.914914 0.688167 0.162946 0.414425
0 0.481821 0.57174 0.042101 0.067916
0 0.500532 0.568275 0.020271 0.058214
0 0.521973 0.559959 0.005458 0.052669
0 0.521973 0.55788 0.010135 0.040195
0 0.531718 0.555108 0.010915 0.031879
0 0.543413 0.546791 0.012474 0.020791
0 0.580446 0.540554 0.013254 0.016632
0 0.5937 0.550949 0.016373 0.029107
0 0.689986 0.581442 0.084202 0.109497
0 0.463109 0.582135 0.057694 0.08039
2 0.629564 0.54194 0.060033 0.119199
5 0.400348 0.560652 0.008576 0.070688
5 0.41789 0.559959 0.009356 0.060986
