0 0.42525 0.546258 0.122707 0.191324
0 0.171287 0.514073 0.113655 0.112649
0 0.952789 0.568609 0.091527 0.125166
0 0.237669 0.518543 0.039226 0.075099
0 0.269855 0.506026 0.051296 0.071523
0 0.312098 0.500662 0.035203 0.053642
0 0.333723 0.498874 0.014081 0.042914
0 0.345792 0.501556 0.01207 0.033974
0 0.577125 0.528377 0.058336 0.08404
0 0.566564 0.509603 0.055319 0.089404
0 0.534379 0.510497 0.021122 0.066159
0 0.522812 0.510497 0.022127 0.048278
0 0.515269 0.510497 0.017099 0.051854
0 0.512251 0.500662 0.023133 0.04649
0 0.499176 0.506026 0.015087 0.028609
0 0.481072 0.504238 0.017099 0.028609
2 0.370937 0.490828 0.024139 0.041126
