0 0.525997 0.542498 0.012292 0.048561
0 0.538972 0.532786 0.016389 0.019424
0 0.545801 0.547354 0.021853 0.048561
0 0.610676 0.544926 0.020487 0.06313
0 0.637992 0.547354 0.050534 0.072842
0 0.66599 0.557066 0.03551 0.08741
0 0.432441 0.537642 0.013658 0.024281
0 0.424246 0.54007 0.016389 0.024281
0 0.394882 0.54007 0.012292 0.019424
0 0.384639 0.538856 0.010926 0.026709
0 0.371664 0.537642 0.023218 0.029137
0 0.350494 0.537642 0.021853 0.038849
0 0.256938 0.559494 0.039608 0.053417
0 0.21255 0.55828 0.054631 0.07527
0 0.1866 0.565564 0.0519 0.065558
0 0.332056 0.542498 0.028681 0.043705
0 0.409223 0.54007 0.013658 0.033993
0 0.097141 0.583775 0.137944 0.126259
0 0.480244 0.560708 0.095605 0.148112
0 0.577214 0.559494 0.062826 0.08741
2 0.827835 0.598343 0.342812 0.335072
0 0.019548 0.595915 0.039096 0.097122
5 0.039778 0.534 0.015024 0.026709
5 0.014511 0.535214 0.013658 0.029137
6 0.302009 0.543712 0.017755 0.041277
4 0.302692 0.560708 0.013658 0.031565
