5 0.655891 0.48205 0.030302 0.132225
5 0.688029 0.48205 0.026629 0.12896
0 0.403255 0.450816 0.01561 0.024486
0 0.452381 0.439389 0.011019 0.017956
0 0.476255 0.437757 0.014692 0.017956
0 0.490946 0.445919 0.014692 0.017956
0 0.492783 0.433676 0.009182 0.016324
0 0.464624 0.45136 0.017752 0.028839
0 0.3803 0.463875 0.021119 0.050605
0 0.36469 0.469589 0.035811 0.058767
0 0.750849 0.469783 0.078968 0.115901
0 0.808697 0.464886 0.073458 0.115901
0 0.154848 0.518289 0.083559 0.12243
5 0.139238 0.471765 0.011937 0.032648
0 0.061325 0.548372 0.122649 0.204051
1 0.421992 0.431189 0.018365 0.029383
0 0.258481 0.469045 0.138653 0.231802
0 0.439678 0.440478 0.017446 0.027751
0 0.466307 0.455169 0.019283 0.024486
0 0.35037 0.478761 0.047748 0.071826
0 0.421533 0.44693 0.017446 0.024486
