0 0.183217 0.534317 0.051457 0.048511
0 0.24091 0.536396 0.038982 0.036037
0 0.287299 0.52808 0.028847 0.027721
0 0.335637 0.523229 0.017932 0.026335
0 0.495465 0.511447 0.014813 0.019405
0 0.533278 0.505903 0.017152 0.027721
0 0.602666 0.532931 0.070168 0.090092
0 0.355129 0.513526 0.016373 0.031879
0 0.367993 0.512833 0.010915 0.019405
0 0.380857 0.51422 0.013254 0.016632
0 0.389823 0.511447 0.009356 0.01386
0 0.402687 0.510061 0.010135 0.01386
0 0.412043 0.510754 0.008576 0.015246
0 0.422958 0.507289 0.011695 0.011088
0 0.430364 0.507289 0.012474 0.01386
0 0.519244 0.505903 0.012474 0.016632
0 0.511058 0.503824 0.008576 0.015246
0 0.978065 0.507289 0.041321 0.044353
