0 0.984715 0.476573 0.029563 0.08665
0 0.451336 0.442779 0.009748 0.019063
0 0.444512 0.450578 0.011698 0.020796
0 0.43184 0.441046 0.009748 0.012131
0 0.49374 0.455777 0.038018 0.055456
0 0.425016 0.454044 0.007798 0.024262
0 0.414293 0.454044 0.009748 0.024262
0 0.332897 0.461842 0.02437 0.050257
3 0.252963 0.484371 0.018521 0.032927
0 0.291955 0.473107 0.065312 0.072786
0 0.373839 0.461842 0.07701 0.105712
0 0.513724 0.450578 0.009748 0.048524
0 0.524934 0.450578 0.010723 0.055456
0 0.534195 0.455777 0.015597 0.065854
0 0.550279 0.454044 0.018521 0.083184
0 0.58586 0.455777 0.074085 0.107445
5 0.684803 0.441046 0.014622 0.081451
