5 0.027154 0.480241 0.037454 0.159803
5 0.560402 0.443619 0.006554 0.044945
5 0.572106 0.441954 0.009363 0.041615
5 0.61471 0.450694 0.015918 0.063255
5 0.713026 0.449029 0.014045 0.083231
5 0.730817 0.447364 0.017791 0.089889
0 0.060394 0.464011 0.042135 0.061591
0 0.324443 0.449029 0.016854 0.054932
2 0.404501 0.416153 0.06648 0.159803
2 0.460681 0.430302 0.045881 0.081566
0 0.376879 0.475247 0.102062 0.19143
0 0.504034 0.458767 0.070226 0.103206
5 0.210209 0.458184 0.014045 0.068249
3 0.595172 0.452332 0.013115 0.069948
