2 0.866064 0.307238 0.2643 0.614476
2 0.661529 0.412115 0.064711 0.171869
2 0.587073 0.43845 0.057694 0.099795
0 0.164895 0.502785 0.181657 0.187115
0 0.262351 0.49932 0.050677 0.113655
0 0.289638 0.495162 0.103693 0.105339
0 0.314587 0.486845 0.081863 0.08039
0 0.348112 0.465362 0.047558 0.051283
0 0.355518 0.444571 0.062372 0.031879
0 0.259622 0.436255 0.020271 0.009702
0 0.534057 0.463283 0.074846 0.152464
2 0.622547 0.440413 0.011695 0.0596
0 0.075723 0.527387 0.148912 0.22038
0 0.026508 0.420316 0.053016 0.022177
0 0.335248 0.421355 0.029627 0.011088
0 0.459731 0.550256 0.221419 0.302156
0 0.687777 0.458085 0.083422 0.131673
