5 0.701068 0.470949 0.029383 0.138755
5 0.6667 0.466635 0.022956 0.150181
5 0.492236 0.427457 0.010101 0.016324
5 0.271402 0.454998 0.012855 0.046127
0 0.286946 0.450544 0.011937 0.019589
0 0.273632 0.445647 0.020201 0.039178
0 0.296129 0.450544 0.011937 0.026119
0 0.303475 0.456258 0.01561 0.027751
0 0.321839 0.457074 0.022956 0.042443
0 0.345254 0.454625 0.045911 0.066929
0 0.350304 0.462787 0.021119 0.053869
0 0.380606 0.461155 0.059685 0.086518
2 0.248381 0.44075 0.028465 0.045707
0 0.246391 0.451088 0.020201 0.042443
0 0.226649 0.45925 0.039484 0.058767
0 0.215172 0.466596 0.027547 0.063664
0 0.182115 0.473126 0.067949 0.099577
0 0.093965 0.44211 0.034893 0.034281
0 0.05693 0.479927 0.071622 0.12243
0 0.021917 0.493803 0.043834 0.161608
0 0.132443 0.495435 0.116615 0.13549
0 0.462175 0.484553 0.110187 0.12243
