2 0.498682 0.497579 0.034145 0.084982
1 0.135383 0.497579 0.083313 0.070414
1 0.267864 0.504863 0.02595 0.031565
0 0.433807 0.519431 0.010926 0.021853
0 0.401028 0.518217 0.010926 0.019424
0 0.334788 0.513361 0.012292 0.014568
2 0.308155 0.510933 0.019121 0.029137
0 0.291083 0.513361 0.020487 0.024281
3 0.288351 0.518217 0.015024 0.024281
0 0.258987 0.517003 0.027316 0.021853
0 0.19138 0.518217 0.042339 0.038849
0 0.095093 0.510933 0.060094 0.053417
0 0.569702 0.530358 0.034145 0.043705
0 0.464537 0.541284 0.055997 0.089838
0 0.415777 0.508142 0.025313 0.047835
