2 0.584043 0.281481 0.054631 0.065558
2 0.383956 0.299692 0.064192 0.131115
2 0.108068 0.30212 0.214428 0.597303
2 0.872223 0.22078 0.254036 0.318076
0 0.516437 0.313046 0.028681 0.031565
0 0.555362 0.300906 0.049168 0.060701
0 0.496633 0.31426 0.024584 0.06313
0 0.588823 0.313046 0.023218 0.041277
0 0.611359 0.305762 0.019121 0.046133
0 0.63526 0.303334 0.053266 0.065558
0 0.715158 0.300906 0.03551 0.055845
0 0.676234 0.311832 0.058729 0.06313
2 0.297229 0.333685 0.057363 0.08741
0 0.294497 0.328829 0.046437 0.06313
0 0.23372 0.360393 0.058729 0.082554
0 0.336836 0.349467 0.060094 0.080126
0 0.444733 0.379818 0.131115 0.203957
