0 0.463369 0.381622 0.007796 0.008316
0 0.445178 0.383239 0.012474 0.012474
0 0.419839 0.390862 0.019491 0.027721
0 0.402687 0.396406 0.02105 0.044353
0 0.382416 0.400565 0.025728 0.058214
0 0.376179 0.411653 0.02261 0.060986
0 0.473245 0.38116 0.006237 0.016632
0 0.478313 0.383239 0.005458 0.023563
0 0.490397 0.386011 0.018711 0.031879
0 0.498193 0.398485 0.018711 0.034651
0 0.512617 0.398485 0.025728 0.054055
0 0.52704 0.410267 0.031186 0.074846
0 0.343044 0.413732 0.074846 0.098409
0 0.578497 0.419969 0.095117 0.119199
0 0.970808 0.458778 0.058383 0.134446
0 0.435432 0.388645 0.011695 0.01386
