5 0.244189 0.700129 0.049715 0.180231
5 0.223718 0.612613 0.032169 0.11611
5 0.087733 0.6776 0.040942 0.093582
5 0.135011 0.680199 0.020471 0.084917
5 0.551254 0.64034 0.008773 0.039859
2 0.231517 0.624744 0.162793 0.28941
0 0.45621 0.655071 0.042892 0.062388
0 0.740367 0.705328 0.197886 0.204493
0 0.639474 0.671534 0.054589 0.064121
0 0.58196 0.661136 0.04874 0.053723
0 0.521522 0.647272 0.033143 0.032927
0 0.481555 0.648139 0.019496 0.038126
0 0.40357 0.638607 0.021446 0.043325
0 0.34362 0.644673 0.02632 0.03466
0 0.363603 0.643806 0.013647 0.019063
0 0.374326 0.636008 0.009748 0.013864
0 0.41868 0.635141 0.008773 0.015597
0 0.982119 0.781579 0.034118 0.08665
