0 0.271186 0.348047 0.011865 0.021094
0 0.265254 0.352734 0.013184 0.021094
0 0.256025 0.352734 0.01582 0.035156
0 0.247456 0.359765 0.017139 0.039844
0 0.237568 0.358594 0.01582 0.046875
0 0.230976 0.365625 0.01582 0.051562
0 0.224385 0.370312 0.02373 0.05625
0 0.214497 0.372656 0.030322 0.05625
0 0.201313 0.378515 0.038232 0.067969
0 0.317065 0.347879 0.027686 0.046875
0 0.158203 0.384207 0.094922 0.110156
0 0.139746 0.400614 0.073828 0.110156
0 0.590147 0.411562 0.254443 0.285937
0 0.07326 0.423281 0.146519 0.1875
0 0.042278 0.48539 0.084556 0.236719
0 0.284765 0.349219 0.013184 0.021094
2 0.350205 0.352969 0.040869 0.070312
0 0.850522 0.35789 0.297949 0.710156
