0 0.1019 0.700151 0.203035 0.261027
0 0.473367 0.607704 0.02753 0.044864
0 0.371849 0.614162 0.033266 0.034668
5 0.282567 0.616201 0.009177 0.046903
5 0.269375 0.609063 0.010324 0.02855
5 0.390394 0.606004 0.009177 0.046903
5 0.445454 0.600227 0.006883 0.02855
5 0.427674 0.602266 0.010324 0.036707
5 0.409321 0.602266 0.012618 0.036707
5 0.456351 0.600227 0.00803 0.040785
0 0.290023 0.607024 0.037854 0.036707
0 0.319848 0.61824 0.072267 0.050982
0 0.242419 0.649849 0.089473 0.093807
0 0.761287 0.579494 0.039001 0.05506
0 0.882305 0.632855 0.23286 0.399698
0 0.631298 0.666959 0.388453 0.408981
