0 0.319329 0.558761 0.009177 0.013595
0 0.328123 0.558761 0.008412 0.013595
0 0.307093 0.564199 0.016824 0.019033
0 0.297916 0.568958 0.018353 0.020393
0 0.283004 0.566918 0.019118 0.024471
0 0.279945 0.573036 0.023707 0.025831
0 0.262356 0.56216 0.017589 0.014955
0 0.261974 0.578474 0.022942 0.02855
0 0.244003 0.56148 0.022177 0.019033
0 0.23712 0.580514 0.032883 0.035347
0 0.215326 0.549924 0.030589 0.031269
0 0.204619 0.583233 0.039766 0.046224
0 0.163706 0.555363 0.039001 0.023112
0 0.165236 0.587991 0.049707 0.05574
0 0.131205 0.566239 0.02906 0.023112
0 0.102528 0.558761 0.019118 0.019033
0 0.080351 0.583912 0.04206 0.080211
0 0.112087 0.597508 0.078002 0.072054
0 0.033548 0.591254 0.067095 0.145468
0 0.399188 0.56284 0.015295 0.020393
0 0.412188 0.559441 0.015295 0.024471
0 0.424042 0.560121 0.016059 0.025831
0 0.440101 0.565559 0.016059 0.025831
0 0.454631 0.566918 0.020648 0.025831
0 0.606429 0.576435 0.065767 0.081571
0 0.509691 0.588671 0.11165 0.163142
0 0.35904 0.607704 0.08565 0.133233
0 0.809507 0.575628 0.100944 0.091088
0 0.887004 0.569664 0.087179 0.092447
0 0.951241 0.558108 0.067296 0.101964
0 0.978771 0.586658 0.041295 0.080211
