0 0.926034 0.694589 0.146917 0.213845
0 0.077361 0.559915 0.154722 0.447279
0 0.112483 0.509311 0.156099 0.270979
0 0.288783 0.538694 0.036729 0.065296
0 0.226802 0.541143 0.090905 0.125695
0 0.472429 0.568894 0.023874 0.099577
0 0.548642 0.568894 0.078968 0.060399
6 0.495843 0.555834 0.01561 0.044075
6 0.628068 0.572975 0.01561 0.058767
3 0.494925 0.581953 0.013773 0.031016
3 0.631741 0.599909 0.01561 0.027751
5 0.656074 0.585218 0.014692 0.099577
5 0.801614 0.616233 0.048666 0.102842
0 0.37831 0.551753 0.169872 0.333011
