0 0.51681 0.366475 0.026629 0.050605
0 0.499333 0.378718 0.027547 0.045707
0 0.58886 0.371372 0.019283 0.037545
0 0.609061 0.371372 0.030302 0.050605
0 0.369346 0.404184 0.054175 0.08815
0 0.720075 0.362394 0.055094 0.045707
0 0.800879 0.355048 0.139571 0.060399
0 0.797177 0.373495 0.112081 0.061378
0 0.877958 0.378485 0.03122 0.042443
0 0.291341 0.415914 0.121206 0.142019
0 0.467182 0.392244 0.063358 0.078356
0 0.559004 0.403671 0.070704 0.104474
0 0.662305 0.388163 0.067949 0.096312
0 0.823777 0.476826 0.218538 0.22364
