5 0.263536 0.637692 0.013665 0.050321
5 0.246943 0.63856 0.009761 0.048586
5 0.224006 0.634222 0.014641 0.053792
5 0.183499 0.651574 0.013665 0.064203
5 0.149337 0.652442 0.021473 0.07635
5 0.135184 0.650707 0.014641 0.072879
3 0.063932 0.713174 0.061492 0.128406
6 0.066372 0.680205 0.046851 0.170051
0 0.385056 0.637692 0.016593 0.03644
0 0.368463 0.644633 0.022449 0.04338
0 0.479245 0.633354 0.011713 0.024293
5 0.835019 0.654177 0.016593 0.114524
5 0.858445 0.645501 0.030258 0.117995
0 0.947342 0.594701 0.065558 0.046133
0 0.413849 0.629016 0.031234 0.046851
0 0.501695 0.636825 0.035138 0.062468
0 0.45338 0.645501 0.049779 0.072879
0 0.324052 0.669794 0.10151 0.111054
0 0.627202 0.658515 0.094512 0.140553
