5 0.165123 0.484155 0.042339 0.179676
0 0.558469 0.518877 0.086044 0.137755
0 0.724412 0.537572 0.114726 0.131115
0 0.825304 0.518768 0.100718 0.08865
0 0.879084 0.554553 0.165948 0.145652
0 0.652786 0.498736 0.017911 0.053391
0 0.665683 0.50965 0.038242 0.065558
0 0.500423 0.490225 0.016389 0.050989
0 0.481985 0.495081 0.02595 0.07527
0 0.456141 0.50602 0.059923 0.130408
0 0.384331 0.52786 0.133847 0.169964
2 0.619042 0.497752 0.046846 0.106835
5 0.262423 0.470204 0.023763 0.128571
0 0.965032 0.574113 0.067156 0.18
