0 0.753526 0.451444 0.019496 0.019063
0 0.790569 0.445379 0.011698 0.013864
0 0.767661 0.468774 0.039967 0.025995
0 0.821276 0.476573 0.135498 0.090116
0 0.639961 0.476573 0.012673 0.020796
0 0.681878 0.491303 0.082859 0.053723
0 0.523959 0.49217 0.012673 0.013864
0 0.545405 0.488704 0.036068 0.031194
0 0.575137 0.484371 0.019496 0.025995
0 0.593658 0.511233 0.076035 0.058922
0 0.462059 0.499968 0.013647 0.019063
0 0.430748 0.515115 0.02901 0.02856
0 0.385537 0.527696 0.032169 0.039859
5 0.399671 0.502568 0.009748 0.027728
0 0.267097 0.540693 0.019496 0.024262
0 0.244189 0.545892 0.036068 0.027728
0 0.188138 0.554557 0.021446 0.024262
0 0.169129 0.55889 0.014622 0.019063
0 0.157431 0.554557 0.016572 0.013864
0 0.137448 0.564089 0.029244 0.025995
0 0.115027 0.565822 0.011698 0.015597
0 0.097481 0.564955 0.029244 0.027728
0 0.039967 0.586618 0.068237 0.050257
