0 0.299445 0.327857 0.013431 0.031224
0 0.293763 0.332449 0.02273 0.022041
0 0.29118 0.355408 0.015497 0.034898
0 0.274133 0.352653 0.020663 0.036735
0 0.246237 0.32051 0.037194 0.027551
0 0.1672 0.336122 0.075421 0.055102
0 0.138788 0.341633 0.072321 0.051429
0 0.103661 0.341633 0.047525 0.055102
0 0.055102 0.335204 0.090918 0.071633
0 0.040638 0.343469 0.045459 0.055102
0 0.016186 0.340714 0.032372 0.075306
0 0.241071 0.353571 0.045459 0.049592
0 0.322691 0.322347 0.014464 0.023878
0 0.510727 0.391224 0.068189 0.077143
0 0.39949 0.317755 0.020663 0.022041
0 0.377277 0.326939 0.01963 0.022041
0 0.35558 0.332449 0.023763 0.018367
0 0.397423 0.343469 0.016531 0.025714
0 0.400523 0.351735 0.014464 0.023878
0 0.412921 0.36 0.014464 0.036735
0 0.413954 0.366428 0.012398 0.027551
0 0.428418 0.363673 0.020663 0.044082
0 0.449598 0.37102 0.034094 0.058775
0 0.463029 0.379286 0.025829 0.060612
0 0.478527 0.383877 0.027895 0.066122
0 0.811205 0.408979 0.129145 0.09551
0 0.895408 0.480306 0.206633 0.337347
5 0.182165 0.345249 0.015497 0.049592
