5 0.368327 0.594 0.01435 0.029764
5 0.327667 0.591874 0.011959 0.051024
5 0.316905 0.594 0.007175 0.038268
5 0.272658 0.58337 0.009567 0.029764
5 0.264884 0.588685 0.008371 0.036142
3 0.25173 0.612071 0.027505 0.044646
3 0.281627 0.606756 0.015546 0.038268
3 0.296575 0.607819 0.011959 0.040394
5 0.311523 0.606756 0.013155 0.034016
3 0.123772 0.64715 0.070556 0.106299
0 0.463996 0.587835 0.019134 0.027638
0 0.473563 0.579331 0.011959 0.023386
0 0.446058 0.589961 0.023917 0.061654
0 0.413172 0.594213 0.060989 0.091417
0 0.490305 0.589961 0.035876 0.061654
0 0.509439 0.583583 0.011959 0.019134
1 0.550099 0.571093 0.071752 0.116398
0 0.633809 0.613878 0.057402 0.112677
5 0.064577 0.599528 0.031093 0.153071
0 0.76675 0.660118 0.257111 0.325276
5 0.909058 0.61937 0.017938 0.055276
5 0.190143 0.587622 0.016742 0.06378
5 0.251443 0.590905 0.015137 0.082973
