0 0.42667 0.60164 0.017139 0.039844
0 0.413487 0.603984 0.025049 0.053906
0 0.400962 0.606328 0.01582 0.049219
0 0.377891 0.598125 0.040869 0.075
0 0.224961 0.629765 0.11206 0.147656
0 0.553892 0.599296 0.01582 0.039844
0 0.57169 0.605156 0.030322 0.0375
0 0.600034 0.606328 0.042187 0.091406
0 0.665293 0.616875 0.130517 0.1875
0 0.774717 0.681328 0.228076 0.227344
0 0.456992 0.595781 0.022412 0.0375
0 0.517637 0.592265 0.017139 0.025781
0 0.335704 0.615703 0.07251 0.091406
0 0.092376 0.649687 0.184751 0.20625
0 0.914463 0.736406 0.170068 0.43125
