5 0.974187 0.641905 0.047353 0.287755
5 0.952233 0.620477 0.036161 0.156123
5 0.178221 0.645732 0.018941 0.105612
5 0.122688 0.653385 0.014636 0.096429
5 0.105469 0.659507 0.019802 0.111735
5 0.095568 0.648028 0.013776 0.113265
5 0.075335 0.656446 0.023246 0.12398
5 0.00587 0.66563 0.010332 0.12398
5 0.011897 0.664099 0.012054 0.114796
5 0.145347 0.610528 0.012054 0.081122
5 0.684471 0.628895 0.020663 0.136225
5 0.82567 0.60517 0.022385 0.104082
5 0.802424 0.599048 0.017219 0.104082
1 0.625064 0.595153 0.027551 0.038265
0 0.644005 0.603572 0.012054 0.02449
0 0.653476 0.603827 0.00861 0.013776
0 0.606984 0.595408 0.015497 0.033673
0 0.592778 0.601531 0.023246 0.036735
0 0.63066 0.604592 0.009471 0.015306
0 0.693081 0.620919 0.084375 0.119388
0 0.505389 0.624745 0.17736 0.280102
0 0.295456 0.624602 0.169611 0.191327
