5 0.46265 0.411554 0.017932 0.103953
5 0.411472 0.403238 0.023167 0.103953
5 0.371599 0.401159 0.018711 0.110883
5 0.342752 0.409475 0.02183 0.138604
5 0.49946 0.420563 0.010915 0.08039
4 0.812878 0.453333 0.068609 0.08732
0 0.652048 0.409475 0.010915 0.016632
0 0.644252 0.41294 0.009356 0.015246
0 0.632167 0.411554 0.017932 0.029107
0 0.609168 0.413633 0.031186 0.055441
0 0.590066 0.41987 0.041321 0.056827
0 0.709352 0.414326 0.017932 0.031879
0 0.724165 0.416405 0.019491 0.041581
0 0.742097 0.421949 0.041321 0.058214
0 0.752622 0.431651 0.034304 0.055441
0 0.791215 0.439275 0.072507 0.081776
0 0.670036 0.412247 0.013254 0.016632
0 0.097309 0.600847 0.194619 0.370072
0 0.978163 0.52808 0.042101 0.218994
0 0.538109 0.434126 0.077965 0.092864
5 0.481592 0.412953 0.012618 0.079532
