0 0.37463 0.625244 0.034394 0.063544
0 0.352374 0.63004 0.038441 0.070737
0 0.312922 0.633637 0.063394 0.08992
0 0.479162 0.501454 0.008767 0.014387
0 0.479499 0.503852 0.01079 0.011989
0 0.477476 0.509247 0.01079 0.015586
0 0.472418 0.515842 0.012814 0.023979
0 0.470732 0.519438 0.016186 0.019183
0 0.466348 0.520637 0.015511 0.011989
0 0.461627 0.531428 0.01686 0.019183
0 0.459604 0.538022 0.015511 0.025178
0 0.452186 0.547613 0.018209 0.025178
0 0.443418 0.559603 0.018209 0.029973
0 0.417454 0.52843 0.025627 0.02278
0 0.526538 0.505651 0.010116 0.013188
0 0.531596 0.519438 0.014837 0.014387
0 0.532945 0.529629 0.012139 0.015586
0 0.535643 0.536223 0.016186 0.014387
0 0.538678 0.543417 0.018209 0.014387
0 0.543398 0.559603 0.018209 0.02278
0 0.547698 0.569794 0.020063 0.026377
0 0.634274 0.655517 0.076207 0.097114
0 0.662936 0.611157 0.022255 0.027575
0 0.808944 0.62974 0.096439 0.07913
0 0.235568 0.648624 0.134206 0.124689
0 0.42993 0.576987 0.031697 0.039565
0 0.496022 0.499656 0.01079 0.014387
0 0.556381 0.590176 0.024953 0.041963
0 0.716215 0.667219 0.137581 0.170272
0 0.07904 0.680099 0.156461 0.225046
0 0.974644 0.68627 0.048557 0.139076
5 0.918331 0.627522 0.030348 0.103108
5 0.941261 0.617931 0.028999 0.124689
4 0.905855 0.659294 0.024278 0.080329
2 0.519289 0.544316 0.02293 0.050355
6 0.400549 0.574333 0.009537 0.025432
3 0.399238 0.592347 0.015497 0.023312
