0 0.463465 0.513791 0.012871 0.012481
0 0.46288 0.539792 0.009361 0.014561
0 0.448254 0.542913 0.015211 0.020801
0 0.431873 0.544993 0.019891 0.020801
0 0.424267 0.550193 0.016381 0.022881
0 0.403791 0.552273 0.033932 0.039522
0 0.484526 0.49299 0.010531 0.012481
0 0.513778 0.542913 0.012871 0.016641
0 0.493887 0.542913 0.029252 0.045763
0 0.566431 0.557473 0.043293 0.087365
0 0.602118 0.566834 0.074884 0.101926
0 0.664965 0.590161 0.134119 0.14026
0 0.272992 0.592865 0.085854 0.089089
5 0.125563 0.581425 0.024133 0.087009
0 0.885889 0.682875 0.225824 0.570549
3 0.096531 0.633918 0.019891 0.068644
3 0.07664 0.638078 0.026912 0.068644
3 0.038027 0.644319 0.045633 0.093606
3 0.010092 0.654199 0.020184 0.079045
5 0.341807 0.551084 0.012871 0.043683
