0 0.81356 0.637577 0.371891 0.357597
0 0.188674 0.478876 0.081083 0.090092
0 0.415161 0.523922 0.097456 0.163552
0 0.628394 0.526001 0.169963 0.239784
0 0.536396 0.539168 0.057694 0.09425
0 0.364094 0.496201 0.015593 0.030493
0 0.3524 0.494815 0.014034 0.027721
0 0.337586 0.49135 0.02183 0.029107
5 0.134489 0.467787 0.019491 0.084548
5 0.061592 0.466401 0.024949 0.106725
5 0.02144 0.470559 0.017932 0.117813
5 0.274825 0.488578 0.016373 0.045739
5 0.288859 0.485113 0.007017 0.041581
5 0.299384 0.485806 0.007796 0.042967
5 0.240521 0.47541 0.016373 0.055441
5 0.101354 0.464322 0.014034 0.08039
5 0.080303 0.462243 0.012474 0.081776
5 0.011305 0.46155 0.016373 0.105339
5 0.038203 0.451155 0.012474 0.076232
5 0.112269 0.462243 0.010915 0.065144
5 0.157878 0.464322 0.019491 0.063758
5 0.254164 0.479569 0.010915 0.049897
5 0.315756 0.488578 0.010915 0.040195
5 0.876711 0.488578 0.041321 0.076232
5 0.985472 0.554415 0.026508 0.110883
5 0.937134 0.536396 0.024949 0.052669
2 0.464279 0.49135 0.02105 0.067916
0 0.46272 0.504517 0.011695 0.047125
