0 0.05799 0.479971 0.115979 0.331959
0 0.846153 0.473785 0.303866 0.389691
0 0.182668 0.44595 0.158892 0.189691
0 0.274871 0.419146 0.090464 0.119588
0 0.327642 0.398144 0.05683 0.105155
0 0.409407 0.386804 0.009278 0.028866
0 0.367655 0.390928 0.018557 0.065979
0 0.398389 0.391959 0.012758 0.030928
0 0.382732 0.386804 0.016237 0.049485
0 0.417526 0.383711 0.009278 0.026804
0 0.659343 0.454845 0.117139 0.164948
0 0.579897 0.432165 0.046392 0.082474
0 0.516688 0.417629 0.081186 0.140412
0 0.471166 0.397938 0.016237 0.039175
0 0.460148 0.389691 0.017397 0.026804
0 0.439852 0.387629 0.023196 0.035052
