0 0.400351 0.597857 0.015497 0.060612
0 0.390019 0.612551 0.01963 0.082653
1 0.361233 0.584265 0.04236 0.192857
1 0.172093 0.50602 0.344185 0.538163
0 0.051284 0.771428 0.100217 0.448163
5 0.634409 0.583106 0.025829 0.069796
5 0.945693 0.637347 0.028929 0.165306
0 0.961358 0.633673 0.059923 0.121224
0 0.698935 0.666735 0.252092 0.213061
6 0.437545 0.665816 0.076454 0.343469
6 0.759375 0.700714 0.087819 0.416939
4 0.740778 0.734694 0.170472 0.37102
4 0.430062 0.740373 0.082004 0.28252
4 0.955222 0.815792 0.08762 0.361465
