0 0.502176 0.338785 0.012139 0.038366
0 0.491048 0.341183 0.022255 0.052753
0 0.487676 0.349575 0.019558 0.055151
0 0.463735 0.344779 0.045859 0.07913
0 0.4462 0.368758 0.05665 0.127087
0 0.393597 0.385543 0.097114 0.170249
0 0.238485 0.418257 0.287295 0.364476
0 0.531416 0.350774 0.012814 0.019183
0 0.544566 0.345379 0.012139 0.046758
0 0.549624 0.347177 0.015511 0.055151
0 0.567496 0.346578 0.031022 0.063544
0 0.571543 0.361564 0.025627 0.04556
0 0.598856 0.36696 0.031697 0.065941
0 0.577612 0.36636 0.016186 0.052753
0 0.662924 0.378949 0.092393 0.104307
0 0.615716 0.374153 0.024953 0.063544
0 0.790091 0.419971 0.172647 0.17984
0 0.129516 0.526676 0.256947 0.489165
