0 0.84482 0.530357 0.307786 0.329651
0 0.434559 0.395245 0.011353 0.013455
0 0.445912 0.395245 0.011353 0.013455
0 0.418791 0.396366 0.012614 0.020183
0 0.4087 0.396366 0.015137 0.020183
0 0.401131 0.394123 0.012614 0.029153
0 0.39104 0.393002 0.01766 0.03588
0 0.374642 0.395245 0.031535 0.04485
0 0.461679 0.395805 0.015137 0.020183
0 0.470257 0.395581 0.012614 0.031395
0 0.483502 0.395581 0.021444 0.040365
0 0.484133 0.397824 0.01766 0.03588
0 0.492332 0.400066 0.018921 0.040365
0 0.512515 0.404551 0.041627 0.053821
0 0.651944 0.455606 0.157677 0.172674
0 0.335538 0.403654 0.047934 0.056063
0 0.264267 0.413746 0.076947 0.094186
