0 0.240967 0.349725 0.015546 0.019134
0 0.19971 0.353976 0.011959 0.014882
0 0.18237 0.355039 0.017938 0.017008
0 0.1447 0.355039 0.023917 0.017008
0 0.084907 0.35185 0.050226 0.03189
0 0.359956 0.359291 0.009567 0.012756
0 0.374306 0.37311 0.031093 0.040394
0 0.336636 0.359291 0.017938 0.012756
0 0.218844 0.366732 0.047835 0.057402
0 0.281627 0.374173 0.080123 0.106299
0 0.410182 0.385866 0.059793 0.074409
0 0.50346 0.346536 0.021526 0.029764
0 0.526779 0.345473 0.032288 0.03189
0 0.536944 0.348662 0.035876 0.034016
0 0.561459 0.340158 0.027505 0.034016
0 0.578799 0.341221 0.05501 0.048898
0 0.588964 0.342284 0.058597 0.046772
0 0.594944 0.342284 0.046639 0.046772
0 0.629624 0.345473 0.077731 0.057402
0 0.727087 0.338032 0.119587 0.080787
0 0.820962 0.340158 0.135133 0.085039
0 0.899172 0.341221 0.025113 0.023386
0 0.935048 0.35185 0.092082 0.057402
0 0.985274 0.355039 0.027505 0.059528
