0 0.44642 0.568935 0.041186 0.062542
0 0.479455 0.555206 0.011155 0.01678
0 0.592718 0.58724 0.131282 0.154068
0 0.131516 0.555969 0.10983 0.061017
1 0.039129 0.49724 0.076659 0.184576
5 0.234482 0.55063 0.029174 0.083898
5 0.263227 0.546817 0.023167 0.091525
2 0.51721 0.527749 0.060922 0.144915
0 0.287252 0.546054 0.031748 0.041186
0 0.309132 0.549105 0.010297 0.041186
0 0.331013 0.552156 0.018019 0.022881
0 0.358041 0.549105 0.024025 0.01678
0 0.375631 0.549867 0.009439 0.012203
0 0.404805 0.548342 0.019735 0.021356
0 0.884026 0.547579 0.072076 0.056441
0 0.977554 0.525461 0.042903 0.039661
2 0.918777 0.495715 0.157023 0.123559
0 0.711129 0.539952 0.031748 0.022881
