5 0.579483 0.637235 0.053585 0.193246
5 0.500254 0.636555 0.052819 0.20005
5 0.405715 0.618863 0.047461 0.208216
5 0.784177 0.608589 0.009186 0.048992
5 0.304669 0.563407 0.016841 0.088458
5 0.369353 0.592213 0.046695 0.229083
0 0.073871 0.526323 0.058943 0.063962
0 0.106787 0.509993 0.02373 0.025857
0 0.149655 0.530406 0.088032 0.080292
0 0.236156 0.561706 0.132431 0.096623
0 0.343709 0.557057 0.038275 0.062601
0 0.677467 0.579058 0.093391 0.10751
0 0.852894 0.611719 0.011482 0.042188
0 0.868586 0.607636 0.016841 0.034022
0 0.924468 0.621925 0.016841 0.040827
0 0.896144 0.61875 0.04593 0.050806
0 0.047566 0.6075 0.094922 0.283065
0 0.98877 0.645287 0.019903 0.023135
2 0.47107 0.542797 0.181907 0.135763
0 0.585906 0.581695 0.050625 0.045763
