0 0.377472 0.332129 0.010071 0.016114
0 0.364379 0.351824 0.0141 0.023276
0 0.384522 0.340186 0.010071 0.014324
0 0.3815 0.353614 0.012086 0.012533
0 0.3815 0.365252 0.012086 0.021485
0 0.396104 0.329443 0.009064 0.010743
0 0.397614 0.343767 0.012086 0.017905
0 0.403657 0.367043 0.016114 0.021485
0 0.406175 0.327653 0.00705 0.014324
0 0.410707 0.344662 0.012086 0.019695
0 0.4238 0.345557 0.006043 0.025066
2 0.433871 0.363462 0.020143 0.03939
0 0.447467 0.422547 0.037264 0.053714
0 0.49581 0.427023 0.079563 0.112798
0 0.319058 0.409118 0.018128 0.037599
0 0.287837 0.410013 0.074528 0.11817
0 0.259134 0.43508 0.067478 0.103846
2 0.184103 0.421651 0.104741 0.177255
0 0.391572 0.435975 0.088627 0.11996
0 0.80097 0.469993 0.109777 0.127122
0 0.640836 0.45567 0.22459 0.256035
