0 0.262223 0.478306 0.009748 0.01733
0 0.247601 0.473107 0.015597 0.01733
0 0.234929 0.471374 0.007798 0.020796
0 0.224206 0.47224 0.021446 0.032927
0 0.208121 0.470507 0.016572 0.019063
0 0.183751 0.468774 0.010723 0.012131
0 0.172541 0.464442 0.013647 0.020796
0 0.156944 0.465308 0.017547 0.022529
0 0.095044 0.453177 0.020471 0.032927
0 0.069211 0.461842 0.029244 0.039859
0 0.042404 0.466175 0.041917 0.038126
0 0.27782 0.477439 0.015597 0.022529
0 0.285131 0.484371 0.014622 0.032927
0 0.297316 0.488704 0.017547 0.041592
0 0.314863 0.494769 0.040942 0.053723
0 0.319737 0.507767 0.027295 0.05199
0 0.348006 0.513832 0.056539 0.077985
0 0.42063 0.471374 0.034118 0.020796
0 0.372864 0.470507 0.022421 0.029461
0 0.387486 0.535494 0.061413 0.121309
0 0.449874 0.549358 0.12575 0.162901
0 0.762947 0.681066 0.473101 0.391656
