5 0.668649 0.237253 0.012586 0.01989
5 0.625296 0.249684 0.012586 0.049724
5 0.70431 0.262115 0.016782 0.064641
2 0.451884 0.229795 0.026571 0.054696
0 0.439298 0.244712 0.01818 0.024862
0 0.503628 0.222336 0.009789 0.01989
0 0.493139 0.234767 0.008391 0.01989
0 0.481252 0.238496 0.015383 0.047238
0 0.517613 0.2559 0.029368 0.042265
0 0.407133 0.240983 0.01818 0.017403
0 0.386855 0.23601 0.011188 0.017403
0 0.375667 0.237253 0.019579 0.01989
0 0.365178 0.248441 0.020977 0.03232
0 0.345599 0.245955 0.043353 0.057182
0 0.398043 0.267088 0.039157 0.049724
0 0.17988 0.257143 0.072721 0.079558
0 0.153308 0.273303 0.097894 0.072099
0 0.074994 0.248441 0.111878 0.062155
0 0.079888 0.282005 0.124465 0.099448
0 0.021414 0.309353 0.042828 0.094475
0 0.268683 0.285734 0.104886 0.126796
0 0.58404 0.259629 0.047548 0.064641
0 0.730881 0.242226 0.047548 0.039779
0 0.800106 0.253414 0.023774 0.057182
5 0.844158 0.237253 0.016782 0.039779
0 0.893804 0.342916 0.205577 0.186464
