0 0.099769 0.700056 0.198514 0.454961
0 0.231913 0.532104 0.044247 0.051024
0 0.279149 0.566119 0.090886 0.089291
0 0.326386 0.555489 0.039464 0.06378
0 0.405313 0.541671 0.070556 0.099921
0 0.441189 0.531041 0.029897 0.061654
0 0.459127 0.527852 0.022721 0.04252
0 0.475869 0.524663 0.010763 0.03189
0 0.485436 0.521474 0.005979 0.017008
0 0.505168 0.518285 0.009567 0.019134
0 0.497993 0.518285 0.009567 0.019134
0 0.83164 0.609702 0.279833 0.261496
0 0.702486 0.555489 0.133937 0.174331
0 0.632528 0.556552 0.058597 0.108425
0 0.606219 0.549112 0.044247 0.076535
0 0.583497 0.539545 0.03468 0.074409
0 0.553003 0.524663 0.043051 0.05315
0 0.52789 0.525726 0.009567 0.034016
0 0.518323 0.518285 0.007175 0.027638
