0 0.281824 0.450766 0.013776 0.016837
0 0.227583 0.452296 0.032717 0.019898
0 0.191422 0.455357 0.029273 0.013776
0 0.146652 0.456123 0.039605 0.015306
0 0.494627 0.452296 0.011193 0.015306
0 0.510555 0.446939 0.012054 0.007653
0 0.515936 0.456888 0.01765 0.022959
0 0.8499 0.465306 0.027551 0.018367
0 0.252695 0.501276 0.096429 0.087245
0 0.411974 0.508929 0.105038 0.139286
0 0.481426 0.46301 0.024968 0.038265
0 0.455166 0.44847 0.010332 0.012245
0 0.445265 0.44847 0.007749 0.012245
0 0.510268 0.469133 0.022385 0.032143
0 0.543846 0.449235 0.025829 0.02602
0 0.546429 0.475255 0.036161 0.047449
0 0.987217 0.524277 0.024735 0.088776
0 0.623547 0.454439 0.021524 0.013776
0 0.609082 0.452908 0.014636 0.019898
