0 0.372527 0.456047 0.022556 0.021004
0 0.325805 0.46273 0.019333 0.022914
0 0.303249 0.469413 0.019333 0.021004
0 0.283915 0.464639 0.019333 0.042009
0 0.26136 0.470368 0.032222 0.03819
0 0.229674 0.474187 0.029 0.042008
0 0.646955 0.44459 0.038667 0.047737
0 0.699048 0.466549 0.059074 0.087836
0 0.777993 0.470686 0.12889 0.127935
0 0.174359 0.478324 0.079482 0.078289
0 0.100248 0.49169 0.068741 0.07447
0 0.531491 0.485007 0.145001 0.232956
0 0.613658 0.444908 0.017185 0.026733
0 0.03079 0.489463 0.061581 0.057284
0 0.899543 0.499328 0.196557 0.154668
