0 0.293525 0.302843 0.016795 0.025592
0 0.27733 0.307109 0.020394 0.025592
0 0.258136 0.309242 0.027592 0.025592
0 0.373901 0.296445 0.011996 0.021327
0 0.387098 0.298578 0.016795 0.034123
0 0.396095 0.309242 0.015595 0.038389
0 0.41229 0.314573 0.038389 0.074644
0 0.430885 0.325237 0.053984 0.070379
0 0.204152 0.333768 0.061182 0.066114
0 0.055996 0.352962 0.079176 0.066114
0 0.008204 0.371171 0.016408 0.08547
0 0.123776 0.354028 0.109168 0.10237
0 0.319318 0.310308 0.03479 0.049052
5 0.453203 0.322563 0.019444 0.107686
5 0.525656 0.299644 0.017995 0.083175
5 0.569443 0.295379 0.016795 0.100237
0 0.348109 0.300711 0.020394 0.029858
