5 0.145246 0.494769 0.064337 0.279012
0 0.097481 0.460109 0.193012 0.247818
0 0.21592 0.431515 0.147196 0.176765
0 0.301703 0.432381 0.092607 0.095315
0 0.355805 0.394256 0.044841 0.071053
0 0.380175 0.394256 0.029244 0.064121
0 0.400646 0.380392 0.019496 0.043325
0 0.686752 0.435847 0.135498 0.15077
0 0.613154 0.38819 0.05264 0.117843
0 0.57075 0.38819 0.038018 0.058922
0 0.551254 0.372593 0.016572 0.038126
0 0.539069 0.376059 0.017547 0.038126
0 0.524447 0.377792 0.015597 0.03466
0 0.442563 0.376059 0.025345 0.031194
0 0.502513 0.369994 0.041917 0.053723
0 0.473757 0.374326 0.023395 0.03466
5 0.979682 0.391656 0.021446 0.110911
5 0.903647 0.381258 0.023395 0.090116
2 0.665306 0.344865 0.047766 0.041592
