0 0.896982 0.076925 0.017932 0.029107
0 0.028457 0.42482 0.055355 0.067916
0 0.980404 0.356904 0.038203 0.0596
0 0.074846 0.413039 0.046779 0.041581
0 0.272096 0.377002 0.023389 0.038809
0 0.291977 0.372844 0.017932 0.033265
0 0.321214 0.370765 0.028067 0.026335
0 0.244809 0.383932 0.024949 0.030493
0 0.221029 0.38116 0.031965 0.030493
0 0.179318 0.393634 0.046779 0.036037
0 0.123574 0.405416 0.060033 0.051283
5 0.762103 0.345123 0.017932 0.069302
5 0.739884 0.341658 0.017152 0.07346
5 0.573605 0.369238 0.021122 0.08404
0 0.529769 0.356211 0.014813 0.024949
0 0.447517 0.354825 0.026508 0.027721
0 0.472855 0.349281 0.010135 0.01386
5 0.623894 0.350464 0.017099 0.042914
