0 0.523147 0.43739 0.007651 0.010202
0 0.518843 0.443341 0.01052 0.008501
0 0.51693 0.450992 0.01052 0.013602
0 0.512148 0.459493 0.014346 0.017003
0 0.504497 0.460343 0.01052 0.018703
0 0.493977 0.465444 0.016259 0.032305
0 0.488716 0.470545 0.017215 0.032305
0 0.476762 0.473095 0.018171 0.037406
0 0.459546 0.455243 0.016259 0.028904
0 0.544187 0.444191 0.007651 0.010202
0 0.547056 0.450142 0.009564 0.011902
0 0.552795 0.466294 0.011477 0.017003
0 0.554229 0.471395 0.01052 0.020403
0 0.558533 0.476496 0.015302 0.027204
0 0.563315 0.484147 0.017215 0.028904
0 0.568575 0.489248 0.014346 0.025504
0 0.570488 0.490948 0.016259 0.028904
0 0.594398 0.481597 0.033474 0.057809
0 0.59918 0.487547 0.020084 0.045907
0 0.45859 0.467995 0.012433 0.037406
0 0.433724 0.452692 0.048776 0.061209
0 0.516271 0.472245 0.022591 0.022103
0 0.666605 0.50285 0.049732 0.042506
0 0.622133 0.486697 0.043038 0.06801
0 0.094683 0.516877 0.189366 0.326449
0 0.926553 0.717847 0.145372 0.384257
5 0.758706 0.504975 0.021997 0.085013
