0 0.44966 0.471072 0.013192 0.024471
0 0.434334 0.474705 0.013192 0.026511
0 0.425157 0.482352 0.00975 0.02753
0 0.414833 0.483372 0.014339 0.033648
0 0.398774 0.48898 0.022368 0.046903
0 0.377553 0.480823 0.02581 0.077492
0 0.347441 0.491529 0.040148 0.096866
0 0.327081 0.492039 0.057928 0.110121
0 0.47821 0.471136 0.006883 0.019373
0 0.489968 0.476744 0.016633 0.02855
0 0.5066 0.486941 0.01778 0.026511
0 0.524094 0.492549 0.017206 0.02753
0 0.536425 0.492549 0.021221 0.039766
0 0.548183 0.498157 0.025236 0.040785
0 0.569404 0.501725 0.034413 0.049962
0 0.591199 0.514981 0.039001 0.052002
0 0.62217 0.521098 0.057355 0.068316
0 0.670348 0.540981 0.081444 0.075453
0 0.255598 0.494285 0.146828 0.167221
0 0.100752 0.563088 0.197684 0.259485
0 0.958969 0.627077 0.080296 0.171299
