1 0.5428 0.193272 0.030551 0.083732
1 0.496045 0.201344 0.056028 0.085376
1 0.397997 0.211127 0.132065 0.204546
3 0.561577 0.26004 0.023011 0.085376
6 0.559576 0.218241 0.029014 0.108498
1 0.593093 0.191561 0.08004 0.129842
5 0.793692 0.217352 0.031015 0.096047
5 0.845218 0.217352 0.032016 0.19921
3 0.924257 0.257372 0.084042 0.17253
5 0.89074 0.174664 0.033016 0.113834
5 0.945767 0.158656 0.031015 0.088933
5 0.797788 0.221719 0.044824 0.121875
5 0.654746 0.188906 0.011865 0.046875
5 0.666611 0.202969 0.022412 0.089062
