0 0.141974 0.4035 0.031641 0.045
0 0.171716 0.406875 0.0405 0.05625
0 0.252716 0.41025 0.02025 0.045
2 0.272966 0.400125 0.045562 0.07425
2 0.090716 0.382125 0.086062 0.19575
5 0.207154 0.47775 0.091125 0.2835
5 0.348904 0.45975 0.045562 0.198
0 0.437498 0.41925 0.06075 0.063
5 0.477998 0.445125 0.075937 0.23625
5 0.562162 0.409125 0.021516 0.08325
5 0.609623 0.40125 0.025312 0.09
5 0.694419 0.4215 0.037969 0.1395
5 0.739982 0.4215 0.037969 0.1485
5 0.793138 0.420375 0.032906 0.13725
5 0.772888 0.39675 0.027844 0.162
5 0.835537 0.424875 0.024047 0.12825
5 0.870341 0.413625 0.02025 0.10125
5 0.88363 0.418125 0.024047 0.10575
5 0.542544 0.4035 0.017719 0.0855
