0 0.509759 0.492961 0.010775 0.014078
0 0.499649 0.490817 0.00861 0.012245
0 0.485443 0.490817 0.011193 0.012245
0 0.578756 0.503134 0.007749 0.015306
0 0.610182 0.507726 0.013776 0.012245
0 0.623527 0.510787 0.024968 0.018367
0 0.638163 0.516145 0.011193 0.010714
0 0.587796 0.513849 0.010332 0.015306
0 0.536015 0.508491 0.00861 0.016837
2 0.567564 0.494935 0.016358 0.022959
0 0.116723 0.511553 0.013776 0.013776
0 0.17613 0.506961 0.022385 0.022959
0 0.279877 0.50543 0.016358 0.016837
0 0.236828 0.510787 0.023246 0.02449
0 0.217887 0.510022 0.012915 0.016837
0 0.207986 0.513849 0.020663 0.021429
0 0.4853 0.515051 0.015497 0.02602
0 0.540833 0.525766 0.016358 0.019898
0 0.590338 0.528061 0.015497 0.021429
0 0.621333 0.545664 0.036161 0.053571
0 0.563648 0.541837 0.037883 0.061225
0 0.461193 0.511225 0.012054 0.02449
0 0.517798 0.536495 0.025583 0.041297
0 0.949451 0.844163 0.095568 0.304592
