0 0.332964 0.341858 0.04002 0.056917
0 0.271934 0.35164 0.050025 0.048024
0 0.203901 0.346304 0.034017 0.044466
0 0.167383 0.347194 0.053026 0.05336
0 0.03992 0.356087 0.079839 0.071146
0 0.451023 0.348972 0.018009 0.021344
0 0.469227 0.35164 0.016399 0.02668
0 0.482416 0.35253 0.015252 0.021344
0 0.497046 0.350751 0.012006 0.017787
0 0.508551 0.350751 0.011005 0.017787
0 0.518056 0.35253 0.014007 0.028459
0 0.538066 0.360534 0.022011 0.030237
0 0.565079 0.364091 0.028014 0.033794
0 0.841216 0.409447 0.124061 0.142293
