0 0.678965 0.597129 0.020487 0.031565
0 0.698086 0.599557 0.02595 0.041277
0 0.618188 0.592273 0.032779 0.031565
0 0.588823 0.597129 0.023218 0.036421
0 0.340934 0.605627 0.027316 0.014568
0 0.314301 0.61534 0.02595 0.029137
0 0.286985 0.62141 0.015024 0.031565
0 0.298594 0.623838 0.008195 0.026709
0 0.381907 0.604413 0.032779 0.01214
0 0.370981 0.609269 0.043705 0.016996
0 0.414003 0.604413 0.02595 0.01214
0 0.439953 0.600771 0.017755 0.014568
0 0.559459 0.594701 0.021853 0.026709
0 0.533509 0.591059 0.024584 0.014568
0 0.504828 0.593487 0.027316 0.014568
0 0.468634 0.598343 0.034145 0.014568
0 0.478195 0.617768 0.039608 0.024281
0 0.341617 0.623838 0.058729 0.031565
0 0.642772 0.589845 0.016389 0.031565
0 0.659844 0.592273 0.020487 0.031565
0 0.799154 0.662687 0.208965 0.196673
5 0.678282 0.594701 0.010926 0.070414
0 0.231671 0.623838 0.013658 0.031565
0 0.529412 0.618982 0.076484 0.041277
0 0.950073 0.591059 0.098336 0.466187
1 0.05625 0.606775 0.1125 0.14433
