1 0.489841 0.191496 0.221281 0.382991
0 0.94995 0.272946 0.094556 0.181964
2 0.658483 0.260815 0.098456 0.129974
5 0.893411 0.23742 0.02632 0.10398
5 0.757426 0.236553 0.013647 0.067587
5 0.735005 0.241752 0.013647 0.060655
5 0.715509 0.233954 0.011698 0.048524
5 0.722333 0.23482 0.009748 0.050257
5 0.748652 0.227022 0.013647 0.031194
5 0.292442 0.241752 0.011698 0.036393
5 0.315838 0.239153 0.011698 0.027728
3 0.261249 0.311939 0.068237 0.062388
3 0.295854 0.298075 0.034118 0.062388
3 0.305602 0.295475 0.032169 0.071053
3 0.317787 0.291143 0.033143 0.076252
3 0.329485 0.283344 0.031194 0.077985
3 0.341183 0.282478 0.025345 0.076252
