5 0.095846 0.520242 0.048943 0.184894
5 0.247262 0.492372 0.041295 0.120997
5 0.30844 0.499849 0.02753 0.103323
5 0.327176 0.498489 0.019118 0.081571
5 0.347059 0.499849 0.019118 0.073414
5 0.357765 0.478776 0.013 0.053021
5 0.366942 0.501888 0.019118 0.082931
5 0.380325 0.499849 0.018353 0.078852
5 0.39409 0.495091 0.015295 0.074773
5 0.409384 0.485574 0.013765 0.058459
5 0.43462 0.481949 0.007647 0.023112
5 0.523711 0.473792 0.008412 0.025831
5 0.532888 0.472432 0.006883 0.014955
5 0.540535 0.474471 0.006883 0.019033
5 0.550094 0.471072 0.009177 0.017674
5 0.560801 0.473792 0.006118 0.02855
5 0.566154 0.475151 0.007647 0.042145
5 0.579919 0.475831 0.016824 0.048943
5 0.589096 0.472432 0.010706 0.044864
5 0.607449 0.469033 0.019883 0.067976
5 0.602861 0.522054 0.022942 0.114199
5 0.636764 0.508233 0.030589 0.142749
5 0.782119 0.552601 0.07254 0.318319
5 0.884043 0.608919 0.09825 0.447279
5 0.513996 0.498732 0.013773 0.079988
5 0.524097 0.488121 0.01561 0.062031
5 0.473594 0.489754 0.006428 0.032648
0 0.490167 0.48559 0.033056 0.032648
