0 0.039663 0.53504 0.077731 0.178583
0 0.410382 0.47126 0.049031 0.06378
0 0.466587 0.473386 0.025113 0.034016
2 0.49768 0.469134 0.015546 0.034016
0 0.513226 0.468071 0.010763 0.019134
0 0.53236 0.462402 0.013155 0.014882
0 0.523989 0.464528 0.010763 0.023386
0 0.544916 0.471969 0.01435 0.025512
0 0.558669 0.474095 0.015546 0.02126
0 0.742234 0.502795 0.090886 0.087165
0 0.698585 0.474449 0.032288 0.03189
0 0.562257 0.467008 0.02033 0.02126
0 0.61906 0.462756 0.021526 0.017008
0 0.525783 0.430866 0.011959 0.017008
0 0.481536 0.474095 0.01435 0.02126
0 0.354739 0.466441 0.053814 0.055276
