5 0.247092 0.474962 0.019891 0.070724
5 0.225446 0.469761 0.016381 0.056163
5 0.21433 0.461441 0.017551 0.060324
5 0.164017 0.44376 0.015211 0.029122
0 0.369949 0.485362 0.050313 0.079045
0 0.436058 0.483282 0.016381 0.041602
0 0.458875 0.495763 0.031592 0.083205
0 0.54663 0.492643 0.017551 0.047843
0 0.63731 0.491603 0.039782 0.033282
0 0.406807 0.461441 0.032762 0.035362
0 0.581732 0.495763 0.064354 0.091525
0 0.498072 0.513444 0.074884 0.131048
0 0.307936 0.531125 0.111157 0.137288
0 0.156319 0.529466 0.147353 0.149692
3 0.047169 0.530159 0.074066 0.117813
0 0.745341 0.619558 0.275995 0.313244
