0 0.597719 0.450997 0.011569 0.018698
0 0.585624 0.455672 0.008414 0.020568
0 0.571425 0.450063 0.022087 0.046745
0 0.547234 0.463151 0.036812 0.050485
0 0.587727 0.450997 0.010518 0.018698
0 0.635057 0.451932 0.012621 0.028047
0 0.459832 0.47624 0.07152 0.09536
0 0.434064 0.497743 0.091504 0.108449
0 0.346031 0.519245 0.140937 0.166413
0 0.756641 0.464086 0.10728 0.130886
0 0.615704 0.451932 0.016828 0.028047
2 0.657985 0.433795 0.042071 0.09349
0 0.624329 0.435665 0.033657 0.048615
5 0.558383 0.463712 0.022087 0.086011
5 0.788194 0.493629 0.050485 0.1982
3 0.820799 0.464647 0.025242 0.080402
0 0.156379 0.561585 0.310271 0.360873
