5 0.976996 0.741612 0.045962 0.254013
5 0.686235 0.716743 0.027977 0.119013
5 0.66775 0.724737 0.022981 0.110132
0 0.402968 0.703421 0.010991 0.024868
0 0.393476 0.69898 0.013988 0.026645
0 0.374991 0.705197 0.03697 0.053289
0 0.266581 0.736283 0.117903 0.147434
5 0.008393 0.736283 0.016786 0.150987
0 0.468914 0.692763 0.026978 0.028421
0 0.4864 0.699868 0.019984 0.039079
0 0.504884 0.701645 0.022981 0.053289
0 0.52287 0.705197 0.026978 0.0675
0 0.214623 0.831316 0.027977 0.007105
0 0.564336 0.717632 0.079934 0.103026
5 0.19398 0.711562 0.021094 0.098437
