0 0.495544 0.762689 0.013 0.017674
0 0.482849 0.761601 0.013765 0.021752
0 0.472908 0.760242 0.022942 0.02719
0 0.456466 0.757523 0.009941 0.019033
0 0.447289 0.754124 0.013 0.020393
0 0.423851 0.765068 0.016824 0.025831
0 0.41735 0.767107 0.017589 0.02719
0 0.40435 0.767787 0.016059 0.02855
0 0.39632 0.770506 0.012236 0.025831
0 0.38179 0.772545 0.02906 0.029909
0 0.51275 0.763369 0.019118 0.025831
0 0.581423 0.776964 0.072649 0.05574
0 0.581385 0.78614 0.035177 0.048943
0 0.60165 0.791579 0.058884 0.065257
0 0.660056 0.801775 0.132871 0.091088
0 0.720374 0.776511 0.033648 0.039426
0 0.744463 0.827266 0.139945 0.142749
0 0.869496 0.833966 0.260008 0.217523
0 0.351393 0.779683 0.019118 0.039426
0 0.342216 0.780362 0.022177 0.046224
0 0.329598 0.783761 0.021412 0.047583
0 0.310862 0.781722 0.037472 0.054381
0 0.290214 0.789879 0.026765 0.048943
0 0.268037 0.797356 0.039001 0.058459
0 0.236683 0.796677 0.04206 0.067976
0 0.181113 0.808233 0.087944 0.093807
0 0.137269 0.770846 0.037472 0.032628
0 0.112542 0.81639 0.07163 0.091088
0 0.051492 0.820468 0.100944 0.14003
