0 0.370793 0.545883 0.018171 0.024687
0 0.337606 0.54068 0.026779 0.034005
0 0.301187 0.544081 0.044147 0.051008
0 0.233123 0.569598 0.057676 0.078185
0 0.419839 0.535357 0.025728 0.026335
0 0.39872 0.544081 0.014346 0.017003
0 0.439845 0.533135 0.020084 0.021892
0 0.526207 0.533029 0.013389 0.028904
0 0.544857 0.53983 0.025823 0.042506
0 0.572114 0.53983 0.026779 0.039106
0 0.593154 0.541531 0.017215 0.045907
0 0.61869 0.544931 0.035387 0.052708
0 0.679421 0.578086 0.055471 0.098615
0 0.729632 0.586587 0.062165 0.102015
0 0.827796 0.616537 0.134163 0.147531
0 0.161152 0.574685 0.098508 0.102015
0 0.061209 0.585737 0.122418 0.13772
0 0.937503 0.632494 0.124331 0.249937
0 0.501548 0.528163 0.014505 0.015772
0 0.459956 0.529684 0.018171 0.020535
0 0.26391 0.545059 0.033525 0.054055
0 0.367993 0.526832 0.024949 0.020791
5 0.384755 0.525654 0.007017 0.024949
