0 0.04241 0.568309 0.08482 0.101001
0 0.884204 0.682824 0.228853 0.293045
5 0.12923 0.552661 0.020005 0.06686
0 0.485712 0.534168 0.035208 0.06117
0 0.34728 0.540569 0.027206 0.034141
0 0.399292 0.542703 0.022405 0.021338
0 0.424098 0.537724 0.020805 0.028451
0 0.550527 0.545548 0.027206 0.032719
0 0.511718 0.537013 0.018404 0.027028
0 0.21805 0.539858 0.047211 0.035564
0 0.745772 0.593915 0.161637 0.180664
0 0.65135 0.564041 0.091221 0.135142
0 0.595738 0.545548 0.064815 0.089621
0 0.530523 0.542703 0.019204 0.041254
0 0.461307 0.53559 0.013603 0.021338
0 0.368085 0.541992 0.019204 0.031296
0 0.380488 0.544126 0.012003 0.021338
0 0.438101 0.536302 0.010402 0.019916
