0 0.318913 0.563534 0.077786 0.105416
0 0.438781 0.529528 0.020403 0.01927
0 0.47353 0.557299 0.026141 0.056675
0 0.494889 0.556732 0.020403 0.035139
0 0.505091 0.563534 0.020403 0.035139
0 0.449939 0.561267 0.033792 0.055542
0 0.3967 0.602176 0.104565 0.153023
5 0.177048 0.562864 0.014665 0.083879
0 0.776329 0.624176 0.019765 0.036272
0 0.937003 0.63278 0.123056 0.139421
2 0.665069 0.486455 0.318797 0.536146
4 0.159514 0.589501 0.021678 0.044207
5 0.827655 0.592541 0.014027 0.077078
5 0.850928 0.601609 0.014665 0.097481
