0 0.178344 0.509368 0.039762 0.054055
0 0.219665 0.507289 0.031965 0.033265
0 0.261766 0.50521 0.02105 0.023563
0 0.295437 0.519269 0.015106 0.026731
0 0.311566 0.521348 0.024949 0.028117
0 0.91199 0.568968 0.024949 0.042967
0 0.950193 0.578324 0.073287 0.05059
0 0.880025 0.573819 0.04366 0.052669
0 0.848839 0.57174 0.024949 0.045739
0 0.822721 0.566196 0.031965 0.031879
0 0.798552 0.569661 0.058473 0.044353
0 0.758741 0.566394 0.033622 0.032275
0 0.730723 0.555504 0.024169 0.037423
0 0.601691 0.539168 0.031186 0.033265
0 0.636727 0.55392 0.077867 0.051679
0 0.556862 0.537782 0.032745 0.016632
0 0.513981 0.529466 0.026508 0.022177
0 0.485914 0.531545 0.02183 0.029107
0 0.47227 0.52115 0.017932 0.016632
0 0.448101 0.519071 0.017932 0.015246
0 0.420034 0.516992 0.025728 0.022177
0 0.400543 0.515606 0.02105 0.019405
0 0.581421 0.526001 0.02105 0.020791
0 0.026674 0.508022 0.0521 0.043442
0 0.127959 0.513725 0.063151 0.0596
0 0.357565 0.535208 0.071727 0.088706
0 0.986856 0.580601 0.024988 0.046036
2 0.108994 0.484004 0.091998 0.113655
