0 0.335522 0.694453 0.019775 0.053906
0 0.303882 0.692109 0.046143 0.077344
0 0.220825 0.700312 0.027686 0.046875
0 0.190503 0.709687 0.067236 0.075
2 0.394848 0.670312 0.022412 0.028125
0 0.408691 0.685078 0.010547 0.025781
0 0.418579 0.688593 0.011865 0.032812
0 0.425171 0.688593 0.017139 0.042187
0 0.439013 0.693281 0.029004 0.042187
0 0.362549 0.708515 0.055371 0.077344
0 0.279492 0.720234 0.084375 0.114844
0 0.386938 0.69914 0.035596 0.063281
0 0.66643 0.764765 0.341455 0.447656
2 0.073828 0.563203 0.147656 0.635156
