0 0.22018 0.507897 0.073714 0.081125
0 0.190344 0.49507 0.021061 0.029122
0 0.268738 0.50027 0.023401 0.027042
0 0.440154 0.49403 0.019891 0.043683
0 0.46882 0.50027 0.018721 0.031202
0 0.519718 0.50547 0.017551 0.045763
0 0.537854 0.512751 0.032762 0.060324
0 0.568861 0.518991 0.050313 0.076965
0 0.594018 0.529392 0.046803 0.101926
0 0.640236 0.534592 0.090095 0.112327
0 0.723896 0.549153 0.138068 0.158089
0 0.876912 0.588359 0.242848 0.262728
5 0.812821 0.473228 0.023401 0.043683
0 0.492807 0.50755 0.040952 0.058243
0 0.395691 0.551233 0.118177 0.178891
0 0.456327 0.50183 0.015211 0.024961
