0 0.088547 0.558513 0.175511 0.189291
0 0.186248 0.527312 0.059674 0.043683
0 0.226616 0.525231 0.046803 0.043683
0 0.262888 0.523151 0.025742 0.022881
0 0.2898 0.523151 0.028082 0.027042
0 0.422017 0.535632 0.039782 0.060324
0 0.473501 0.523151 0.023401 0.027042
0 0.503922 0.522111 0.021061 0.037442
0 0.520303 0.515871 0.014041 0.016641
0 0.895311 0.541872 0.111157 0.097766
0 0.401627 0.521591 0.012871 0.022881
0 0.385246 0.519511 0.017551 0.022881
0 0.447844 0.513271 0.014041 0.014561
0 0.660505 0.523671 0.025742 0.022881
0 0.686831 0.524711 0.022231 0.029122
0 0.710233 0.524711 0.029252 0.029122
0 0.36436 0.523983 0.014041 0.014561
