0 0.43524 0.475078 0.010547 0.021094
0 0.424693 0.475078 0.01582 0.030469
0 0.411509 0.47625 0.01582 0.0375
0 0.396348 0.47625 0.022412 0.051562
0 0.375254 0.475078 0.032959 0.072656
0 0.348228 0.484453 0.036914 0.086719
0 0.487315 0.485625 0.017139 0.01875
0 0.503135 0.475078 0.025049 0.049219
0 0.517637 0.486797 0.032959 0.044531
0 0.540708 0.483281 0.029004 0.05625
0 0.573667 0.491484 0.076465 0.096094
0 0.454356 0.47625 0.022412 0.032812
0 0.686387 0.5325 0.164795 0.196875
0 0.295494 0.492656 0.110742 0.135937
