0 0.405105 0.456545 0.013673 0.024307
0 0.41352 0.469633 0.024191 0.039266
0 0.41983 0.479917 0.01788 0.041136
0 0.433503 0.481787 0.024191 0.044875
0 0.362509 0.462154 0.016828 0.028047
0 0.350414 0.482722 0.024191 0.039266
0 0.335689 0.489266 0.019984 0.048615
0 0.296773 0.479917 0.059951 0.104709
0 0.286782 0.500485 0.031553 0.082272
0 0.448929 0.482722 0.024191 0.087881
0 0.234018 0.500485 0.097814 0.12964
0 0.386875 0.455921 0.01788 0.024307
0 0.479956 0.483968 0.069417 0.110319
0 0.886789 0.66712 0.225078 0.510457
