0 0.44305 0.465308 0.016572 0.025995
0 0.477656 0.463575 0.015597 0.019063
0 0.489354 0.473973 0.009748 0.039859
0 0.575137 0.480039 0.046791 0.06932
0 0.4109 0.478306 0.059426 0.090116
0 0.464496 0.469641 0.022421 0.031194
0 0.523959 0.480039 0.061413 0.10398
0 0.655071 0.480039 0.074085 0.097048
0 0.304627 0.479172 0.184239 0.244352
0 0.194474 0.461842 0.078959 0.084917
0 0.104304 0.49217 0.208609 0.159435
0 0.02836 0.43758 0.056358 0.050257
5 0.801779 0.480039 0.032169 0.121309
5 0.750602 0.480905 0.027295 0.105712
5 0.89 0.497369 0.025345 0.10398
5 0.97822 0.519898 0.041917 0.152503
