0 0.404545 0.424063 0.007798 0.015597
0 0.414781 0.434461 0.010723 0.039859
0 0.39431 0.428396 0.010723 0.01733
0 0.383587 0.415398 0.014622 0.022529
0 0.336796 0.433595 0.012673 0.020796
0 0.145246 0.440526 0.10333 0.107445
0 0.357267 0.43966 0.028269 0.039859
0 0.386511 0.437061 0.020471 0.031194
0 0.437201 0.443992 0.041917 0.062388
0 0.491303 0.441393 0.042892 0.046791
0 0.550279 0.456123 0.073111 0.079718
0 0.27977 0.446592 0.05069 0.067587
0 0.079447 0.517645 0.158894 0.265148
0 0.669693 0.405867 0.017547 0.055456
0 0.639474 0.389403 0.058488 0.019063
0 0.745728 0.401534 0.037043 0.060655
0 0.718433 0.411066 0.033143 0.045058
0 0.801292 0.389403 0.095531 0.088383
0 0.83931 0.408466 0.046791 0.064121
2 0.733055 0.385937 0.113078 0.102247
2 0.92363 0.35301 0.151095 0.175032
