5 0.543361 0.461441 0.014587 0.030508
0 0.405343 0.450763 0.022309 0.013729
0 0.447388 0.459915 0.044619 0.022881
0 0.530619 0.46983 0.017161 0.024407
0 0.557218 0.475932 0.034322 0.030508
0 0.815148 0.534661 0.130424 0.178475
0 0.251409 0.463729 0.012013 0.021356
0 0.272002 0.463729 0.03089 0.051864
0 0.301605 0.471356 0.048909 0.076271
0 0.333353 0.495 0.062638 0.09
0 0.473644 0.509491 0.075508 0.088475
0 0.389984 0.476695 0.093528 0.050339
0 0.197266 0.457627 0.023167 0.024407
0 0.174098 0.454576 0.021451 0.030508
0 0.147928 0.456102 0.024025 0.042712
0 0.110174 0.453813 0.024025 0.059492
0 0.088722 0.457627 0.048051 0.070169
0 0.048394 0.480508 0.084089 0.082373
0 0.013193 0.468305 0.026385 0.07322
0 0.644258 0.541198 0.213655 0.227288
0 0.418591 0.590775 0.201642 0.259322
0 0.895161 0.625424 0.208506 0.334068
0 0.24004 0.461441 0.014587 0.018305
0 0.215156 0.45839 0.012871 0.021356
