0 0.453846 0.396892 0.016804 0.019916
0 0.439043 0.400448 0.014403 0.015648
0 0.466249 0.39049 0.011203 0.021338
0 0.476252 0.39049 0.020005 0.015648
0 0.479452 0.404716 0.029607 0.041254
0 0.504258 0.391201 0.020005 0.042677
0 0.520262 0.399025 0.018404 0.041254
0 0.533465 0.402582 0.016004 0.034141
0 0.545468 0.409695 0.017604 0.039831
0 0.576504 0.394402 0.054754 0.098867
0 0.414696 0.385511 0.030407 0.064015
0 0.383489 0.396892 0.017604 0.027028
0 0.358683 0.408272 0.038409 0.055479
0 0.397892 0.41823 0.048011 0.06117
0 0.331877 0.411828 0.031207 0.045522
0 0.321074 0.414674 0.028807 0.042677
0 0.295068 0.419652 0.039209 0.058325
0 0.26186 0.425343 0.059214 0.058325
0 0.918012 0.448815 0.125629 0.159326
0 0.793683 0.474421 0.181042 0.203425
2 0.929148 0.398722 0.140566 0.208507
5 0.616382 0.404004 0.010402 0.051212
5 0.60838 0.418941 0.008802 0.06117
5 0.687116 0.412438 0.015204 0.06686
5 0.666311 0.420262 0.015204 0.085353
5 0.634704 0.415283 0.022405 0.064015
5 0.631103 0.420262 0.021605 0.093888
5 0.53348 0.410304 0.010402 0.039831
5 0.453862 0.398213 0.008002 0.024183
5 0.224152 0.420973 0.018404 0.086776
5 0.211349 0.412438 0.013603 0.055479
5 0.170539 0.420973 0.016804 0.086776
5 0.025306 0.420262 0.019204 0.102424
5 0.916147 0.471652 0.078289 0.294621
5 0.970442 0.497848 0.056813 0.411117
