0 0.544104 0.454079 0.016059 0.036707
0 0.529957 0.458225 0.018353 0.042825
0 0.512177 0.458225 0.03556 0.063218
0 0.507588 0.470461 0.024089 0.059139
0 0.489808 0.47352 0.039001 0.089728
0 0.558634 0.463323 0.009177 0.016314
0 0.657857 0.466382 0.049325 0.071375
0 0.679652 0.478618 0.053913 0.063218
0 0.734712 0.505128 0.079149 0.095846
0 0.864793 0.52756 0.209918 0.201888
0 0.595341 0.461896 0.014912 0.02855
0 0.275302 0.546526 0.250066 0.246752
0 0.134105 0.638809 0.268211 0.369109
0 0.950731 0.562336 0.096356 0.208006
0 0.440483 0.4829 0.094062 0.138671
0 0.575152 0.463527 0.029824 0.042825
0 0.604518 0.464955 0.011471 0.030589
0 0.615415 0.461896 0.024089 0.036707
0 0.62918 0.468014 0.019501 0.040785
