0 0.411328 0.477187 0.010547 0.015
0 0.400781 0.484687 0.014766 0.0225
0 0.393398 0.471562 0.008437 0.0075
0 0.372904 0.4875 0.015675 0.028125
0 0.456152 0.479062 0.009492 0.02625
0 0.32748 0.499687 0.01793 0.0375
0 0.315879 0.505312 0.022148 0.045
0 0.29584 0.505312 0.028477 0.06375
2 0.261035 0.508125 0.068555 0.088125
0 0.200536 0.521625 0.075937 0.105
0 0.662489 0.472875 0.099141 0.0675
0 0.679364 0.48225 0.063281 0.06
0 0.468426 0.4785 0.021094 0.03375
0 0.38827 0.486 0.012656 0.03375
0 0.436785 0.490687 0.03375 0.058125
0 0.570203 0.494437 0.081211 0.121875
0 0.121434 0.548812 0.113906 0.125625
0 0.040151 0.569437 0.080301 0.159375
0 0.97875 0.664687 0.040078 0.279375
