0 0.508395 0.493474 0.00429 0.013729
0 0.513114 0.494237 0.005148 0.012203
0 0.518263 0.495 0.005148 0.01678
0 0.521695 0.497288 0.005148 0.015254
0 0.526414 0.495763 0.00429 0.015254
0 0.531133 0.495763 0.005148 0.018305
0 0.537569 0.496525 0.006006 0.019831
0 0.546149 0.497288 0.009439 0.018305
0 0.555588 0.500339 0.007722 0.021356
0 0.566313 0.499881 0.012013 0.023492
0 0.447044 0.505678 0.006864 0.01678
0 0.441038 0.507203 0.008581 0.019831
0 0.417442 0.511017 0.011155 0.024407
0 0.403284 0.510254 0.020593 0.032034
0 0.382691 0.51483 0.022309 0.035085
0 0.362526 0.522458 0.018019 0.035085
0 0.34322 0.520169 0.018877 0.042712
0 0.457341 0.503237 0.012013 0.01678
0 0.47107 0.500949 0.012013 0.015254
0 0.591197 0.494085 0.036038 0.047288
0 0.316192 0.530593 0.047193 0.062542
