0 0.065401 0.601085 0.10097 0.082272
0 0.119567 0.595475 0.041019 0.037396
0 0.21107 0.586126 0.047329 0.037396
0 0.254719 0.563688 0.021035 0.011219
0 0.277332 0.562753 0.019984 0.013089
0 0.328151 0.563718 0.082038 0.134685
1 0.39599 0.53383 0.030501 0.059834
0 0.422284 0.545049 0.016828 0.029917
0 0.459622 0.538504 0.013673 0.020568
0 0.473821 0.536635 0.014725 0.020568
0 0.496434 0.5357 0.024191 0.029917
0 0.643681 0.520741 0.028398 0.044875
0 0.675234 0.496434 0.049433 0.048615
0 0.72046 0.498304 0.047329 0.037396
0 0.77673 0.489889 0.061002 0.046745
0 0.867181 0.473061 0.092555 0.061704
0 0.943434 0.473061 0.057847 0.057964
0 0.379162 0.554398 0.038915 0.074792
0 0.56848 0.553463 0.148299 0.203809
0 0.445423 0.550658 0.032605 0.044875
0 0.983402 0.461842 0.030501 0.061704
