0 0.453078 0.533175 0.009597 0.017062
0 0.465674 0.536374 0.010797 0.02346
0 0.48007 0.536374 0.015595 0.014929
0 0.477671 0.557701 0.020394 0.019194
0 0.457277 0.5609 0.015595 0.029858
0 0.416489 0.567298 0.015595 0.025592
0 0.434483 0.568365 0.029991 0.044787
0 0.44468 0.521445 0.007198 0.019194
0 0.435083 0.543839 0.019194 0.021327
0 0.492066 0.556635 0.013196 0.021327
0 0.509461 0.556635 0.028791 0.046919
0 0.403893 0.533175 0.011996 0.017062
0 0.388297 0.535308 0.014396 0.021327
0 0.417688 0.536374 0.010797 0.014929
0 0.393696 0.568365 0.020394 0.02346
0 0.368503 0.574763 0.020394 0.027725
0 0.351708 0.57263 0.015595 0.027725
0 0.330114 0.575829 0.022793 0.034123
0 0.299524 0.588625 0.023993 0.042654
0 0.043084 0.650474 0.085806 0.072512
0 0.230544 0.680331 0.193143 0.183412
0 0.603633 0.573696 0.111567 0.098104
0 0.895746 0.500118 0.050385 0.044787
5 0.857958 0.508649 0.039588 0.121564
0 0.887349 0.700592 0.223134 0.522512
