0 0.317236 0.574839 0.022046 0.026129
0 0.306212 0.583548 0.017147 0.026129
0 0.285391 0.587903 0.029395 0.034839
0 0.227213 0.612944 0.040418 0.037016
0 0.195981 0.623831 0.046542 0.050081
5 0.151888 0.631452 0.017147 0.060968
5 0.545048 0.533468 0.014698 0.052258
5 0.530351 0.533468 0.009798 0.034839
5 0.605063 0.550887 0.026946 0.121936
5 0.584242 0.558508 0.022046 0.111048
0 0.56342 0.537823 0.017147 0.047903
0 0.459312 0.546532 0.046542 0.021774
0 0.385212 0.555242 0.011023 0.013065
0 0.402359 0.556331 0.011023 0.019597
0 0.445839 0.775161 0.389486 0.444194
