5 0.965396 0.550256 0.045999 0.259189
5 0.917838 0.498973 0.031965 0.151078
5 0.669521 0.464322 0.006237 0.042967
5 0.750214 0.460164 0.010135 0.031879
5 0.665622 0.465708 0.006237 0.048511
5 0.611047 0.441453 0.009356 0.033265
5 0.536201 0.434522 0.009356 0.019405
5 0.521778 0.426206 0.007017 0.016632
5 0.263325 0.399178 0.010135 0.015246
5 0.273071 0.39502 0.010915 0.020791
0 0.36312 0.408881 0.010915 0.020791
0 0.346358 0.435908 0.016373 0.030493
0 0.317121 0.440067 0.042101 0.077618
0 0.284766 0.46155 0.031965 0.08732
0 0.249487 0.458778 0.037813 0.115041
0 0.188479 0.451848 0.116947 0.209291
0 0.156904 0.462936 0.113049 0.239784
0 0.065685 0.453927 0.13098 0.426899
0 0.574794 0.469866 0.063151 0.090092
0 0.432703 0.550949 0.201538 0.324333
0 0.523727 0.474024 0.039762 0.08732
