0 0.479351 0.385863 0.016381 0.018721
0 0.498657 0.382743 0.024571 0.024961
0 0.520303 0.391063 0.021061 0.041602
0 0.533759 0.395224 0.024571 0.049923
0 0.5478 0.391063 0.036272 0.066564
0 0.570616 0.402504 0.051483 0.085285
0 0.599868 0.414985 0.053823 0.114407
0 0.611569 0.434746 0.044463 0.095686
0 0.684113 0.434746 0.133388 0.17057
0 0.845583 0.49819 0.306558 0.301618
0 0.043104 0.450347 0.086207 0.135208
0 0.435473 0.383783 0.019891 0.022881
0 0.419677 0.383783 0.021061 0.027042
0 0.395106 0.379623 0.028082 0.031202
0 0.349473 0.380663 0.016381 0.054083
0 0.332507 0.380663 0.024571 0.058243
0 0.313201 0.384823 0.028082 0.062404
0 0.29214 0.390023 0.032762 0.068644
0 0.254697 0.388983 0.060844 0.091525
0 0.193854 0.399384 0.079565 0.108166
0 0.104928 0.430586 0.131048 0.128968
0 0.458875 0.382743 0.019891 0.016641
