0 0.292192 0.436765 0.090827 0.137647
0 0.028095 0.448677 0.05619 0.124412
0 0.178286 0.481765 0.2025 0.296471
0 0.423966 0.45 0.184632 0.317647
5 0.986797 0.362647 0.020846 0.121765
5 0.962974 0.40103 0.068493 0.246177
5 0.799187 0.358677 0.029779 0.108529
5 0.772385 0.345441 0.029779 0.076765
5 0.732183 0.402353 0.074449 0.280588
5 0.658479 0.422206 0.052114 0.230294
5 0.621255 0.397059 0.037224 0.169412
5 0.595942 0.397059 0.02829 0.148235
5 0.601154 0.3825 0.020846 0.124412
5 0.568396 0.363971 0.035735 0.082059
5 0.54085 0.411618 0.040202 0.172059
5 0.508837 0.37853 0.029779 0.100588
5 0.484269 0.37853 0.02829 0.079412
5 0.361429 0.387794 0.029779 0.082059
5 0.33835 0.406324 0.016379 0.119118
5 0.074058 0.424853 0.020846 0.082059
