0 0.277333 0.414185 0.010723 0.01733
0 0.298779 0.413319 0.008773 0.012131
0 0.307552 0.414185 0.010723 0.013864
0 0.317787 0.415918 0.009748 0.01733
0 0.327048 0.419384 0.010723 0.010398
0 0.332409 0.421117 0.007798 0.013864
0 0.337284 0.42285 0.007798 0.013864
0 0.344595 0.424583 0.012673 0.01733
0 0.354343 0.426316 0.012673 0.031194
0 0.449386 0.424583 0.013647 0.031194
0 0.470345 0.449711 0.039967 0.064121
0 0.483505 0.466175 0.05264 0.072786
0 0.575624 0.449711 0.047766 0.050257
0 0.533707 0.482638 0.092607 0.119576
0 0.288543 0.421117 0.017547 0.024262
0 0.399671 0.47224 0.113078 0.171566
0 0.712097 0.531162 0.287568 0.358729
0 0.96506 0.508633 0.040942 0.029461
