5 0.207634 0.467041 0.007798 0.039859
5 0.157919 0.475706 0.015597 0.067587
5 0.10138 0.493036 0.011698 0.091849
5 0.106254 0.488704 0.005849 0.055456
5 0.038018 0.481772 0.017547 0.06932
5 0.015597 0.447978 0.011698 0.019063
0 0.386999 0.445379 0.009748 0.024262
0 0.374326 0.450578 0.011698 0.020796
0 0.361654 0.449711 0.007798 0.019063
0 0.347519 0.458376 0.02632 0.036393
0 0.31925 0.460109 0.014622 0.039859
0 0.45816 0.453177 0.029244 0.046791
0 0.423067 0.469641 0.054589 0.083184
0 0.278795 0.467041 0.070186 0.084917
0 0.564414 0.483505 0.070186 0.138639
0 0.635087 0.498235 0.147196 0.230488
0 0.8173 0.553691 0.3654 0.518165
0 0.007311 0.528562 0.012673 0.076252
