0 0.531358 0.518843 0.010531 0.016641
0 0.513807 0.519883 0.012871 0.018721
0 0.495086 0.526123 0.015211 0.022881
0 0.48163 0.528017 0.014041 0.01835
0 0.461154 0.535484 0.024571 0.033282
0 0.435412 0.538604 0.033932 0.035362
0 0.379249 0.553165 0.033932 0.052003
0 0.330691 0.569806 0.077225 0.097766
0 0.553589 0.518843 0.015211 0.024961
0 0.5688 0.531323 0.017551 0.024962
0 0.64193 0.555245 0.093606 0.135208
0 0.709794 0.517802 0.032762 0.027042
0 0.73729 0.519883 0.031592 0.035362
0 0.767127 0.526123 0.039782 0.031202
0 0.792284 0.519883 0.029252 0.047843
0 0.822121 0.530283 0.044463 0.043683
0 0.867168 0.533403 0.064354 0.054083
0 0.897012 0.691939 0.203606 0.554205
4 0.502838 0.401984 0.00585 0.033282
