0 0.012433 0.563634 0.022953 0.113917
0 0.02391 0.513476 0.04782 0.088413
0 0.04782 0.518577 0.038256 0.044207
0 0.079859 0.523678 0.041125 0.078212
0 0.134851 0.522828 0.097552 0.100315
0 0.199408 0.510926 0.050689 0.056108
0 0.237663 0.524528 0.064078 0.059509
0 0.28357 0.505825 0.018171 0.022103
0 0.294091 0.515177 0.025823 0.034005
0 0.319435 0.510926 0.030605 0.042506
0 0.350996 0.516027 0.022953 0.022103
0 0.338563 0.504125 0.007651 0.025504
0 0.42942 0.517727 0.022953 0.022103
0 0.48776 0.551732 0.08225 0.110516
0 0.386382 0.520277 0.045907 0.06461
0 0.239098 0.433564 0.017215 0.006801
0 0.270181 0.436115 0.014346 0.008501
