0 0.515126 0.570997 0.026383 0.024471
0 0.487023 0.569977 0.022942 0.018353
0 0.469816 0.579154 0.022942 0.02855
0 0.443433 0.574056 0.029824 0.034668
0 0.416476 0.578134 0.030971 0.038746
0 0.379769 0.575075 0.044737 0.053021
0 0.342489 0.583233 0.036707 0.044864
0 0.296032 0.587311 0.056208 0.0571
1 0.814599 0.557742 0.018353 0.022432
1 0.792231 0.556722 0.012618 0.020393
0 0.775434 0.56182 0.019501 0.018353
0 0.757081 0.563859 0.014912 0.018353
0 0.825906 0.566918 0.014912 0.036707
0 0.833936 0.565899 0.019501 0.042825
0 0.848275 0.572017 0.02753 0.046903
0 0.858598 0.577115 0.022942 0.048943
0 0.919968 0.578134 0.06309 0.08361
0 0.882114 0.578134 0.037854 0.067296
0 0.968511 0.590306 0.060796 0.101964
0 0.631173 0.644411 0.193859 0.30997
0 0.234853 0.601586 0.066531 0.069335
