0 0.496166 0.504656 0.009356 0.031879
0 0.48876 0.508121 0.007017 0.019405
0 0.511759 0.509322 0.031186 0.047495
0 0.570623 0.486637 0.014813 0.018018
0 0.595181 0.508121 0.04366 0.06653
0 0.703552 0.510893 0.038982 0.047125
0 0.878922 0.50276 0.060712 0.036404
0 0.456404 0.524338 0.063931 0.090092
0 0.546843 0.520179 0.059253 0.070688
0 0.656773 0.51117 0.059253 0.06653
1 0.55004 0.478876 0.025728 0.012474
0 0.079914 0.603757 0.02105 0.027721
0 0.10915 0.632171 0.029627 0.037423
0 0.297435 0.558711 0.02105 0.020791
0 0.318485 0.551088 0.011695 0.011088
0 0.931598 0.499666 0.017932 0.020791
0 0.153093 0.624055 0.051031 0.041237
0 0.73299 0.5189 0.032474 0.020619
