0 0.442617 0.424792 0.014766 0.02625
0 0.430313 0.428542 0.018281 0.04375
0 0.423984 0.436667 0.012656 0.0325
0 0.405703 0.439167 0.032344 0.0575
0 0.367128 0.461875 0.057656 0.06625
0 0.29787 0.49125 0.086484 0.125
0 0.483047 0.417292 0.008437 0.01875
0 0.491133 0.424792 0.010547 0.02875
0 0.510469 0.437292 0.025313 0.04375
0 0.529901 0.445625 0.024609 0.04375
0 0.568828 0.449375 0.073828 0.11375
0 0.6606 0.481909 0.151172 0.23
0 0.139936 0.567534 0.279844 0.30625
0 0.831094 0.59375 0.334688 0.365
