0 0.257337 0.787405 0.077885 0.085207
0 0.345707 0.775423 0.10784 0.20503
0 0.093845 0.791399 0.187691 0.295562
0 0.440441 0.818692 0.196958 0.225
0 0.207443 0.784438 0.019471 0.047929
5 0.531338 0.778846 0.008238 0.025296
5 0.550809 0.77818 0.009736 0.02929
5 0.541448 0.779512 0.008987 0.026627
5 0.606886 0.784165 0.014328 0.061132
5 0.660616 0.795627 0.018626 0.094245
5 0.745867 0.80709 0.020059 0.106981
3 0.687122 0.832561 0.05158 0.040755
6 0.689272 0.781618 0.015761 0.061132
6 0.703599 0.7818 0.015761 0.053491
5 0.905622 0.809637 0.027223 0.086604
0 0.990873 0.821099 0.017193 0.068774
