5 0.754001 0.514672 0.053339 0.185906
0 0.493208 0.50469 0.018949 0.014972
0 0.460924 0.499076 0.018949 0.021211
0 0.443378 0.494085 0.020353 0.033688
0 0.434254 0.500323 0.016142 0.033688
0 0.42478 0.502819 0.014037 0.038678
5 0.300908 0.503443 0.010527 0.052403
5 0.285116 0.480984 0.014037 0.027449
0 0.256342 0.533387 0.089834 0.114787
0 0.160543 0.559589 0.1537 0.169686
0 0.513911 0.49658 0.012633 0.051155
0 0.519526 0.500947 0.014037 0.057394
0 0.57111 0.513424 0.101765 0.172181
0 0.51707 0.53713 0.009124 0.059889
0 0.367581 0.521534 0.110187 0.140989
0 0.051672 0.567075 0.103344 0.247042
