0 0.335918 0.702723 0.368086 0.560625
0 0.808568 0.664419 0.343075 0.270268
5 0.494121 0.557678 0.005273 0.0375
5 0.512578 0.561428 0.008437 0.03375
5 0.543164 0.567053 0.006328 0.02625
5 0.548437 0.565178 0.008437 0.0375
5 0.564258 0.566116 0.006328 0.039375
5 0.570586 0.570803 0.010547 0.045
5 0.579551 0.563303 0.007383 0.04875
5 0.586406 0.558616 0.008437 0.046875
5 0.601699 0.565178 0.009492 0.0375
5 0.606445 0.565178 0.006328 0.04125
5 0.616465 0.562366 0.007383 0.043125
5 0.631758 0.565178 0.008437 0.04875
5 0.641777 0.552053 0.007383 0.04125
5 0.654433 0.568928 0.009492 0.03
5 0.666035 0.555803 0.011602 0.02625
5 0.675 0.561428 0.012656 0.03375
5 0.698203 0.559553 0.008437 0.01875
5 0.683965 0.565178 0.013711 0.0225
