0 0.306133 0.432794 0.029779 0.029118
0 0.366436 0.42353 0.013401 0.015882
0 0.447585 0.42353 0.017868 0.026471
0 0.423761 0.4275 0.026801 0.023824
0 0.457263 0.430147 0.022335 0.034412
0 0.521885 0.447353 0.04318 0.079412
0 0.549431 0.459265 0.053603 0.103235
0 0.625517 0.475147 0.143239 0.187941
0 0.231088 0.428824 0.041691 0.074118
0 0.19982 0.434118 0.041691 0.068824
0 0.161107 0.438089 0.065515 0.082059
0 0.129541 0.442059 0.080404 0.095294
0 0.049881 0.452647 0.099761 0.142941
0 0.832087 0.579265 0.332041 0.325588
