0 0.43524 0.418828 0.01582 0.021094
0 0.42667 0.423515 0.019775 0.025781
0 0.363389 0.445781 0.035596 0.051562
0 0.339659 0.449297 0.032959 0.049219
0 0.320542 0.456328 0.039551 0.072656
0 0.247373 0.439922 0.114697 0.138281
0 0.143882 0.462187 0.163476 0.178125
0 0.501817 0.424687 0.006592 0.023437
0 0.50709 0.431718 0.014502 0.028125
0 0.519615 0.43875 0.021094 0.032812
0 0.542027 0.443437 0.034277 0.046875
0 0.561143 0.453984 0.035596 0.063281
0 0.586851 0.471562 0.055371 0.075
0 0.621787 0.480937 0.0646 0.098437
0 0.412168 0.436406 0.027686 0.0375
0 0.47479 0.453984 0.058008 0.077344
0 0.697593 0.497343 0.139746 0.140625
0 0.054143 0.503203 0.108287 0.185156
