0 0.065881 0.473228 0.129578 0.343221
0 0.142956 0.417065 0.127538 0.156009
0 0.21199 0.406664 0.087755 0.122727
0 0.269323 0.396264 0.085415 0.097766
0 0.322562 0.383783 0.046803 0.068644
0 0.348303 0.372342 0.042123 0.079045
0 0.412072 0.352581 0.043293 0.043683
0 0.516793 0.349461 0.023401 0.058243
0 0.527909 0.324499 0.015211 0.033282
0 0.548385 0.32762 0.025742 0.039522
0 0.570616 0.34114 0.028082 0.066564
0 0.586412 0.3401 0.026912 0.068644
0 0.628535 0.343221 0.066694 0.104006
0 0.688793 0.348421 0.119347 0.16849
0 0.839148 0.359862 0.267946 0.278737
0 0.928658 0.474268 0.140408 0.34114
0 0.484031 0.354661 0.056163 0.089445
0 0.441909 0.347381 0.018721 0.033282
