0 0.385049 0.61088 0.089682 0.140372
0 0.565389 0.616945 0.081884 0.117843
0 0.430865 0.59355 0.017547 0.029461
0 0.439638 0.590084 0.009748 0.012131
0 0.449386 0.59095 0.007798 0.010398
0 0.755963 0.613479 0.051665 0.041592
0 0.970421 0.623011 0.057514 0.071053
0 0.941664 0.614346 0.093582 0.071053
0 0.87684 0.615212 0.049715 0.055456
0 0.829074 0.616945 0.051665 0.048524
0 0.81104 0.597882 0.035093 0.038126
0 0.734518 0.607414 0.030219 0.029461
0 0.717946 0.602215 0.018521 0.025995
0 0.682853 0.598749 0.045816 0.029461
0 0.656046 0.604814 0.017547 0.020796
2 0.651172 0.581419 0.04874 0.039859
