0 0.138609 0.669668 0.071191 0.069726
0 0.049118 0.679158 0.068609 0.049897
0 0.406195 0.648665 0.056134 0.074846
0 0.191403 0.663218 0.010135 0.048511
0 0.251436 0.663218 0.017932 0.018018
0 0.219182 0.660446 0.03722 0.040195
0 0.271706 0.661139 0.019491 0.024949
2 0.301723 0.640349 0.038982 0.058214
0 0.353179 0.647279 0.014034 0.027721
0 0.371501 0.647279 0.010135 0.019405
0 0.436212 0.6452 0.008576 0.023563
2 0.441669 0.635498 0.011695 0.023563
0 0.454533 0.643121 0.014034 0.022177
0 0.476363 0.641042 0.02183 0.023563
0 0.512227 0.643121 0.023389 0.030493
2 0.507939 0.599461 0.038203 0.070688
0 0.537176 0.643121 0.023389 0.022177
0 0.934405 0.77618 0.130201 0.288296
0 0.475974 0.62233 0.016373 0.016632
0 0.444398 0.618172 0.006237 0.011088
0 0.451805 0.616093 0.007017 0.009702
