5 0.403868 0.513936 0.022956 0.083253
5 0.470351 0.527267 0.017446 0.08815
5 0.678238 0.582769 0.04132 0.173035
2 0.167118 0.4574 0.012855 0.026119
0 0.165281 0.462297 0.014692 0.019589
0 0.151049 0.471493 0.019283 0.027751
0 0.121665 0.474758 0.010101 0.024486
0 0.110647 0.47231 0.019283 0.026119
0 0.081722 0.480744 0.011019 0.027751
0 0.069326 0.477479 0.022956 0.027751
0 0.033974 0.482376 0.042239 0.024486
0 0.037188 0.48809 0.035811 0.042443
0 0.179514 0.46442 0.011937 0.024486
0 0.190532 0.487273 0.013773 0.027751
0 0.199715 0.484825 0.022956 0.055502
0 0.241494 0.556651 0.130388 0.199154
0 0.501965 0.50659 0.051421 0.071826
0 0.550172 0.487817 0.050503 0.037545
0 0.543285 0.519649 0.078968 0.08815
5 0.534701 0.512302 0.030302 0.120798
0 0.014149 0.475573 0.028298 0.063664
